0.91504002 -0.70546699 -4.47786283 54 56 44 0.000000 0.166642 0.967559 -0.189895
0.68748498 -0.52413398 -4.47359705 131 120 36 0.000000 -0.251834 -0.673140 -0.695314
0.77992898 -0.64075601 -4.28159809 51 53 47 0.000000 -0.413320 0.864769 -0.285206
0.71379602 -0.45302400 -4.62577391 51 54 43 0.000000 -0.117990 0.992236 0.039330
0.81832898 -0.59595603 -4.42453098 154 158 50 0.000000 -0.674220 -0.680626 -0.286664
0.65406299 -0.63293397 -4.37261915 150 159 117 0.000000 -0.680626 -0.674220 -0.286664
0.91575098 -0.66635603 -4.61724091 59 63 46 0.000000 0.999211 0.023668 -0.031901
0.79557401 -0.53195697 -4.51270819 145 145 41 0.000000 -0.481759 -0.666405 -0.569046
0.84748501 -0.67631203 -4.35910797 80 84 42 0.000000 0.792601 0.570981 -0.213925
0.87166202 -0.60875601 -4.52764082 156 164 101 0.000000 0.831183 0.325245 0.450944
0.67184103 -0.46155700 -4.54399681 95 94 68 0.000000 0.663681 0.744653 -0.070850
0.74081802 -0.60448998 -4.35910797 113 120 45 0.000000 0.054689 0.539877 0.839965
0.69246298 -0.63791198 -4.29297495 99 97 69 0.000000 0.245384 -0.953379 -0.175658
0.79486299 -0.47791201 -4.61724091 139 143 45 0.000000 -0.348852 -0.825563 -0.443563
0.74224102 -0.56893402 -4.43661880 122 124 39 0.000000 0.174097 -0.876335 -0.449140
0.86028498 -0.65782303 -4.44088602 161 155 111 0.000000 0.803245 0.356111 0.477476
0.74295199 -0.48715699 -4.54684114 137 136 40 0.000000 -0.300835 -0.881342 -0.364328
0.90366203 -0.67702299 -4.54541922 140 130 69 0.000000 0.940268 0.189158 0.283047
0.65761900 -0.60093403 -4.43661880 118 125 88 0.000000 0.960106 -0.244938 -0.134913
0.89015102 -0.59666800 -4.59946299 147 160 91 0.000000 0.865532 0.333607 0.373578
0.80908501 -0.61800098 -4.34915304 151 151 51 0.000000 -0.570882 -0.718949 -0.396492
0.84179598 -0.55400097 -4.54257393 174 168 79 0.000000 -0.696713 -0.664827 -0.269438
0.83752900 -0.58457899 -4.47857523 163 170 58 0.000000 -0.832979 -0.524911 -0.174970
0.74437398 -0.53480101 -4.48497391 142 137 39 0.000000 -0.444722 -0.474261 -0.759802
0.80766302 -0.50991201 -4.57101917 140 148 40 0.000000 -0.544118 -0.795008 -0.268139
0.88161802 -0.65640098 -4.49208498 153 153 102 0.000000 0.882181 0.325333 0.340464
0.86099601 -0.70262301 -4.40888596 78 80 69 0.000000 0.624924 0.409433 0.664707
0.67397398 -0.51417899 -4.52550793 184 181 166 0.000000 0.698427 0.572346 -0.429674
0.69744098 -0.59808999 -4.40035200 112 114 44 0.000000 0.189213 -0.721471 -0.666092
0.83468503 -0.63720101 -4.39466381 142 139 82 0.000000 0.783774 0.552601 0.283426
0.77637398 -0.58884501 -4.39466381 123 128 42 0.000000 -0.181425 -0.909982 -0.372850
0.73655200 -0.62653399 -4.31288624 112 113 48 0.000000 -0.022688 0.892858 0.449766
0.78917402 -0.55471200 -4.47004080 139 147 91 0.000000 -0.046978 0.656264 0.753067
0.82686299 -0.64573401 -4.31359720 66 71 58 0.000000 0.071917 0.942772 -0.325590
0.65761900 -0.65426701 -4.32213116 109 110 44 0.000000 -0.111320 0.889150 0.443870
0.68606299 -0.56111199 -4.44372988 131 129 38 0.000000 -0.126435 -0.515913 -0.847259
0.64624101 -0.54120100 -4.45866299 135 137 106 0.000000 0.529919 0.379911 0.758191
0.71450698 -0.50208998 -4.50559711 135 132 39 0.000000 -0.070327 -0.793693 -0.604240
0.69601899 -0.61657900 -4.35768604 127 128 44 0.000000 -0.347565 0.846313 0.403674
0.76570702 -0.46440101 -4.65066290 65 66 53 0.000000 -0.102712 -0.940416 -0.324143
0.74864101 -0.46653500 -4.59875202 131 130 39 0.000000 -0.228493 -0.918283 -0.323339
0.69033003 -0.46937901 -4.58524084 85 84 24 0.000000 -0.141839 0.969872 -0.198064
0.73513001 -0.64288998 -4.27093077 89 91 79 0.000000 -0.437776 0.896137 -0.072734
0.65335202 -0.49924600 -4.48781919 155 157 142 0.000000 0.452935 0.650154 0.610041
0.90152901 -0.63933402 -4.58666277 143 137 82 0.000000 0.879286 0.285052 0.381577
0.86952901 -0.57320100 -4.56888485 174 162 95 0.000000 0.524360 0.331934 0.784134
0.77992898 -0.61800098 -4.31857491 141 135 53 0.000000 0.133969 -0.953703 -0.269265
0.85530698 -0.62866700 -4.47075176 165 159 118 0.000000 0.877161 0.450986 0.164924
0.91788501 -0.69337797 -4.58524084 44 40 20 0.000000 0.861665 0.507260 -0.014880
0.83112901 -0.49782300 -4.61439705 124 132 32 0.000000 -0.270970 -0.762204 -0.587895
0.88304001 -0.70902300 -4.45297480 139 137 114 0.000000 0.904826 0.207024 0.372064
0.90864003 -0.71186697 -4.52621889 42 42 21 0.000000 0.814592 0.577415 -0.055059
0.75646299 -0.50991201 -4.51697397 133 132 40 0.000000 -0.450958 -0.837939 -0.307400
0.73584098 -0.59169000 -4.39821911 115 117 50 0.000000 0.213580 -0.915955 -0.339720
0.89157301 -0.63862300 -4.54115200 164 158 110 0.000000 0.901412 0.372545 0.220605
0.77921802 -0.57889003 -4.43661880 135 127 55 0.000000 -0.658429 0.523712 -0.540552
0.89797300 -0.56040102 -4.60728502 149 166 114 0.000000 0.632800 -0.085828 0.769543
0.83824003 -0.53124601 -4.57386303 120 139 25 0.000000 -0.692377 -0.643732 -0.325920
0.77708501 -0.50208998 -4.54613018 137 137 38 0.000000 -0.493524 -0.737810 -0.460512
0.70526302 -0.47364599 -4.54257393 140 134 43 0.000000 -0.418889 -0.869534 -0.261616
0.72375202 -0.46937901 -4.57315207 133 129 43 0.000000 -0.278596 -0.851181 -0.444831
0.71592999 -0.55044597 -4.45937395 135 137 42 0.000000 -0.314862 -0.608734 -0.728220
0.90721798 -0.61657900 -4.62293005 79 88 59 0.000000 0.997737 0.039483 -0.054422
0.85032898 -0.66635603 -4.40604210 149 144 84 0.000000 0.947717 0.277150 0.158178
0.83112901 -0.64217901 -4.36052990 160 170 132 0.000000 0.787063 0.470298 -0.399188
0.82330698 -0.56182301 -4.49990797 149 155 43 0.000000 -0.556347 -0.754231 -0.348731
0.80624002 -0.60448998 -4.38897514 146 147 45 0.000000 -0.347704 -0.817659 -0.458842
0.77495199 -0.48289001 -4.58524084 135 129 33 0.000000 -0.366023 -0.700860 -0.612227
0.85743999 -0.60733402 -4.49706411 152 149 91 0.000000 0.800334 0.476351 0.364080
0.89868498 -0.68911201 -4.50346279 143 139 78 0.000000 0.952479 0.294167 0.079049
0.77424097 -0.60093403 -4.35981894 124 124 40 0.000000 -0.174329 -0.940279 -0.292379
0.65050799 -0.63222301 -4.40604210 44 45 28 0.000000 0.512135 0.663257 0.545718
0.83824003 -0.61515599 -4.44515181 169 182 148 0.000000 0.808823 0.577731 0.109696
0.69886303 -0.63506699 -4.32568598 130 139 60 0.000000 -0.906517 0.380708 0.182453
0.67966300 -0.48857901 -4.50417519 154 144 47 0.000000 -0.412277 -0.594407 -0.690440
0.80766302 -0.57533401 -4.45368624 143 151 42 0.000000 -0.490670 -0.808255 -0.325525
0.71024102 -0.57817900 -4.43164206 113 109 47 0.000000 0.046544 0.805352 0.590967
0.81192899 -0.52768999 -4.53973007 140 140 35 0.000000 -0.467519 -0.618332 -0.631737
0.88944000 -0.61586797 -4.56959581 144 151 85 0.000000 0.903463 0.380177 0.198039
0.87806201 -0.67915601 -4.45937395 150 135 74 0.000000 0.846881 0.338440 0.410184
0.84606302 -0.58244503 -4.51057386 163 153 104 0.000000 0.815377 0.490488 0.307541
0.77424097 -0.54120100 -4.49350786 139 134 39 0.000000 -0.286224 -0.818008 -0.498938
0.75575203 -0.60448998 -4.32995319 128 129 46 0.000000 0.421398 -0.641258 -0.641258
0.68179601 -0.58884501 -4.42310810 110 108 36 0.000000 0.190700 0.892359 0.409059
0.74864101 -0.55257899 -4.46293020 131 136 42 0.000000 0.001300 -0.903843 -0.427862
0.87023997 -0.69195598 -4.43377495 153 150 91 0.000000 0.880283 0.205646 0.427566
0.75361800 -0.63648999 -4.29155302 142 141 70 0.000000 0.111161 0.718839 0.686232
0.86099601 -0.58457899 -4.53759718 156 165 108 0.000000 0.737313 0.588230 0.332196
0.80979598 -0.49711201 -4.59590816 133 131 33 0.000000 -0.371138 -0.798508 -0.473964
0.71450698 -0.61231202 -4.32995319 163 174 118 0.000000 -0.364613 -0.791869 -0.489899
0.84108502 -0.63293397 -4.42381907 164 173 129 0.000000 0.770919 0.636114 0.032297
0.65121901 -0.63933402 -4.34559679 89 90 79 0.000000 0.212576 -0.973373 -0.085776
0.74081802 -0.46155700 -4.62506294 128 119 40 0.000000 -0.214315 -0.952963 0.214315
0.87237400 -0.63151199 -4.50061893 150 147 88 0.000000 0.817280 0.357064 0.452281
0.91290700 -0.69906700 -4.55892992 116 112 78 0.000000 0.893974 0.237901 0.379754
0.71450698 -0.52768999 -4.47572994 135 129 35 0.000000 -0.126035 -0.603486 -0.787350
0.82188499 -0.54262298 -4.51910782 127 123 68 0.000000 0.276063 0.864793 0.419432
0.90223998 -0.65426701 -4.56035185 139 132 73 0.000000 0.872455 0.412791 0.261585
0.80410701 -0.63648999 -4.32426405 150 151 109 0.000000 0.000978 0.999999 0.000978
0.87521797 -0.55400097 -4.59021902 204 218 192 0.000000 0.474747 -0.284848 0.832753
0.85246301 -0.68769002 -4.38257504 48 46 13 0.000000 0.610975 0.785956 -0.094781
0.71237397 -0.60235602 -4.37261915 127 126 66 0.000000 0.260473 -0.912383 -0.315769
0.67539603 -0.48573500 -4.53475189 176 173 158 0.000000 0.982754 0.158353 0.095495
0.80624002 -0.64288998 -4.29795313 100 103 69 0.000000 -0.334572 0.928748 -0.159650
0.83041799 -0.59097898 -4.45439720 152 157 47 0.000000 -0.643220 -0.659755 -0.388577
0.66046298 -0.56537902 -4.44515181 118 121 73 0.000000 0.119285 0.596423 0.793758
0.64979601 -0.51986802 -4.47288609 154 155 123 0.000000 0.126464 0.626370 0.769200
0.73157400 -0.49568999 -4.52550793 131 125 30 0.000000 -0.199511 -0.697515 -0.688236
0.76072901 -0.58529001 -4.41457510 115 120 30 0.000000 -0.646462 -0.704211 -0.293555
0.67966300 -0.61942297 -4.37688589 100 103 20 0.000000 -0.429324 0.772131 0.468502
0.72375202 -0.46226799 -4.59733009 126 126 43 0.000000 0.024640 -0.924666 -0.379982
0.75930703 -0.60022300 -4.38044214 98 103 53 0.000000 0.331609 0.845369 0.418792
0.87592900 -0.60164499 -4.55110788 134 146 72 0.000000 0.832994 0.414135 0.366895
0.89370698 -0.66706699 -4.51341915 147 144 80 0.000000 0.940777 0.269386 0.205838
0.70028502 -0.46226799 -4.60657406 67 66 38 0.000000 -0.346980 0.934587 -0.078436
0.76499599 -0.46582401 -4.62577391 125 123 41 0.000000 0.024674 -0.996623 -0.078314
0.72090697 -0.63577902 -4.29653120 102 107 33 0.000000 -0.261450 0.827667 0.496600
0.67041898 -0.54191202 -4.45510817 144 141 50 0.000000 0.283906 -0.506639 -0.814073
0.80410701 -0.54902297 -4.49208498 150 153 112 0.000000 0.507599 0.632390 0.585172
0.83255100 -0.51133502 -4.58666277 140 145 103 0.000000 0.087055 -0.047385 0.995076
0.90508503 -0.58457899 -4.61439705 52 58 34 0.000000 0.625979 -0.212802 0.750243
0.76997399 -0.56395698 -4.45297480 131 136 53 0.000000 -0.198073 -0.919118 -0.340572
0.91006202 -0.66351199 -4.58097410 138 130 72 0.000000 0.955176 0.277561 0.102945
0.84677398 -0.52626801 -4.60159588 105 114 17 0.000000 -0.831397 -0.427530 -0.354961
0.75930703 -0.48502299 -4.56746292 135 138 40 0.000000 -0.338406 -0.885873 -0.317350
0.65833002 -0.47933501 -4.50915194 112 113 95 0.000000 0.229112 0.609408 0.759032
0.68677402 -0.47009000 -4.56177378 95 93 33 0.000000 0.831854 0.545407 0.102716
0.77921802 -0.51702303 -4.52124119 137 137 37 0.000000 -0.459388 -0.846564 -0.268872
0.70241898 -0.48431200 -4.52195215 141 133 35 0.000000 -0.385871 -0.766858 -0.512867
0.65833002 -0.61302298 -4.41670799 116 119 31 0.000000 -0.680943 0.269507 0.680943
0.71308500 -0.65000099 -4.26879692 88 90 81 0.000000 -0.325333 0.882181 -0.340464
0.68890703 -0.50706798 -4.48924112 138 130 40 0.000000 -0.182489 -0.667081 -0.722288
0.66828501 -0.63293397 -4.33137512 136 142 92 0.000000 0.293908 -0.815712 -0.498229
0.79628497 -0.60448998 -4.36835289 146 148 50 0.000000 -0.508746 -0.803533 -0.309051
0.78632897 -0.49924600 -4.56675196 137 144 40 0.000000 -0.492717 -0.849150 -0.190198
0.85815102 -0.54191202 -4.57386303 186 137 122 0.000000 0.773639 0.116859 0.622757
0.73939598 -0.61586797 -4.33990812 117 122 40 0.000000 -0.110586 0.958847 0.261504
0.79343998 -0.58884501 -4.40888596 138 147 42 0.000000 -0.568606 -0.774507 -0.277175
0.85104001 -0.63791198 -4.44301891 145 140 78 0.000000 0.872220 0.435362 0.222917
0.65761900 -0.64502299 -4.30221891 124 128 89 0.000000 0.893394 -0.317684 0.317684
0.83966303 -0.53408998 -4.55110788 131 108 66 0.000000 0.427365 0.808313 0.404957
0.71735197 -0.61444497 -4.35413122 102 104 36 0.000000 -0.229763 0.957569 0.173983
0.84392899 -0.66777802 -4.38541889 144 146 85 0.000000 0.945969 0.229284 0.229284
0.91077298 -0.64573401 -4.60515213 140 142 77 0.000000 0.855991 0.277163 0.436417
0.82757401 -0.61800098 -4.41599703 168 180 150 0.000000 0.499367 0.806913 0.315473
0.76570702 -0.52413398 -4.50346279 133 130 32 0.000000 -0.324331 -0.576050 -0.750317
0.67966300 -0.62937897 -4.35270786 115 117 31 0.000000 -0.593290 0.695752 0.404891
0.67752999 -0.60306799 -4.40604210 127 121 35 0.000000 -0.474536 0.642217 0.601974
0.89228499 -0.69266701 -4.48355198 165 159 108 0.000000 0.791487 0.428924 0.435399
0.82188499 -0.63222301 -4.33492994 154 153 51 0.000000 -0.688630 -0.662947 -0.293751
0.82259601 -0.56964499 -4.47857523 142 148 41 0.000000 -0.490302 -0.759230 -0.427989
0.76712900 -0.55186802 -4.47288609 129 135 36 0.000000 -0.286388 -0.731168 -0.619173
0.91432899 -0.67844498 -4.60017395 144 141 93 0.000000 0.998341 0.015681 0.055405
0.88090700 -0.58955699 -4.57528496 147 137 83 0.000000 0.857181 0.406196 0.316616
0.77139598 -0.47080100 -4.60657406 134 134 43 0.000000 -0.222405 -0.916883 -0.331455
0.66686302 -0.53480101 -4.47430801 150 145 114 0.000000 0.261745 0.030721 0.964648
0.81832898 -0.62084502 -4.39324093 151 157 103 0.000000 -0.175433 0.372261 0.911397
0.65050799 -0.64502299 -4.38968611 63 66 50 0.000000 -0.188934 0.625173 0.757273
0.79415202 -0.51346803 -4.54328489 138 143 39 0.000000 -0.364080 -0.800334 -0.476351
0.88232899 -0.63933402 -4.51697397 154 151 89 0.000000 0.900379 0.387120 0.198634
0.89797300 -0.66137803 -4.53332996 141 133 70 0.000000 0.947991 0.157774 0.276441
0.90223998 -0.69266701 -4.52977419 129 124 60 0.000000 0.935570 0.253880 0.245464
0.75575203 -0.62582302 -4.31999683 133 136 91 0.000000 0.284024 0.775910 0.563288
0.77139598 -0.63577902 -4.30150795 135 134 84 0.000000 0.496740 0.853449 0.157719
0.67681903 -0.47009000 -4.52195215 146 138 42 0.000000 -0.443184 -0.627147 -0.640526
0.91148502 -0.68128997 -4.57030821 145 131 75 0.000000 0.940279 0.292379 0.174329
0.79486299 -0.47151199 -4.63644123 142 148 50 0.000000 -0.460770 -0.880424 -0.112002
0.74081802 -0.47080100 -4.64284086 66 69 38 0.000000 -0.087587 0.989149 -0.117950
0.88659602 -0.53906798 -4.60373020 154 143 108 0.000000 0.405351 0.888825 -0.213731
0.68606299 -0.64217901 -4.31217480 98 110 33 0.000000 -0.560268 0.791242 0.245020
0.83966303 -0.65995598 -4.36764097 139 140 75 0.000000 0.936644 0.316786 0.149479
0.85957402 -0.67915601 -4.41812992 154 150 86 0.000000 0.876610 0.238258 0.418076
0.89512902 -0.70546699 -4.46861887 176 176 142 0.000000 0.685279 0.669230 0.287271
0.83112901 -0.64857900 -4.34133101 147 151 102 0.000000 0.386174 0.916649 -0.103071
0.67041898 -0.50777900 -4.48213005 138 131 51 0.000000 0.465780 -0.783873 -0.410600
0.86739600 -0.64288998 -4.47715187 138 133 76 0.000000 0.806913 0.499367 0.315473
0.91930699 -0.64644498 -4.62293005 38 41 27 0.000000 0.798937 0.451713 0.397057
0.73939598 -0.57817900 -4.41955185 122 124 46 0.000000 -0.070471 -0.783814 -0.616984
0.74721801 -0.61088997 -4.39110804 94 104 50 0.000000 -0.881140 0.318903 -0.349131
0.87735099 -0.66706699 -4.47430801 152 139 83 0.000000 0.838741 0.481699 0.253931
0.74508500 -0.51986802 -4.49706411 136 133 36 0.000000 -0.286171 -0.539139 -0.792108
0.72019601 -0.47577900 -4.55537415 131 127 37 0.000000 -0.175658 -0.953379 -0.245384
0.71521801 -0.60448998 -4.39893103 98 98 36 0.000000 -0.849783 0.499785 0.167584
0.65619600 -0.61800098 -4.38399696 140 150 83 0.000000 0.903392 -0.143238 -0.404186
0.66330802 -0.65355599 -4.34844208 106 110 27 0.000000 0.782218 0.269133 -0.561875
0.74366301 -0.47577900 -4.57244110 135 131 36 0.000000 -0.371138 -0.798508 -0.473964
0.69673002 -0.49640101 -4.50773001 149 139 49 0.000000 -0.307541 -0.815377 -0.490488
0.65121901 -0.58031201 -4.43875313 93 93 53 0.000000 0.427310 0.523000 0.737480
0.79699600 -0.61800098 -4.33492994 149 144 52 0.000000 -0.419669 -0.873935 -0.245183
0.84535098 -0.64857900 -4.40817499 150 148 88 0.000000 0.871417 0.410703 0.268245
0.83681798 -0.65782303 -4.32355309 92 93 85 0.000000 0.721813 0.690492 -0.046982
0.73868501 -0.50706798 -4.51270819 133 132 38 0.000000 -0.299982 -0.792017 -0.531715
0.86028498 -0.64146698 -4.45866299 149 141 82 0.000000 0.720987 0.435907 0.538668
0.80908501 -0.51631200 -4.55395222 139 146 38 0.000000 -0.530824 -0.785874 -0.317219
0.84321803 -0.61088997 -4.46221924 160 167 118 0.000000 0.641258 0.641258 0.421398
0.75575203 -0.61373401 -4.34773111 140 142 72 0.000000 0.323395 0.885953 0.332420
0.82330698 -0.51915699 -4.57244110 134 148 38 0.000000 -0.532838 -0.787328 -0.310159
0.84961802 -0.54902297 -4.55821896 99 80 58 0.000000 0.910686 0.086276 0.403989
0.64268500 -0.56182301 -4.44372988 65 68 54 0.000000 0.561939 0.481422 0.672649
0.88304001 -0.56964499 -4.59519577 203 217 181 0.000000 0.600281 -0.405148 0.689578
0.69886303 -0.58529001 -4.41812992 125 125 49 0.000000 0.293143 -0.784357 -0.546673
0.72873002 -0.55969000 -4.45084095 120 123 38 0.000000 0.174468 -0.781313 -0.599259
0.70668501 -0.64857900 -4.29084206 125 132 50 0.000000 -0.388711 0.807816 0.443099
0.76001799 -0.49213499 -4.55110788 137 137 39 0.000000 -0.349264 -0.863160 -0.364650
0.71166301 -0.51489002 -4.48781919 139 128 39 0.000000 -0.397431 -0.717354 -0.572234
0.89370698 -0.67204499 -4.49635220 141 137 71 0.000000 -0.111351 0.530727 -0.840197
0.79415202 -0.62582302 -4.31146383 150 145 55 0.000000 -0.395443 -0.766476 -0.506102
0.81121802 -0.58600098 -4.43732977 149 154 48 0.000000 -0.657173 -0.751669 -0.055838
0.84890699 -0.49568999 -4.61581802 130 140 75 0.000000 -0.571092 0.467257 0.674926
0.88517302 -0.61729002 -4.55252981 175 164 112 0.000000 0.735482 0.555297 0.388216
0.79343998 -0.60946798 -4.34986401 144 139 49 0.000000 -0.316292 -0.920253 -0.230421
0.75930703 -0.47506800 -4.58381891 138 137 40 0.000000 -0.339398 -0.801489 -0.492366
0.77708501 -0.59453398 -4.37830782 129 132 43 0.000000 -0.206542 -0.931545 -0.299275
0.71237397 -0.62653399 -4.31928587 125 131 39 0.000000 -0.204994 0.778362 0.593405
0.85530698 -0.65853399 -4.42453098 155 151 98 0.000000 0.832946 0.468630 0.294256
0.89157301 -0.60804498 -4.58452988 140 144 75 0.000000 0.887302 0.386237 0.252024
0.87095100 -0.58742303 -4.55892992 134 145 69 0.000000 0.814007 0.482082 0.324022
0.85317397 -0.57035702 -4.54257393 164 167 105 0.000000 0.706063 0.380188 0.597438
0.79343998 -0.56608999 -4.45368624 181 156 106 0.000000 0.286561 0.696391 0.657969
0.70241898 -0.54048997 -4.46150780 152 150 69 0.000000 0.192112 -0.748467 -0.634737
0.80695200 -0.56040102 -4.47999716 157 153 63 0.000000 -0.221545 -0.785478 -0.577877
0.85601801 -0.59737903 -4.51057386 154 160 101 0.000000 0.785251 0.461436 0.412864
0.67681903 -0.58529001 -4.43875313 137 137 97 0.000000 0.516025 0.703063 0.489305
0.84250700 -0.60093403 -4.47572994 132 130 60 0.000000 0.831657 0.466539 0.301144
0.79201800 -0.59595603 -4.38968611 141 145 48 0.000000 -0.317684 -0.893394 -0.317684
0.80979598 -0.48502299 -4.61581802 139 146 41 0.000000 -0.442989 -0.769917 -0.459335
0.72588497 -0.54262298 -4.47004080 133 125 32 0.000000 -0.362900 -0.561437 -0.743701
0.79059601 -0.64004499 -4.30221891 152 155 113 0.000000 0.143335 0.958637 0.245906
0.90223998 -0.61586797 -4.60728502 144 156 87 0.000000 0.861010 0.420565 0.285984
0.82970703 -0.63791198 -4.37901878 147 145 84 0.000000 0.830240 0.442690 0.338713
0.64979601 -0.64857900 -4.35910797 51 53 31 0.000000 0.198418 0.977483 0.071820
0.70241898 -0.61942297 -4.33848619 121 130 62 0.000000 0.055990 -0.938812 -0.339848
0.75859600 -0.56964499 -4.43590784 125 128 39 0.000000 -0.277868 -0.852026 -0.443668
0.86597401 -0.55826801 -4.57457399 188 164 126 0.000000 0.618078 0.268522 0.738834
0.68677402 -0.53835702 -4.45724201 131 131 36 0.000000 -0.120458 -0.523920 -0.843207
0.73015201 -0.52484602 -4.47928619 153 146 99 0.000000 0.141517 0.932915 0.331123
0.88232899 -0.62724501 -4.53404093 144 151 77 0.000000 0.850698 0.371694 0.371694
0.69886303 -0.60875601 -4.37901878 116 118 32 0.000000 -0.308058 0.888110 0.341118
0.91290700 -0.63151199 -4.62008476 112 122 85 0.000000 0.785194 0.602730 0.142083
0.71592999 -0.49497899 -4.52124119 134 127 30 0.000000 -0.429674 -0.572346 -0.698427
0.75575203 -0.64217901 -4.27661896 118 122 97 0.000000 0.173897 0.982218 0.070758
0.70881897 -0.46724600 -4.56746292 128 120 43 0.000000 -0.151001 -0.887313 -0.435747
0.70455199 -0.63933402 -4.27804184 90 90 69 0.000000 0.205602 -0.977512 -0.046892
0.71664101 -0.62653399 -4.33777523 89 96 23 0.000000 0.664225 -0.627784 0.405823
0.75432903 -0.56111199 -4.45084095 127 127 38 0.000000 -0.117811 -0.839221 -0.530876
0.75930703 -0.59808999 -4.36479712 123 134 42 0.000000 -0.292895 -0.924404 -0.244317
0.73726302 -0.60093403 -4.38399696 108 119 53 0.000000 -0.262596 0.953077 0.150626
0.89868498 -0.64004499 -4.56604099 139 138 68 0.000000 0.931830 0.260800 0.252341
0.74650699 -0.49782300 -4.52977419 136 132 33 0.000000 -0.333311 -0.674752 -0.658493
0.85104001 -0.68128997 -4.39679718 138 134 74 0.000000 0.950171 0.182465 0.252748
0.67681903 -0.57320100 -4.44870806 161 161 125 0.000000 0.476193 0.260442 0.839887
0.84677398 -0.62511200 -4.45368624 142 144 78 0.000000 0.747382 0.507563 0.428718
0.71237397 -0.47009000 -4.58381891 106 105 53 0.000000 0.077817 0.940398 0.331052
0.66259599 -0.62297899 -4.40319681 99 100 25 0.000000 -0.655403 0.095305 0.749242
0.86739600 -0.67702299 -4.43661880 159 153 99 0.000000 0.852799 0.291463 0.433339
0.73086298 -0.62013400 -4.32568598 118 118 38 0.000000 -0.024570 0.927212 0.373730
0.83895099 -0.50849003 -4.60657406 115 128 26 0.000000 -0.315416 -0.830126 -0.459786
0.73299599 -0.46013501 -4.60941792 136 127 42 0.000000 -0.278728 -0.960332 -0.008520
0.88446200 -0.68057799 -4.47572994 165 156 111 0.000000 0.857174 0.427820 0.286747
0.66615200 -0.48786801 -4.49706411 148 140 45 0.000000 -0.315273 -0.505388 -0.803234
0.66615200 -0.63862300 -4.34844208 159 158 56 0.000000 -0.467216 0.879713 -0.088392
0.77210701 -0.58671200 -4.42453098 114 122 31 0.000000 -0.656911 -0.482183 -0.579627
0.80766302 -0.59453398 -4.41386414 142 147 40 0.000000 -0.452866 -0.794530 -0.404517
0.77992898 -0.52555698 -4.50844097 145 139 38 0.000000 -0.315389 -0.625926 -0.713265
0.81904000 -0.60804498 -4.40106392 160 164 54 0.000000 -0.600599 -0.765959 -0.229320
0.92286199 -0.69551200 -4.56959581 83 84 64 0.000000 0.705838 0.658254 0.261715
0.79272902 -0.54262298 -4.50275183 132 125 25 0.000000 -0.355014 -0.672399 -0.649495
0.81477398 -0.65213400 -4.31928587 156 170 136 0.000000 0.958214 0.118960 0.260143
0.79059601 -0.58102298 -4.42737484 127 130 35 0.000000 -0.174034 -0.901813 -0.395532
0.83895099 -0.65711200 -4.35057497 149 154 99 0.000000 0.781252 0.490102 -0.386582
0.72873002 -0.60377902 -4.35057497 147 149 68 0.000000 -0.922406 0.362027 -0.134546
0.75290698 -0.61871201 -4.33421898 124 126 76 0.000000 0.174808 0.835193 0.521435
0.85815102 -0.61729002 -4.48639679 161 150 108 0.000000 0.650808 0.460083 0.603964
0.76499599 -0.49995700 -4.53830814 137 137 38 0.000000 -0.364659 -0.763353 -0.533213
0.82259601 -0.50635701 -4.59590816 132 142 30 0.000000 -0.535770 -0.663414 -0.522334
0.66544098 -0.62866700 -4.38044214 143 143 48 0.000000 -0.877161 0.450986 0.164924
0.84819603 -0.59666800 -4.49421883 179 158 118 0.000000 0.260655 0.595557 0.759849
0.90295100 -0.69977802 -4.48995209 177 175 126 0.000000 0.451981 0.578736 0.678806
0.66117400 -0.52342302 -4.46506405 144 142 53 0.000000 -0.827205 -0.341911 -0.445903
0.81335199 -0.61800098 -4.36266422 152 152 51 0.000000 -0.500118 -0.856724 0.126117
0.69957399 -0.46795699 -4.55608606 131 122 39 0.000000 -0.373094 -0.856104 -0.357613
0.66188502 -0.59666800 -4.42381907 100 98 25 0.000000 -0.627411 0.427705 0.650710
0.89726198 -0.60093403 -4.61084080 154 172 110 0.000000 0.830102 0.268426 0.488752
0.86810702 -0.61942297 -4.50630808 153 156 90 0.000000 0.824127 0.458549 0.332487
0.73086298 -0.46653500 -4.63359594 56 53 23 0.000000 0.745711 0.594965 -0.299888
0.81690699 -0.55044597 -4.50488615 175 133 101 0.000000 0.503001 0.725450 0.469800
0.83112901 -0.54617900 -4.53830814 128 134 32 0.000000 -0.639711 -0.633030 -0.435939
0.66401899 -0.46013501 -4.53261900 43 45 41 0.000000 0.322619 0.823073 0.467405
0.85459602 -0.53622299 -4.60728502 98 105 7 0.000000 -0.772798 -0.608179 -0.181387
0.71379602 -0.61515599 -4.36764097 139 132 45 0.000000 0.903908 0.339517 0.260149
0.72588497 -0.60875601 -4.36337519 111 119 54 0.000000 -0.381539 0.899028 0.214890
0.72517401 -0.60306799 -4.37759686 123 127 45 0.000000 0.046630 0.979237 0.197282
0.67539603 -0.49782300 -4.49492979 143 134 39 0.000000 -0.231267 -0.563424 -0.793139
0.87521797 -0.54120100 -4.58524084 193 216 191 0.000000 0.805674 -0.291682 0.515568
0.80624002 -0.47720101 -4.62790680 131 135 40 0.000000 -0.235667 -0.938485 -0.252401
0.66117400 -0.64360100 -4.36479712 92 96 20 0.000000 -0.799155 0.601086 0.006877
0.68748498 -0.63009000 -4.31999683 145 153 89 0.000000 0.182201 -0.860641 -0.475500
0.81975102 -0.58102298 -4.45653009 143 145 39 0.000000 -0.586257 -0.701856 -0.404600
0.88446200 -0.55897897 -4.60799599 38 41 24 0.000000 0.393979 0.907987 -0.142623
0.66615200 -0.64004499 -4.31146383 143 160 94 0.000000 0.381234 -0.839343 -0.387510
0.84321803 -0.51915699 -4.58879709 131 136 99 0.000000 0.515649 0.426687 0.742996
0.66899598 -0.65426701 -4.33635283 92 104 31 0.000000 0.372545 -0.220605 -0.901412
0.89157301 -0.62866700 -4.55537415 155 144 91 0.000000 0.890752 0.270061 0.365552
0.65477401 -0.55684501 -4.45368624 146 148 107 0.000000 0.244675 0.658254 0.711924
0.82686299 -0.57817900 -4.46932983 152 159 48 0.000000 -0.545777 -0.730451 -0.410570
0.73939598 -0.63222301 -4.30150795 126 130 79 0.000000 -0.048349 0.860606 0.506970
0.87948501 -0.61586797 -4.53973007 138 147 73 0.000000 0.876528 0.332686 0.347877
0.77495199 -0.54902297 -4.48284101 134 140 40 0.000000 -0.143232 -0.872413 -0.467312
0.78277397 -0.49284601 -4.57741880 135 135 33 0.000000 -0.398586 -0.833408 -0.382832
0.79059601 -0.52129000 -4.52550793 140 142 39 0.000000 -0.474560 -0.854207 -0.212422
0.75219601 -0.57462299 -4.42595196 122 126 40 0.000000 -0.014680 -0.884794 -0.465751
0.67113000 -0.51204598 -4.49421883 149 148 122 0.000000 0.467082 0.719739 0.513624
0.70099598 -0.50706798 -4.49350786 138 132 41 0.000000 -0.198123 -0.781739 -0.591296
0.73584098 -0.60591203 -4.37119722 103 111 52 0.000000 -0.585743 0.791586 -0.174058
0.87095100 -0.66991198 -4.45439720 154 147 93 0.000000 0.886973 0.301661 0.349686
0.70241898 -0.52911198 -4.47217512 129 121 32 0.000000 -0.184160 -0.589007 -0.786865
0.71024102 -0.45728999 -4.61439705 105 105 74 0.000000 -0.341118 -0.888110 0.308058
0.73584098 -0.47933501 -4.56319714 131 122 35 0.000000 -0.324199 -0.891920 -0.315235
0.74081802 -0.54760098 -4.47146416 122 117 33 0.000000 0.191778 -0.826006 -0.530033
0.86383998 -0.63222301 -4.48284101 144 134 79 0.000000 0.798508 0.473964 0.371138
0.90650702 -0.67488998 -4.55750799 140 127 68 0.000000 0.939302 0.165921 0.300302
0.74650699 -0.46937901 -4.58666277 132 129 39 0.000000 -0.283467 -0.838009 -0.466249
0.64979601 -0.61231202 -4.42595196 83 86 33 0.000000 -0.595277 0.524450 0.608767
0.72446299 -0.49995700 -4.51341915 134 134 39 0.000000 -0.198574 -0.823095 -0.532056
0.86597401 -0.65426701 -4.45155191 149 139 74 0.000000 0.886135 0.286382 0.364350
0.67539603 -0.53408998 -4.46364117 135 130 42 0.000000 -0.285378 -0.607425 -0.741346
0.85672897 -0.55826801 -4.56604099 95 89 41 0.000000 0.642171 0.428670 0.635499
0.80979598 -0.63151199 -4.31430912 150 151 58 0.000000 -0.325463 -0.896137 -0.301684
0.73157400 -0.48431200 -4.54257393 135 132 37 0.000000 -0.390312 -0.779004 -0.490724
0.70953000 -0.63151199 -4.29937506 117 126 62 0.000000 0.753390 -0.579901 -0.310030
0.75717402 -0.63293397 -4.30293083 132 130 70 0.000000 0.276601 0.682709 0.676314
0.91290700 -0.67275602 -4.58879709 133 124 65 0.000000 0.975404 0.205413 0.079951
0.75219601 -0.54262298 -4.47928619 130 126 38 0.000000 0.079781 -0.918162 -0.388089
0.74792999 -0.58244503 -4.41172981 126 130 44 0.000000 -0.078950 -0.813900 -0.575616
0.82188499 -0.52911198 -4.54684114 145 154 41 0.000000 -0.594493 -0.621439 -0.510287
0.82686299 -0.55186802 -4.51199722 217 174 150 0.000000 0.539416 0.610436 0.579999
0.84606302 -0.66920102 -4.34915304 100 99 56 0.000000 0.855991 0.436417 -0.277163
0.66686302 -0.62155598 -4.39039707 133 131 36 0.000000 -0.586448 0.705390 0.398124
0.77566302 -0.46937901 -4.62079620 129 124 38 0.000000 -0.293781 -0.941465 -0.165337
0.79059601 -0.64217901 -4.29013109 128 131 109 0.000000 -0.235855 0.971239 0.032657
0.73015201 -0.50920099 -4.50417519 134 129 35 0.000000 -0.291993 -0.761097 -0.579199
0.70597398 -0.61586797 -4.34986401 111 117 43 0.000000 -0.030940 0.997537 0.062946
0.68819600 -0.64786702 -4.29866409 93 95 42 0.000000 0.307982 0.942774 -0.127765
0.86526197 -0.59453398 -4.53190804 155 166 111 0.000000 0.794744 0.517619 0.316942
0.65192997 -0.49000099 -4.49564123 58 59 52 0.000000 0.421249 0.506482 0.752347
0.81975102 -0.63151199 -4.38186407 153 149 94 0.000000 -0.482854 0.861505 0.157038
0.88446200 -0.68911201 -4.46221924 160 149 94 0.000000 0.799967 0.261437 0.540095
0.70881897 -0.59382302 -4.40106392 108 112 36 0.000000 0.158538 -0.765513 -0.623583
0.89655101 -0.64715600 -4.54826307 140 136 73 0.000000 0.867818 0.374983 0.326006
0.81477398 -0.53764600 -4.52764082 148 155 43 0.000000 -0.610684 -0.680192 -0.405467
0.82472903 -0.59169000 -4.44372988 149 146 43 0.000000 -0.564798 -0.731782 -0.381443
0.85459602 -0.53551197 -4.59519577 107 77 28 0.000000 -0.199512 -0.895620 0.397568
0.67468500 -0.47364599 -4.53475189 176 177 160 0.000000 0.848579 0.196750 0.491124
0.81832898 -0.64360100 -4.32710791 157 164 130 0.000000 0.379122 0.885617 0.268233
0.74579602 -0.46369001 -4.61012983 135 127 42 0.000000 -0.276727 -0.921946 -0.270992
0.77139598 -0.60377902 -4.34844208 125 123 40 0.000000 0.023682 -0.953522 -0.300391
0.89655101 -0.66991198 -4.52479601 141 134 72 0.000000 0.962511 0.235744 0.134152
0.78490698 -0.63222301 -4.31573105 137 133 95 0.000000 -0.086217 0.691199 0.717503
0.68961900 -0.63151199 -4.30790901 148 165 90 0.000000 0.516736 -0.801178 0.301824
0.80410701 -0.50066799 -4.58595181 134 127 30 0.000000 -0.516418 -0.722321 -0.459961
0.67468500 -0.59666800 -4.41741896 105 104 37 0.000000 -0.213576 0.675026 0.706205
0.82543999 -0.63364500 -4.34630823 157 154 51 0.000000 -0.720669 -0.688639 -0.080074
0.88588500 -0.60448998 -4.57457399 157 149 98 0.000000 0.897080 0.316879 0.307953
0.77352899 -0.56964499 -4.44159698 129 138 60 0.000000 -0.301154 -0.912190 -0.277876
0.78206301 -0.61515599 -4.32995319 140 136 49 0.000000 -0.228493 -0.918283 -0.323339
0.88588500 -0.59382302 -4.58524084 141 148 74 0.000000 0.868776 0.435141 0.236391
0.67966300 -0.63506699 -4.32853079 122 125 42 0.000000 -0.335188 0.857279 0.390796
0.90437299 -0.65142298 -4.57173014 140 137 76 0.000000 0.923180 0.324744 0.205624
0.69033003 -0.60448998 -4.39324093 102 106 32 0.000000 0.022688 0.892858 0.449766
0.87877399 -0.58031201 -4.58239698 147 151 76 0.000000 0.812992 0.378545 0.442434
0.87521797 -0.69337797 -4.44444084 152 146 85 0.000000 0.838144 0.270120 0.473868
0.81050700 -0.57106799 -4.46435308 138 139 35 0.000000 -0.438536 -0.801573 -0.406409
0.88801801 -0.64929003 -4.51413012 147 141 77 0.000000 0.897999 0.286469 0.333966
0.87237400 -0.64360100 -4.48781919 155 153 101 0.000000 0.819942 0.363185 0.442483
0.89441800 -0.62653399 -4.56888485 152 157 98 0.000000 0.924911 0.371844 0.079201
0.77850699 -0.56182301 -4.46079683 125 128 35 0.000000 -0.324145 -0.753113 -0.572495
0.88872898 -0.54760098 -4.59590816 156 183 126 0.000000 0.570987 -0.238041 0.785691
0.78277397 -0.48075700 -4.59377384 141 143 42 0.000000 -0.405534 -0.840818 -0.358561
0.81832898 -0.61586797 -4.38257504 159 162 54 0.000000 -0.672258 -0.726400 0.142874
0.76286298 -0.53835702 -4.49279690 137 131 34 0.000000 -0.315996 -0.556602 -0.768336
0.66615200 -0.60804498 -4.42381907 130 143 101 0.000000 0.460052 -0.529808 -0.712500
0.84179598 -0.58031201 -4.49990797 150 146 36 0.000000 -0.809329 -0.513885 -0.284444
0.76428503 -0.50849003 -4.52550793 138 135 41 0.000000 -0.087265 -0.952105 -0.293055
0.83681798 -0.63577902 -4.40604210 147 145 85 0.000000 0.742742 0.591294 0.314175
0.86099601 -0.69053400 -4.41599703 153 151 92 0.000000 0.823419 0.182146 0.537405
0.65335202 -0.64502299 -4.31644201 79 78 68 0.000000 0.285206 -0.864769 -0.413320
0.75219601 -0.48502299 -4.55821896 136 140 42 0.000000 -0.357000 -0.849628 -0.388179
0.76855201 -0.59097898 -4.38541889 115 124 36 0.000000 0.063481 -0.947029 -0.314813
0.76286298 -0.60804498 -4.32142019 147 147 62 0.000000 0.816968 -0.549159 -0.176032
0.69957399 -0.47577900 -4.53261900 147 134 39 0.000000 -0.387237 -0.746697 -0.540824
0.72588497 -0.60093403 -4.38897514 97 103 25 0.000000 -0.285644 0.822591 0.491682
0.65619600 -0.50849003 -4.48141909 163 166 134 0.000000 0.196750 0.491124 0.848579
0.77850699 -0.49782300 -4.55679703 139 141 40 0.000000 -0.399188 -0.787063 -0.470298
0.90864003 -0.70048898 -4.54826307 113 108 62 0.000000 0.919133 0.300624 0.254596
0.81406301 -0.64288998 -4.30648613 120 126 95 0.000000 0.315572 0.941345 -0.119515
0.70099598 -0.55044597 -4.45581913 129 133 36 0.000000 -0.164928 -0.600703 -0.782275
0.84535098 -0.62795597 -4.44159698 149 154 101 0.000000 0.881641 0.411829 0.230446
0.68606299 -0.61942297 -4.36266422 118 118 31 0.000000 -0.370941 0.915365 0.156557
0.91290700 -0.68200099 -4.58168602 138 130 75 0.000000 0.975101 0.181969 0.126751
0.68321902 -0.57106799 -4.43875313 116 113 26 0.000000 -0.087434 -0.442723 -0.892385
0.77139598 -0.51915699 -4.51270819 142 139 42 0.000000 -0.299454 -0.741429 -0.600509
0.81335199 -0.50920099 -4.58097410 140 144 40 0.000000 -0.515568 -0.805674 -0.291682
0.76072901 -0.46582401 -4.61510801 131 131 45 0.000000 -0.213985 -0.972318 -0.093853
0.77992898 -0.58671200 -4.40533018 115 124 32 0.000000 0.015783 -0.965202 -0.261029
0.90508503 -0.68982297 -4.54044104 141 133 68 0.000000 0.933330 0.237908 0.268878
0.87023997 -0.59666800 -4.54257393 170 186 142 0.000000 0.848795 0.381569 0.365994
0.76784098 -0.57391202 -4.43093014 116 118 36 0.000000 0.006937 -0.742241 -0.670098
0.82757401 -0.65142298 -4.32497501 154 164 114 0.000000 0.972909 -0.181390 -0.143336
0.79628497 -0.56324500 -4.47217512 105 114 15 0.000000 -0.104314 -0.858807 -0.501566
0.66686302 -0.48644599 -4.51128578 152 151 119 0.000000 0.427258 0.333355 0.840431
0.64339697 -0.55257899 -4.45012999 79 82 66 0.000000 0.688240 0.330290 0.645937
0.91361803 -0.66635603 -4.59804106 127 123 65 0.000000 0.932576 0.285540 0.220836
0.79272902 -0.49853501 -4.57599592 141 142 48 0.000000 -0.458549 -0.824127 -0.332487
0.83397400 -0.62155598 -4.42453098 152 158 107 0.000000 0.838994 0.442151 0.317162
0.90508503 -0.63293397 -4.59519577 142 147 84 0.000000 0.912354 0.332161 0.239330
0.84037399 -0.64715600 -4.39821911 152 147 85 0.000000 0.793698 0.310163 0.523300
0.78135198 -0.53622299 -4.50061893 132 130 26 0.000000 -0.277163 -0.436417 -0.855991
0.67681903 -0.55542302 -4.44657516 131 130 39 0.000000 -0.228812 -0.586818 -0.776717
0.77424097 -0.46582401 -4.64355183 124 127 53 0.000000 0.039563 -0.999217 0.001014
0.76428503 -0.62440097 -4.32710791 136 140 117 0.000000 0.267230 0.766903 0.583479
0.72019601 -0.62795597 -4.31146383 107 111 35 0.000000 -0.181572 0.893334 0.411079
0.83326298 -0.61444497 -4.43519688 157 163 120 0.000000 0.819078 0.540500 0.192279
0.69317400 -0.59240103 -4.42453098 132 126 40 0.000000 0.911510 0.071783 0.404965
0.78988498 -0.47151199 -4.62648487 133 134 40 0.000000 -0.262293 -0.928658 -0.262293
0.70881897 -0.46297899 -4.59946299 113 110 57 0.000000 -0.039748 0.942411 0.332088
0.80126297 -0.60448998 -4.37901878 146 149 46 0.000000 -0.538933 -0.786938 -0.300467
0.90721798 -0.64573401 -4.59377384 140 139 78 0.000000 0.912815 0.245256 0.326524
0.83681798 -0.55400097 -4.53261900 179 166 86 0.000000 -0.348487 -0.897169 -0.271375
0.70739597 -0.59097898 -4.41172981 100 100 40 0.000000 -0.055297 0.798265 0.599762
0.91930699 -0.65497899 -4.61581802 103 105 77 0.000000 0.981696 0.055927 0.182060
0.81406301 -0.51631200 -4.56461906 140 148 39 0.000000 -0.502517 -0.803711 -0.318631
0.85104001 -0.56111199 -4.54826307 154 147 42 0.000000 -0.602049 -0.602049 -0.524474
0.88872898 -0.66351199 -4.50132990 149 142 71 0.000000 0.821621 0.159552 0.547250
0.83468503 -0.58884501 -4.46435308 163 168 53 0.000000 -0.634310 -0.702446 -0.322833
0.86597401 -0.53835702 -4.59377384 143 95 46 0.000000 -0.111351 -0.530727 -0.840197
0.78704000 -0.60022300 -4.37261915 141 139 46 0.000000 -0.271401 -0.905160 -0.327149
0.72304100 -0.61800098 -4.33492994 127 134 66 0.000000 0.752761 0.149345 0.641129
0.75148499 -0.46297899 -4.62293005 131 129 47 0.000000 -0.135614 -0.988709 0.063750
0.68464100 -0.47151199 -4.55110788 129 133 72 0.000000 0.619649 0.763469 0.182070
0.66757399 -0.64929003 -4.30577517 62 62 25 0.000000 -0.365994 0.848795 -0.381569
0.78135198 -0.47506800 -4.60799599 143 144 47 0.000000 -0.308058 -0.888110 -0.341118
0.84108502 -0.54333401 -4.54470778 231 176 149 0.000000 0.785639 0.474623 0.396869
0.82543999 -0.54689002 -4.52906322 105 112 11 0.000000 -0.563460 -0.703078 -0.433814
0.65690798 -0.54120100 -4.46079683 144 143 103 0.000000 0.142215 0.341040 0.929229
0.80624002 -0.54902297 -4.50275183 134 128 43 0.000000 -0.409388 -0.591706 -0.694468
0.80552900 -0.58671200 -4.42808580 145 149 45 0.000000 -0.364650 -0.863160 -0.349264
0.85032898 -0.61942297 -4.46790791 142 141 81 0.000000 0.849441 0.420838 0.318346
0.65690798 -0.62369001 -4.41244078 94 93 21 0.000000 -0.649818 0.633199 0.420471
0.89228499 -0.61800098 -4.58026314 141 139 82 0.000000 0.910504 0.284989 0.299604
0.83824003 -0.52129000 -4.57812977 154 141 121 0.000000 0.592732 0.784723 0.181324
0.86170697 -0.60733402 -4.50701904 152 156 90 0.000000 0.802119 0.451694 0.390611
0.69886303 -0.63222301 -4.30079699 155 175 113 0.000000 0.775292 -0.631566 -0.006910
0.66615200 -0.47151199 -4.52124119 153 154 127 0.000000 0.125419 0.807109 0.576928
0.76570702 -0.49000099 -4.56035185 135 138 41 0.000000 -0.355830 -0.864159 -0.355830
0.77068502 -0.59808999 -4.39324093 116 124 66 0.000000 0.093517 0.891899 0.442460
0.74366301 -0.56111199 -4.44941902 128 126 38 0.000000 0.039630 -0.870489 -0.490590
0.68890703 -0.61231202 -4.38044214 125 129 34 0.000000 -0.387161 0.690301 0.611221
0.76997399 -0.61586797 -4.32284212 138 135 55 0.000000 -0.469191 -0.873815 -0.127700
0.77210701 -0.50706798 -4.53475189 138 139 41 0.000000 -0.330699 -0.759801 -0.559768
0.69815201 -0.46795699 -4.57812977 96 93 34 0.000000 0.134836 0.949190 0.284356
0.82188499 -0.51204598 -4.58666277 130 118 30 0.000000 -0.473964 -0.798508 -0.371138
0.89583999 -0.60591203 -4.60159588 145 157 84 0.000000 0.856674 0.412130 0.310255
0.85743999 -0.58529001 -4.52764082 161 171 116 0.000000 0.761097 0.579199 0.291993
0.79983997 -0.56253397 -4.46221924 207 170 131 0.000000 0.443184 0.627147 0.640526
0.85459602 -0.64786702 -4.44230795 160 153 101 0.000000 0.797066 0.442815 0.410610
0.78846300 -0.58386803 -4.41741896 131 143 41 0.000000 -0.078965 -0.927503 -0.365380
0.83397400 -0.64573401 -4.37333107 151 154 104 0.000000 0.766973 0.641240 0.023750
0.76286298 -0.57889003 -4.42310810 124 132 41 0.000000 -0.181476 -0.770129 -0.611529
0.71166301 -0.54120100 -4.46648598 133 133 34 0.000000 -0.348429 -0.642876 -0.682135
0.78632897 -0.50564599 -4.54968500 140 142 42 0.000000 -0.405024 -0.824342 -0.395494
0.79983997 -0.60946798 -4.35981894 146 144 46 0.000000 -0.443099 -0.807816 -0.388711
0.75432903 -0.52484602 -4.49706411 140 137 39 0.000000 -0.358305 -0.626625 -0.692069
0.83966303 -0.59453398 -4.48355198 145 148 91 0.000000 0.339747 0.931917 0.126894
0.75006300 -0.59808999 -4.36977482 126 127 46 0.000000 0.658578 -0.460837 0.594899
0.75077403 -0.59524500 -4.38399696 144 141 87 0.000000 -0.467687 0.877091 -0.109459
0.87735099 -0.64075601 -4.50061893 149 149 98 0.000000 0.794509 0.539637 0.278472
0.67539603 -0.62582302 -4.36977482 127 126 36 0.000000 -0.498821 0.833415 0.237899
0.79059601 -0.54831201 -4.49421883 139 144 39 0.000000 -0.324004 -0.793251 -0.515533
0.87948501 -0.53266799 -4.58950806 179 159 118 0.000000 0.508448 0.221396 0.832144
0.71379602 -0.60520101 -4.36266422 114 91 46 0.000000 0.277169 -0.885442 -0.373054
0.82828498 -0.64360100 -4.35057497 148 147 92 0.000000 0.747752 0.531771 0.397601
0.64908499 -0.58955699 -4.43448591 91 92 48 0.000000 0.183715 0.294221 0.937914
0.71166301 -0.48644599 -4.52621889 138 126 34 0.000000 -0.371920 -0.712710 -0.594744
0.69744098 -0.52200103 -4.47786283 141 133 51 0.000000 -0.055649 -0.763393 -0.643533
0.91575098 -0.67275602 -4.60870695 122 123 90 0.000000 0.994694 -0.102601 0.007560
0.77779597 -0.49355701 -4.56817389 135 140 37 0.000000 -0.427530 -0.831397 -0.354961
0.69033003 -0.62653399 -4.32924223 122 128 71 0.000000 0.064127 -0.807995 -0.585689
0.87237400 -0.56964499 -4.57812977 182 158 106 0.000000 0.690552 0.570746 0.444283
0.90579599 -0.60733402 -4.61866283 87 102 57 0.000000 0.855991 0.277163 0.436417
0.66757399 -0.62866700 -4.35057497 148 157 122 0.000000 0.411219 -0.911029 -0.030412
0.87735099 -0.68769002 -4.45368624 149 138 79 0.000000 0.881213 0.287712 0.375080
0.88019598 -0.54191202 -4.59519577 133 154 34 0.000000 -0.285659 0.126221 -0.949983
0.87806201 -0.65853399 -4.47999716 157 150 100 0.000000 0.859151 0.237895 0.453062
0.87023997 -0.52840102 -4.58737421 161 118 96 0.000000 0.458942 0.262472 0.848812
0.68819600 -0.62440097 -4.34986401 97 101 22 0.000000 -0.070346 0.983659 0.165732
0.68819600 -0.46795699 -4.59519577 73 72 35 0.000000 -0.459892 0.874811 0.152330
0.72517401 -0.59880102 -4.39893103 106 106 42 0.000000 -0.134933 0.585698 0.799219
0.69317400 -0.48004600 -4.52124119 153 142 46 0.000000 -0.274989 -0.751849 -0.599254
0.81406301 -0.50493503 -4.59021902 132 128 27 0.000000 -0.572672 -0.596322 -0.562536
0.67041898 -0.57817900 -4.44230795 139 138 92 0.000000 0.277857 0.582705 0.763709
0.73584098 -0.64502299 -4.28088617 122 124 67 0.000000 -0.644658 0.557132 0.523469
0.77566302 -0.64004499 -4.29084206 139 140 98 0.000000 0.268223 0.907267 0.323919
0.81975102 -0.49213499 -4.61368513 136 146 38 0.000000 -0.483594 -0.744371 -0.460487
0.84890699 -0.65711200 -4.41244078 146 144 82 0.000000 0.895030 0.371327 0.247058
0.75575203 -0.61515599 -4.31999683 143 145 58 0.000000 0.563229 -0.807848 -0.173650
0.85317397 -0.63435602 -4.45226288 162 157 101 0.000000 0.802816 0.429563 0.413475
0.65975201 -0.49853501 -4.49564123 190 190 173 0.000000 0.555357 0.381705 0.738837
0.65050799 -0.64715600 -4.33919716 53 53 30 0.000000 0.315309 0.948461 -0.031658
0.64695197 -0.51062298 -4.47786283 87 93 72 0.000000 0.641647 0.236892 0.729501
0.67468500 -0.56466800 -4.45368624 147 148 105 0.000000 -0.846313 0.403674 0.347565
0.73797399 -0.46226799 -4.60088491 134 130 42 0.000000 -0.301511 -0.904534 -0.301511
0.89726198 -0.67702299 -4.51768494 142 137 72 0.000000 0.967949 0.221209 0.118916
0.84250700 -0.63862300 -4.41386414 147 146 82 0.000000 0.808734 0.460994 0.365286
0.71308500 -0.47648999 -4.54826307 132 128 34 0.000000 -0.363862 -0.910375 -0.197032
0.81548500 -0.61017901 -4.39039707 156 160 51 0.000000 -0.635166 -0.696896 -0.333016
