-2.06131005 1.12108696 -6.61202717 98 121 36 0.000000 -0.519223 0.001342 0.854638
-2.00993395 0.79264802 -6.83863115 100 137 56 0.000000 0.008867 0.000985 0.999960
-1.74388003 0.96512401 -6.71202612 126 135 67 0.000000 0.981019 0.001147 0.193909
-2.17323589 0.95227998 -6.75239277 88 123 41 0.000000 0.456129 0.001314 0.889912
-1.96314502 0.95503300 -6.71110916 97 134 61 0.000000 0.268202 0.001203 0.963362
-1.81543899 0.81466597 -6.82395315 106 141 69 0.000000 -0.054502 0.001028 0.998513
-2.19341898 0.78072101 -6.84230089 49 62 24 0.000000 0.811146 0.001363 0.584843
-1.85672402 1.05411506 -6.66431999 103 71 39 0.000000 -0.465583 0.001319 0.885003
-2.08424592 1.00182104 -6.66523695 91 128 46 0.000000 -0.018902 0.000995 0.999821
-1.71727502 0.89631701 -6.83129215 71 86 47 0.000000 0.443546 0.001308 0.896251
-2.07048392 0.88347298 -6.77165890 94 129 46 0.000000 -0.083307 0.001055 0.996523
-1.85121906 0.91650099 -6.74413586 89 126 45 0.000000 -0.076536 0.001048 0.997066
-2.09342003 0.71925402 -6.88817310 72 94 42 0.000000 0.155160 0.001116 0.987889
-1.96589696 1.06787598 -6.64046717 121 136 86 0.000000 0.560008 0.001356 0.828486
-1.94296205 0.86604202 -6.78909016 179 187 100 0.000000 -0.160219 0.001120 -0.987081
-2.16956592 0.86879402 -6.80835581 96 130 56 0.000000 0.311788 0.001232 0.950151
-2.10442901 0.79723501 -6.83679581 101 140 56 0.000000 0.000978 0.000978 0.999999
-1.90259504 0.79907000 -6.84046602 85 113 40 0.000000 -0.104070 0.001073 0.994569
-2.05672312 0.94310600 -6.71753120 89 127 44 0.000000 -0.092452 0.001063 0.995717
-1.82369602 0.97888601 -6.69918203 89 126 39 0.000000 -0.125512 0.001091 0.992091
-1.79250395 0.88072097 -6.78450298 101 141 60 0.000000 0.183394 0.001139 0.983039
-2.15947509 1.00273895 -6.69092607 49 54 38 0.000000 0.509765 0.001338 -0.860313
-2.00901699 1.00182104 -6.66890717 97 132 65 0.000000 0.273924 0.001207 0.961751
-1.89708996 0.99448198 -6.69367790 89 126 49 0.000000 0.085581 0.001057 0.996331
-2.09800696 1.04860997 -6.60835695 50 69 21 0.000000 0.497143 0.001333 0.867668
-2.02094293 0.73393202 -6.88725519 43 58 27 0.000000 0.925729 0.001273 0.378186
-1.86222804 0.85870302 -6.78909016 103 131 59 0.000000 0.000978 0.000978 0.999999
-1.99433804 0.89448202 -6.74872398 91 125 51 0.000000 -0.090153 0.001061 0.995927
-1.95030105 0.75319803 -6.86523724 71 91 49 0.000000 0.279674 0.001211 0.960094
-2.15305305 0.75595099 -6.89459419 90 121 45 0.000000 0.920595 0.001280 -0.390517
-1.72461402 0.93301398 -6.77074099 113 144 56 0.000000 0.547504 0.001352 0.836802
-1.92186105 0.91099602 -6.74413586 96 134 57 0.000000 0.039563 0.001014 0.999217
-1.75121903 0.82567501 -6.83679581 45 52 30 0.000000 0.606331 0.001369 0.795211
-2.02002597 0.84952801 -6.79367685 95 131 52 0.000000 -0.094759 0.001065 0.995500
-2.02920008 1.06879401 -6.62578821 98 135 51 0.000000 0.043791 0.001018 0.999040
-2.12644696 0.91099602 -6.76798916 84 121 27 0.000000 0.115898 0.001083 0.993261
-2.10809898 0.84677601 -6.80376911 92 129 45 0.000000 -0.294171 0.001221 0.955752
-2.11819100 0.96695900 -6.71477795 80 119 27 0.000000 -0.387428 0.001279 0.921899
-1.79617298 0.93117899 -6.72762299 95 132 48 0.000000 0.356781 0.001261 0.934187
-1.92094302 1.04310596 -6.67074203 123 159 89 0.000000 0.157685 0.001118 0.987489
-1.96039295 0.81558400 -6.82395315 114 143 72 0.000000 0.000978 0.000978 0.999999
-2.20534611 0.82017100 -6.80376911 60 67 42 0.000000 0.979955 0.001152 0.199215
-2.06589699 0.76420802 -6.85973215 99 134 53 0.000000 -0.186011 0.001141 0.982547
-2.19433689 0.91558301 -6.78633785 60 69 40 0.000000 0.937612 0.001255 0.347682
-2.05855799 0.81833601 -6.81569576 102 137 58 0.000000 0.006883 0.000983 0.999976
-1.95672297 1.00182104 -6.68175077 115 152 82 0.000000 0.276796 0.001209 0.960928
-1.85213602 0.78439099 -6.85055780 44 57 29 0.000000 0.076536 0.001048 0.997066
-1.77874196 0.99998701 -6.67991590 56 62 17 0.000000 -0.207235 0.001158 0.978290
-1.89433801 0.94769299 -6.71844816 96 134 54 0.000000 0.256844 0.001195 0.966452
-2.04571390 1.02659202 -6.64321899 110 148 68 0.000000 0.468736 0.001320 0.883337
-2.00901699 0.93851900 -6.71202612 104 135 68 0.000000 -0.072063 0.001044 0.997400
-2.14938307 0.81099600 -6.82762194 94 131 46 0.000000 -0.135260 0.001100 0.990809
-1.82369602 1.02383995 -6.67899895 126 150 85 0.000000 0.365926 0.001266 0.930643
-2.13011694 1.00640905 -6.65514612 68 77 34 0.000000 0.976541 0.001164 -0.215328
-1.90443003 0.84310597 -6.80101681 88 123 46 0.000000 0.061026 0.001034 0.998136
-1.90167701 0.87888598 -6.76798916 105 137 63 0.000000 0.273924 0.001207 0.961751
-2.08791494 0.91558301 -6.74597120 87 123 33 0.000000 -0.372047 0.001270 0.928213
-2.04387903 0.97705102 -6.68083382 92 130 50 0.000000 -0.008867 0.000985 0.999960
-2.10901594 0.75595099 -6.86615419 106 144 53 0.000000 0.106419 0.001075 0.994321
-1.78424704 0.84585899 -6.81019115 125 160 89 0.000000 0.108776 0.001077 0.994066
-2.03653908 0.90549201 -6.74597120 84 122 46 0.000000 -0.045917 0.001020 0.998945
-1.99708998 0.75778598 -6.86065006 109 144 68 0.000000 -0.259673 0.001197 0.965696
-1.85947597 0.82567501 -6.81569576 92 125 54 0.000000 0.111142 0.001079 0.993804
-2.00351191 1.04035294 -6.64413595 106 143 71 0.000000 0.218041 0.001166 0.975939
-2.07048392 1.08163798 -6.62211800 122 155 83 0.000000 0.025017 0.001001 0.999686
-1.74571502 0.87338197 -6.81110907 112 152 65 0.000000 0.817758 0.001361 0.575560
-1.96406305 0.91925299 -6.73496199 93 129 57 0.000000 0.147635 0.001110 0.989041
-1.78424704 0.96420699 -6.69918203 90 128 37 0.000000 -0.016879 0.000993 0.999857
-1.85580599 0.95870203 -6.71386099 86 124 38 0.000000 -0.127937 0.001093 0.991782
-1.81176996 0.90273899 -6.75147581 107 139 69 0.000000 -0.125512 0.001091 0.992091
-1.98149395 0.84127200 -6.80101681 91 126 51 0.000000 0.050193 0.001024 0.998739
-1.88424599 1.02934396 -6.67991590 97 132 60 0.000000 -0.271059 0.001205 0.962562
-2.15763998 0.97613299 -6.72578812 81 115 33 0.000000 -0.259673 0.001197 0.965696
-1.73929298 0.96420699 -6.75331116 50 60 28 0.000000 0.968656 0.001189 0.248404
-1.76131105 0.93117899 -6.74413586 98 136 55 0.000000 -0.157685 0.001118 0.987489
-2.07140207 0.85228097 -6.79367685 96 133 51 0.000000 -0.018902 0.000995 0.999821
-1.82002604 0.85319799 -6.80009890 101 136 63 0.000000 0.099398 0.001069 0.995047
-1.96956694 1.03026199 -6.66064978 120 157 90 0.000000 0.484515 0.001327 0.874782
-1.97323704 0.78347403 -6.84688807 110 142 69 0.000000 0.006883 0.000983 0.999976
-1.96222794 0.89173001 -6.76798916 158 172 87 0.000000 -0.130369 0.001096 -0.991465
-1.92920005 0.97613299 -6.70009899 100 137 63 0.000000 -0.006883 0.000983 0.999976
-2.14112592 0.77338201 -6.85789680 102 140 48 0.000000 -0.167869 0.001127 0.985809
-2.05855799 0.72567600 -6.87624598 129 156 87 0.000000 0.282560 0.001213 0.959249
-2.13378692 0.93943602 -6.74505377 82 121 32 0.000000 -0.332624 0.001246 0.943059
-2.00718188 0.96695900 -6.68817282 114 145 79 0.000000 0.630540 0.001374 0.776155
-1.72369599 0.85044599 -6.83587885 50 60 30 0.000000 0.000978 0.000978 0.999999
-2.13745594 0.88072097 -6.79459476 90 128 41 0.000000 -0.212622 0.001162 0.977134
-1.85488904 0.99723399 -6.69275999 89 124 50 0.000000 -0.196558 0.001149 0.980491
-2.01910806 0.87888598 -6.77074099 88 126 44 0.000000 -0.245605 0.001186 0.969369
-1.84204495 0.88163799 -6.76890707 94 126 49 0.000000 0.020933 0.000997 0.999780
-1.73562300 0.91283101 -6.79918194 129 163 79 0.000000 0.991141 0.001098 -0.132811
-2.16039205 0.92292303 -6.76982403 87 126 36 0.000000 -0.475046 0.001323 0.879960
-2.14846611 0.72292298 -6.90743780 91 119 45 0.000000 0.415362 0.001294 -0.909655
-1.92369604 0.82751000 -6.82670403 202 193 126 0.000000 -0.014865 0.000991 -0.999889
-1.93195295 0.78163898 -6.85055780 118 136 77 0.000000 0.033281 0.001009 0.999445
-2.08975005 0.96971101 -6.69367790 86 125 40 0.000000 -0.544370 0.001351 0.838844
-2.09158492 0.94402301 -6.72395277 85 124 33 0.000000 -0.516071 0.001340 0.856545
-2.11268592 1.02475703 -6.63037491 53 66 32 0.000000 0.984462 0.001133 -0.175594
-1.88883400 0.91833502 -6.73771381 96 133 55 0.000000 -0.050193 0.001024 0.998739
-2.04479599 0.78530800 -6.84321785 98 136 53 0.000000 -0.170436 0.001129 0.985368
-2.08057594 1.03117895 -6.63954878 116 154 79 0.000000 0.186011 0.001141 0.982547
-2.00167704 0.82017100 -6.81844807 102 133 56 0.000000 0.085581 0.001057 0.996331
-2.10351205 0.87429899 -6.78541994 89 126 41 0.000000 -0.320681 0.001238 0.947186
-1.88791597 1.06420600 -6.66982508 49 62 21 0.000000 -0.029133 0.001005 0.999575
-2.14479589 0.83943701 -6.81110907 96 130 51 0.000000 -0.083307 0.001055 0.996523
-2.20259404 0.85228097 -6.80835581 101 119 66 0.000000 0.953006 0.001227 0.302950
-2.17598796 0.82842797 -6.81477785 109 145 64 0.000000 0.072063 0.001044 0.997400
-2.11452103 0.99264699 -6.67991590 96 127 34 0.000000 -0.525521 0.001344 0.850780
-1.93378699 0.94585800 -6.71844816 101 138 64 0.000000 0.065416 0.001038 0.997858
-2.02828312 0.76237297 -6.85973215 105 141 63 0.000000 0.031203 0.001007 0.999513
-1.92736602 1.01283097 -6.68266916 105 143 68 0.000000 0.025017 0.001001 0.999686
-1.97874105 0.86420703 -6.77991581 87 122 47 0.000000 -0.201881 0.001154 0.979409
-2.09617209 0.82200599 -6.81844807 102 138 60 0.000000 -0.152643 0.001114 0.988281
-1.83287001 0.93943602 -6.72211790 86 122 36 0.000000 -0.027071 0.001003 0.999633
-1.93929195 1.06879401 -6.65606308 119 132 84 0.000000 0.603278 0.001368 0.797530
-2.04663110 0.86695999 -6.78083277 93 127 49 0.000000 -0.081042 0.001052 0.996710
-1.76589799 0.94585800 -6.71844816 93 130 38 0.000000 -0.087863 0.001059 0.996132
-2.07323599 0.79264802 -6.83771420 98 135 53 0.000000 -0.092452 0.001063 0.995717
-2.00442910 0.91558301 -6.73037481 91 126 53 0.000000 -0.314746 0.001234 0.949175
-2.13103390 0.74035400 -6.88266802 95 130 36 0.000000 -0.165311 0.001125 0.986241
-1.93378699 0.88897800 -6.75973320 92 130 49 0.000000 0.078785 0.001050 0.996891
-1.86589801 0.89723498 -6.76340199 139 163 73 0.000000 0.041673 0.001016 -0.999131
-1.75213695 0.97246403 -6.68542099 109 120 57 0.000000 0.844879 0.001347 -0.534955
-2.19341898 0.88347298 -6.80193377 46 55 23 0.000000 0.899331 0.001305 0.437266
-2.04112601 1.00365603 -6.65973282 106 142 65 0.000000 -0.170436 0.001129 0.985368
-1.78699899 0.81650102 -6.82119989 112 147 77 0.000000 0.167869 0.001127 0.985809
-2.16864896 0.75870299 -6.87074089 86 116 37 0.000000 0.000978 0.000978 0.999999
-1.81727397 0.79081303 -6.83954906 38 53 20 0.000000 0.010858 0.000987 0.999941
-1.89433801 0.81925303 -6.82211781 90 125 47 0.000000 -0.170436 0.001129 0.985368
-2.18974996 0.80549198 -6.82395315 134 168 96 0.000000 0.446689 0.001310 0.894688
-2.02828312 0.81191403 -6.82303476 104 138 60 0.000000 0.111142 0.001079 0.993804
-1.93011796 0.84952801 -6.81019115 180 185 103 0.000000 0.145143 0.001108 -0.989410
-1.86956799 0.80090499 -6.83679581 93 127 49 0.000000 -0.018902 0.000995 0.999821
-1.97507203 0.98255497 -6.68817282 103 141 71 0.000000 0.132811 0.001098 0.991141
-1.86222804 0.93943602 -6.73404503 143 165 78 0.000000 0.883337 0.001320 -0.468736
-2.06222701 0.96420699 -6.69643021 91 127 47 0.000000 -0.147635 0.001110 0.989041
-2.05764008 1.05870199 -6.62854099 116 152 79 0.000000 -0.041673 0.001016 0.999131
-2.03287005 0.92842698 -6.73221016 141 168 76 0.000000 0.994569 0.001073 0.104070
-1.98424602 0.93301398 -6.72119999 108 136 68 0.000000 0.271059 0.001205 0.962562
-1.87507200 0.97521597 -6.70468712 91 126 54 0.000000 0.087863 0.001059 0.996132
-1.81543899 0.88439101 -6.77074099 100 136 63 0.000000 0.231726 0.001176 0.972780
-1.99525499 1.06328905 -6.63312721 98 133 54 0.000000 0.018902 0.000995 0.999821
-1.75305402 0.84585899 -6.81936502 118 155 78 0.000000 0.621510 0.001372 0.783405
-2.13011694 0.79172999 -6.84138298 98 136 48 0.000000 -0.020933 0.000997 0.999780
-2.16039205 0.90457398 -6.78909016 89 127 40 0.000000 -0.437266 0.001305 0.899331
-2.08424592 0.74769402 -6.87074089 109 148 57 0.000000 -0.183394 0.001139 0.983039
-1.98791599 0.96420699 -6.70927382 155 179 81 0.000000 0.054502 0.001028 -0.998513
-2.09250307 0.77338201 -6.85514498 100 138 53 0.000000 -0.016879 0.000993 0.999857
-2.05764008 0.92017001 -6.74046707 87 126 48 0.000000 -0.262509 0.001199 0.964929
-1.80351305 0.99631703 -6.68725586 94 129 42 0.000000 -0.412244 0.001292 0.911072
-1.76865005 0.80640900 -6.83863115 47 66 25 0.000000 0.484515 0.001327 0.874782
-2.06864905 0.98622501 -6.68450403 141 167 76 0.000000 -0.083307 0.001055 -0.996523
-1.88791597 0.85870302 -6.78817320 89 126 49 0.000000 -0.050193 0.001024 0.998739
-1.99525499 0.73760200 -6.87624598 46 61 29 0.000000 0.108776 0.001077 0.994066
-1.72920096 0.87429899 -6.83037376 118 154 78 0.000000 0.844879 0.001347 0.534955
-1.84846699 1.02200496 -6.67624712 93 129 51 0.000000 -0.180786 0.001137 0.983522
-1.97874105 1.00916100 -6.67257690 104 142 67 0.000000 0.294171 0.001221 0.955752
-2.04663110 0.74769402 -6.86798906 107 144 63 0.000000 0.016879 0.000993 0.999857
-1.78516400 0.89998698 -6.77074099 97 137 51 0.000000 0.544370 0.001351 0.838844
-2.18241000 0.93117899 -6.76156712 72 98 36 0.000000 0.838844 0.001351 0.544370
-2.02920008 0.95136303 -6.70652199 95 130 52 0.000000 -0.125512 0.001091 0.992091
-2.16773200 0.79723501 -6.83587885 110 150 61 0.000000 0.165311 0.001125 0.986241
-1.90993404 1.07246304 -6.66340303 48 55 19 0.000000 0.097074 0.001067 0.995277
-2.04020905 0.88897800 -6.76431894 82 120 37 0.000000 -0.402911 0.001287 0.915238
-2.08149290 1.05686700 -6.62487078 138 172 103 0.000000 0.636526 0.001375 0.771254
-1.94571400 0.83117998 -6.80835581 125 141 77 0.000000 0.506611 0.001337 0.862174
-1.83378804 0.82934499 -6.81844807 107 135 66 0.000000 -0.008867 0.000985 0.999960
-2.12736511 0.82017100 -6.82395315 109 148 64 0.000000 0.170436 0.001129 0.985368
-1.94663095 0.79723501 -6.83954906 112 143 69 0.000000 0.175594 0.001133 0.984462
-1.97415400 0.75044602 -6.86431885 104 131 72 0.000000 0.633537 0.001374 0.773712
-2.02277803 1.02475703 -6.64964104 106 141 68 0.000000 0.220763 0.001168 0.975327
-1.74571502 0.89998698 -6.81661320 89 131 45 0.000000 -0.191268 0.001145 0.981537
-1.92369604 0.87154698 -6.77349377 92 129 52 0.000000 -0.256844 0.001195 0.966452
-1.79342103 0.91741800 -6.74688911 92 135 49 0.000000 0.804402 0.001366 0.594083
-2.17231894 0.77705199 -6.85606194 110 147 55 0.000000 -0.041673 0.001016 0.999131
-1.80167794 1.02108705 -6.68725586 81 100 43 0.000000 0.375114 0.001272 0.926978
-1.95213604 0.90640903 -6.75055790 150 169 85 0.000000 0.212622 0.001162 0.977134
-2.14204407 1.00365603 -6.67532921 67 76 35 0.000000 0.858436 0.001339 -0.512919
-2.02553010 1.04494095 -6.63771391 97 133 58 0.000000 0.160219 0.001120 0.987081
-2.05305290 1.10090399 -6.62028408 117 143 63 0.000000 -0.137718 0.001102 0.990471
-2.13470411 0.85870302 -6.80285215 90 126 42 0.000000 -0.204554 0.001156 0.978855
-1.96222794 0.85136300 -6.79275990 110 134 66 0.000000 0.018902 0.000995 0.999821
-2.10993409 0.91925299 -6.75239277 90 125 36 0.000000 -0.512919 0.001339 0.858436
-1.98516297 0.91650099 -6.74413586 143 167 79 0.000000 0.465583 0.001319 -0.885003
-1.82186103 0.91741800 -6.73679686 89 127 50 0.000000 -0.155160 0.001116 0.987889
-2.07782412 0.83576697 -6.80835581 95 132 50 0.000000 -0.094759 0.001065 0.995500
-1.83562303 0.90182197 -6.75239277 91 128 47 0.000000 -0.137718 0.001102 0.990471
-1.82553101 1.00273895 -6.68817282 99 133 57 0.000000 0.035367 0.001010 0.999374
-1.90167701 0.90182197 -6.74964094 101 136 60 0.000000 0.127937 0.001093 0.991782
-1.86864996 0.87613398 -6.77165890 93 126 49 0.000000 -0.076536 0.001048 0.997066
-2.05672312 0.90273899 -6.75606298 84 124 38 0.000000 -0.268202 0.001203 0.963362
-2.11819100 0.95136303 -6.73129177 82 118 34 0.000000 -0.320681 0.001238 0.947186
-2.00993395 1.08071995 -6.62487078 105 120 61 0.000000 0.000978 0.000978 0.999999
-1.98883295 0.79998702 -6.83496094 105 142 64 0.000000 0.338631 0.001250 0.940919
-1.94112694 1.03301406 -6.66982508 111 147 79 0.000000 0.406019 0.001289 0.913864
-1.99800706 1.01925302 -6.65973282 104 141 72 0.000000 0.268202 0.001203 0.963362
-1.98149395 1.04952800 -6.64413595 104 140 67 0.000000 0.256844 0.001195 0.966452
-2.09066796 0.89264798 -6.76890707 88 124 37 0.000000 -0.368984 0.001268 0.929435
-1.98516297 0.88347298 -6.77074099 146 168 75 0.000000 -0.268202 0.001203 -0.963362
-1.84938395 0.80824399 -6.83129215 99 131 59 0.000000 -0.242814 0.001184 0.970072
-1.91727400 0.95870203 -6.71110916 99 136 60 0.000000 0.025017 0.001001 0.999686
-1.90534699 1.01374805 -6.68450403 101 137 64 0.000000 -0.067624 0.001040 0.997710
-1.74663198 0.94494098 -6.73496199 95 135 47 0.000000 0.977717 0.001160 0.209925
-2.13103390 0.99356502 -6.69459486 86 122 34 0.000000 -0.563126 0.001357 0.826370
-2.11543798 0.77888602 -6.85147476 99 138 50 0.000000 -0.132811 0.001098 0.991141
-2.10351205 1.01007795 -6.65881491 97 136 50 0.000000 -0.142660 0.001106 0.989771
-1.95764101 0.87062901 -6.77349377 133 145 84 0.000000 0.031203 0.001007 0.999513
-2.15213490 0.95136303 -6.74597120 85 122 35 0.000000 -0.475046 0.001323 0.879960
-1.80259502 0.94769299 -6.71477795 85 126 32 0.000000 -0.157685 0.001118 0.987489
-1.81085205 0.83393198 -6.81477785 100 132 62 0.000000 -0.265352 0.001201 0.964151
-2.14020896 0.89998698 -6.78083277 87 125 38 0.000000 -0.462431 0.001317 0.886654
-1.73837495 0.91741800 -6.77716398 92 133 53 0.000000 0.963362 0.001203 0.268202
-1.99984205 0.86971200 -6.77899790 98 130 51 0.000000 -0.063217 0.001036 0.997999
-1.94296205 0.92383999 -6.73312712 96 131 60 0.000000 0.104070 0.001073 0.994569
-1.72644901 0.91925299 -6.81753111 46 58 37 0.000000 0.912475 0.001291 0.409130
-2.05397105 0.84218901 -6.80101681 92 129 49 0.000000 0.039563 0.001014 0.999217
-1.76406300 0.86879402 -6.80101681 110 149 66 0.000000 0.248404 0.001189 0.968656
-1.77415502 0.98072100 -6.69000816 130 154 71 0.000000 0.237255 0.001180 -0.971447
-1.80259502 0.97613299 -6.69826508 92 130 40 0.000000 -0.231726 0.001176 0.972780
-1.87507200 0.83760202 -6.80743885 93 127 51 0.000000 0.000978 0.000978 0.999999
-1.90993404 0.86053801 -6.78541994 111 141 62 0.000000 0.615457 0.001371 0.788169
-2.16314411 0.98530799 -6.70743895 61 73 35 0.000000 0.974705 0.001170 -0.223492
-1.91085196 0.93760198 -6.72670507 91 129 51 0.000000 -0.226229 0.001172 0.974073
-2.02736497 0.83393198 -6.80560398 97 133 54 0.000000 -0.183394 0.001139 0.983039
-1.89708996 0.77705199 -6.85331011 133 121 76 0.000000 -0.245605 0.001186 0.969369
-1.95947599 0.76879501 -6.85514498 118 150 77 0.000000 -0.178186 0.001135 0.983996
-2.07323599 1.01466501 -6.65331078 105 143 62 0.000000 0.031203 0.001007 0.999513
-1.78883398 0.86329001 -6.80009890 108 143 73 0.000000 0.305890 0.001228 0.952066
-2.11727309 0.88897800 -6.78083277 87 124 38 0.000000 -0.406019 0.001289 0.913864
-2.01910806 0.77705199 -6.84872293 106 139 62 0.000000 -0.054502 0.001028 0.998513
-2.16956592 0.88989502 -6.80009890 90 124 36 0.000000 -0.276796 0.001209 0.960928
-1.75947595 0.95227998 -6.70009899 94 125 41 0.000000 -0.867668 0.001333 0.497143
-2.08057594 1.09172904 -6.60743999 42 52 21 0.000000 0.980491 0.001149 0.196558
-1.71910906 0.92475700 -6.79734707 84 107 54 0.000000 0.999040 0.001018 -0.043791
-2.02277803 0.97705102 -6.67991590 101 137 64 0.000000 0.125512 0.001091 0.992091
-1.82553101 0.87062901 -6.78175116 102 138 63 0.000000 -0.010858 0.000987 0.999941
-1.87415504 0.95136303 -6.71844816 93 128 54 0.000000 -0.092452 0.001063 0.995717
-1.97415400 0.89448202 -6.75055790 128 146 84 0.000000 0.311788 0.001232 0.950151
-2.11176801 0.73484999 -6.87991619 114 150 59 0.000000 -0.087863 0.001059 0.996132
-1.84204495 0.98072100 -6.70743895 130 156 65 0.000000 0.186011 0.001141 -0.982547
-1.80259502 0.79998702 -6.82853889 114 142 77 0.000000 0.054502 0.001028 0.998513
-1.89984298 0.97613299 -6.70101690 93 130 53 0.000000 -0.016879 0.000993 0.999857
-1.92277801 0.79723501 -6.84230089 169 149 103 0.000000 0.196558 0.001149 0.980491
-2.04020905 0.73209798 -6.88266802 105 134 72 0.000000 0.406019 0.001289 0.913864
-1.74571502 0.93668401 -6.75514603 110 147 57 0.000000 0.612421 0.001370 0.790530
-2.15488791 0.85595000 -6.80468702 100 135 51 0.000000 0.022971 0.000999 0.999736
-2.00076008 0.84677601 -6.79643011 99 132 53 0.000000 -0.081042 0.001052 0.996710
-1.88149405 1.00457394 -6.68725586 93 129 52 0.000000 -0.058843 0.001032 0.998267
-1.88149405 0.78897798 -6.85239315 200 183 120 0.000000 0.113516 0.001081 -0.993536
-1.76865005 0.82200599 -6.82670403 134 168 99 0.000000 0.578659 0.001362 0.815569
-2.06956697 0.93117899 -6.72945690 84 124 34 0.000000 -0.218041 0.001166 0.975939
-2.05030107 1.08163798 -6.62120104 100 136 55 0.000000 -0.048051 0.001022 0.998844
-2.07782412 0.80732697 -6.82578707 98 135 54 0.000000 -0.085581 0.001057 0.996331
-2.06406212 1.04035294 -6.63496208 120 158 84 0.000000 0.072063 0.001044 0.997400
-1.95305300 0.98622501 -6.69275999 110 147 75 0.000000 0.262509 0.001199 0.964929
-1.81819201 0.96237200 -6.70743895 86 123 36 0.000000 0.050193 0.001024 0.998739
-1.76956797 0.85595000 -6.81753111 115 152 73 0.000000 0.621510 0.001372 0.783405
-2.12736511 0.72384101 -6.89184189 81 91 52 0.000000 -0.353743 0.001259 0.935342
-1.99800706 0.78072101 -6.84780502 106 138 63 0.000000 0.056668 0.001030 0.998393
-1.83837497 0.84769398 -6.80101681 103 135 67 0.000000 0.262509 0.001199 0.964929
-2.07874107 0.95870203 -6.70468712 86 123 41 0.000000 -0.215328 0.001164 0.976541
-2.08516312 0.87338197 -6.78083277 90 128 45 0.000000 -0.111142 0.001079 0.993804
-2.15397000 0.74127197 -6.88266802 56 71 29 0.000000 0.000978 0.000978 0.999999
-1.93929195 0.96145499 -6.70927382 98 136 62 0.000000 0.123096 0.001089 0.992394
-2.09250307 1.04218805 -6.62945795 128 160 96 0.000000 0.636526 0.001375 0.771254
-2.10534596 1.03026199 -6.61386204 57 71 33 0.000000 0.993536 0.001081 0.113516
-2.01085091 0.88989502 -6.75789785 91 127 52 0.000000 -0.387428 0.001279 0.921899
-1.96039295 0.93943602 -6.72119999 91 129 57 0.000000 0.000978 0.000978 0.999999
-2.09617209 0.98163801 -6.68083382 77 113 29 0.000000 -0.440405 0.001307 0.897798
-2.01727295 0.75044602 -6.86890602 106 143 63 0.000000 -0.050193 0.001024 0.998739
-1.98516297 0.82751000 -6.81386089 97 132 53 0.000000 0.043791 0.001018 0.999040
-2.04663110 0.76512498 -6.85789680 105 140 60 0.000000 -0.058843 0.001032 0.998267
-2.15763998 0.78530800 -6.84597111 111 150 60 0.000000 0.025017 0.001001 0.999686
-2.13562202 0.97154599 -6.71936607 78 115 28 0.000000 -0.612421 0.001370 0.790530
-2.02736497 0.86329001 -6.78358603 99 133 54 0.000000 -0.072063 0.001044 0.997400
-1.91819096 0.98989499 -6.69459486 99 136 62 0.000000 0.157685 0.001118 0.987489
-1.93470502 0.99723399 -6.68909121 103 141 66 0.000000 0.099398 0.001069 0.995047
-2.14663100 0.74035400 -6.90193415 85 116 38 0.000000 0.997066 0.001048 0.076536
-1.72920096 0.94952798 -6.76431894 78 94 37 0.000000 0.497143 0.001333 0.867668
-2.12277794 0.75686800 -6.87808084 145 171 74 0.000000 0.688930 0.001381 -0.724826
-1.92920005 0.85411602 -6.78909016 88 122 50 0.000000 -0.033281 0.001009 0.999445
-2.17965794 0.84585899 -6.81110907 107 139 63 0.000000 -0.123096 0.001089 0.992394
-1.94112694 0.81833601 -6.82028294 134 146 84 0.000000 -0.063217 0.001036 0.997999
-1.84479702 0.86329001 -6.78725481 101 133 58 0.000000 0.234487 0.001178 0.972119
-2.14663100 0.99356502 -6.70376921 88 121 27 0.000000 -0.359825 0.001263 0.933019
-1.98699796 0.99448198 -6.67899895 103 141 66 0.000000 0.160219 0.001120 0.987081
-2.04020905 1.05503201 -6.63129282 105 142 66 0.000000 0.123096 0.001089 0.992394
-2.17965794 0.90824401 -6.79367685 89 124 41 0.000000 0.427862 0.001300 0.903843
-2.17690611 0.92017001 -6.77624607 79 110 31 0.000000 -0.045917 0.001020 0.998945
-2.09892392 0.93393201 -6.73679686 83 120 28 0.000000 -0.390517 0.001280 0.920595
-1.98883295 0.97888601 -6.69918203 154 182 81 0.000000 -0.215328 0.001164 -0.976541
-1.74021006 0.85503298 -6.82762194 126 157 84 0.000000 0.584843 0.001363 0.811146
-2.10351205 0.95595002 -6.71844816 80 117 34 0.000000 0.065416 0.001038 0.997858
-1.97874105 0.81191403 -6.82670403 104 136 64 0.000000 0.000978 0.000978 0.999999
-2.05397105 0.98897702 -6.67257690 94 132 51 0.000000 -0.099398 0.001069 0.995047
-2.07415390 0.90549201 -6.75606298 78 115 36 0.000000 -0.240031 0.001182 0.970765
-2.15580511 0.87705100 -6.80101681 95 131 44 0.000000 0.006883 0.000983 0.999976
-1.96406305 0.79907000 -6.83771420 102 137 60 0.000000 0.056668 0.001030 0.998393
-1.86864996 0.91833502 -6.74230099 99 131 51 0.000000 0.069839 0.001042 0.997558
-1.83837497 1.03484905 -6.66982508 90 100 48 0.000000 0.000978 0.000978 0.999999
-1.72828400 0.90182197 -6.81569576 142 176 97 0.000000 0.860313 0.001338 0.509765
-1.87874198 0.90365702 -6.75331116 111 143 59 0.000000 0.000978 0.000978 0.999999
-1.86773300 1.02383995 -6.67808199 95 131 49 0.000000 -0.037461 0.001012 0.999298
-1.85580599 1.03760099 -6.66982508 115 135 67 0.000000 -0.209925 0.001160 0.977717
-1.91176903 0.78622597 -6.85147476 142 116 74 0.000000 -0.145143 0.001108 0.989410
-2.11268592 0.98347300 -6.69459486 79 115 30 0.000000 -0.534955 0.001347 0.844879
-1.95672297 1.02200496 -6.66890717 107 143 74 0.000000 0.341642 0.001251 0.939829
-2.01635599 0.93209702 -6.72853994 140 167 72 0.000000 0.188635 0.001143 -0.982047
-2.02736497 0.99723399 -6.66799021 113 148 74 0.000000 0.387428 0.001279 0.921899
-2.05672312 1.01099598 -6.65606308 102 140 60 0.000000 0.008867 0.000985 0.999960
-2.08424592 1.06879401 -6.61294413 102 124 67 0.000000 0.998844 0.001022 -0.048051
-2.07690597 1.10824299 -6.60927391 58 65 33 0.000000 0.836802 0.001352 0.547504
-2.12461305 0.76328999 -6.86248398 105 142 53 0.000000 -0.111142 0.001079 0.993804
-1.96131003 0.83851898 -6.80376911 95 127 55 0.000000 -0.137718 0.001102 0.990471
-1.76956797 0.83668399 -6.81844807 121 157 85 0.000000 0.509765 0.001338 0.860313
-1.80351305 0.90273899 -6.76615381 101 137 69 0.000000 0.528668 0.001345 0.848828
-1.91727400 1.02842700 -6.67808199 105 142 70 0.000000 0.078785 0.001050 0.996891
-2.09158492 0.84585899 -6.80101681 91 128 48 0.000000 0.000978 0.000978 0.999999
-1.90076005 1.05503201 -6.67532921 132 159 97 0.000000 0.245605 0.001186 0.969369
-2.16956592 0.96787697 -6.73404503 68 89 33 0.000000 0.913864 0.001289 0.406019
-1.88699901 0.93209702 -6.72853994 99 137 61 0.000000 0.054502 0.001028 0.998513
-2.08975005 0.79998702 -6.84413624 147 170 83 0.000000 0.879960 0.001323 -0.475046
-1.90076005 0.96237200 -6.71019077 95 134 57 0.000000 0.008867 0.000985 0.999960
-1.84112704 0.93026203 -6.73312712 92 129 46 0.000000 0.000978 0.000978 0.999999
-2.16773200 0.93851900 -6.75973320 85 121 35 0.000000 0.052343 0.001026 0.998629
-1.94663095 0.88897800 -6.77257586 177 189 107 0.000000 0.061026 0.001034 -0.998136
-1.80993497 0.86329001 -6.79184198 105 142 67 0.000000 0.368984 0.001268 0.929435
-2.03103495 0.79172999 -6.83679581 104 142 57 0.000000 -0.018902 0.000995 0.999821
-1.81819201 0.93117899 -6.72853994 89 128 42 0.000000 -0.212622 0.001162 0.977134
-2.00809908 0.98897702 -6.67899895 106 140 73 0.000000 0.271059 0.001205 0.962562
-2.02186108 0.96237200 -6.69367790 97 133 61 0.000000 -0.282560 0.001213 0.959249
-1.76865005 0.96512401 -6.69459486 99 129 38 0.000000 -0.035367 0.001010 0.999374
-2.19341898 0.83760202 -6.81386089 122 154 79 0.000000 0.000978 0.000978 0.999999
-2.06773210 0.86971200 -6.77991581 88 124 42 0.000000 -0.165311 0.001125 0.986241
-2.11819100 1.01650000 -6.65055799 95 126 52 0.000000 0.645448 0.001376 0.763803
-1.89066803 0.80732697 -6.83312702 94 127 51 0.000000 -0.074296 0.001046 0.997236
-2.10351205 0.81007898 -6.82670403 94 133 51 0.000000 -0.094759 0.001065 0.995500
-1.92186105 0.92751002 -6.73312712 91 129 55 0.000000 0.074296 0.001046 0.997236
-1.90076005 0.83026201 -6.81202602 99 127 53 0.000000 -0.008867 0.000985 0.999960
-2.00809908 0.86420703 -6.79184198 145 165 80 0.000000 0.891519 0.001313 -0.452981
-1.88332903 0.86971200 -6.77716398 88 125 45 0.000000 -0.085581 0.001057 0.996331
-2.02369499 0.89723498 -6.75147581 85 124 42 0.000000 -0.218041 0.001166 0.975939
-2.12094307 0.80732697 -6.83129215 99 137 52 0.000000 -0.152643 0.001114 0.988281
-1.94571400 1.01466501 -6.67808199 106 142 73 0.000000 0.242814 0.001184 0.970072
-2.14571309 0.91833502 -6.76523685 82 121 34 0.000000 -0.412244 0.001292 0.911072
-1.93837500 0.83485001 -6.82211781 160 174 81 0.000000 0.043791 0.001018 -0.999040
-1.88424599 0.96328902 -6.71019077 89 127 50 0.000000 0.056668 0.001030 0.998393
-1.98608100 1.07521605 -6.62762308 71 78 34 0.000000 -0.099398 0.001069 0.995047
-2.04020905 0.96604198 -6.69184303 89 130 44 0.000000 -0.035367 0.001010 0.999374
-1.94112694 0.76145500 -6.85514498 126 154 86 0.000000 0.162760 0.001122 0.986665
-1.79250395 0.83301502 -6.81477785 121 156 84 0.000000 -0.033281 0.001009 0.999445
-2.08149290 0.76237297 -6.86248398 103 141 54 0.000000 -0.268202 0.001203 0.963362
-1.99250305 0.92659199 -6.73312712 156 176 89 0.000000 0.083307 0.001055 -0.996523
-2.12461305 0.87154698 -6.79459476 90 127 43 0.000000 -0.254023 0.001193 0.967197
-2.05672312 0.80640900 -6.82578707 103 141 58 0.000000 -0.067624 0.001040 0.997710
-2.02277803 0.91650099 -6.73404503 94 133 54 0.000000 -0.137718 0.001102 0.990471
-2.03195190 0.74494201 -6.87257624 117 155 71 0.000000 0.145143 0.001108 0.989410
-1.99250305 1.03209698 -6.65147591 114 152 80 0.000000 0.347682 0.001255 0.937612
-1.83470500 0.81191403 -6.82762194 102 136 62 0.000000 -0.201881 0.001154 0.979409
-2.05213594 0.88347298 -6.77257586 89 125 40 0.000000 0.120688 0.001087 0.992690
-1.92002594 0.89448202 -6.75514603 89 128 48 0.000000 -0.065416 0.001038 0.997858
-1.84112704 0.95411497 -6.71569586 99 132 49 0.000000 0.279674 0.001211 0.960094
-1.87048495 1.03851902 -6.67441177 106 135 57 0.000000 -0.120688 0.001087 0.992690
-2.13562202 0.92659199 -6.75331116 81 119 33 0.000000 -0.381263 0.001275 0.924466
-1.99984205 0.80732697 -6.82670403 102 137 60 0.000000 0.072063 0.001044 0.997400
-2.13929105 0.95227998 -6.73771381 85 124 34 0.000000 -0.294171 0.001221 0.955752
-1.96956694 0.87888598 -6.76431894 127 146 82 0.000000 0.572458 0.001360 0.819933
-1.85580599 0.98163801 -6.70101690 88 125 44 0.000000 0.430994 0.001302 0.902354
-1.96589696 0.91283101 -6.74964094 170 183 105 0.000000 -0.072063 0.001044 -0.997400
-1.87415504 0.82292300 -6.81844807 91 127 49 0.000000 0.170436 0.001129 0.985368
-1.79250395 1.00916100 -6.68542099 101 113 59 0.000000 0.014865 0.000991 0.999889
-1.90351200 0.92200500 -6.73679686 100 138 62 0.000000 -0.087863 0.001059 0.996132
-2.11085105 0.86329001 -6.79275990 90 127 43 0.000000 -0.196558 0.001149 0.980491
-2.00259399 0.96053702 -6.70927382 150 177 76 0.000000 -0.078785 0.001050 -0.996891
-2.16681409 0.81833601 -6.82119989 108 145 64 0.000000 0.050193 0.001024 0.998739
-2.03653908 0.85319799 -6.79000807 96 133 52 0.000000 0.058843 0.001032 0.998267
-1.98241103 0.85319799 -6.79184198 98 131 56 0.000000 -0.018902 0.000995 0.999821
-2.10351205 0.83393198 -6.81019115 103 139 59 0.000000 -0.092452 0.001063 0.995717
-1.93195295 0.79723501 -6.85422802 143 154 82 0.000000 -0.985809 0.001127 -0.167869
-1.96314502 0.96695900 -6.70193386 105 142 73 0.000000 0.323658 0.001240 0.946173
-1.85488904 0.84861100 -6.79734707 92 127 52 0.000000 0.130369 0.001096 0.991465
-2.07323599 0.91466600 -6.74321890 83 122 33 0.000000 0.018902 0.000995 0.999821
-2.07231903 0.97246403 -6.68909121 88 123 44 0.000000 -0.231726 0.001176 0.972780
-2.04938293 1.04035294 -6.63863182 112 149 73 0.000000 0.338631 0.001250 0.940919
-2.14846611 0.93760198 -6.75055790 84 122 34 0.000000 -0.430994 0.001302 0.902354
-2.08424592 0.93301398 -6.73404503 84 122 31 0.000000 -0.186011 0.001141 0.982547
-2.19158506 0.86237198 -6.80835581 101 125 57 0.000000 -0.014865 0.000991 0.999889
-1.75121903 0.94769299 -6.71661282 89 130 38 0.000000 0.359825 0.001263 0.933019
-1.84112704 0.99172997 -6.69367790 88 127 44 0.000000 -0.101730 0.001071 0.994811
-2.05121803 0.93209702 -6.72578812 87 125 41 0.000000 -0.294171 0.001221 0.955752
-1.92277801 0.83668399 -6.81019115 139 151 75 0.000000 0.113516 0.001081 -0.993536
-1.77965999 0.87429899 -6.79643011 105 144 64 0.000000 0.359825 0.001263 0.933019
-1.86131096 0.81558400 -6.82670403 100 129 59 0.000000 0.106419 0.001075 0.994321
-2.14296103 1.00273895 -6.69000816 91 115 36 0.000000 -0.993536 0.001081 0.113516
-1.92369604 1.07062900 -6.65881491 45 55 16 0.000000 0.173011 0.001131 0.984919
-1.82920098 0.79723501 -6.83404398 105 136 66 0.000000 -0.041673 0.001016 0.999131
-2.20534611 0.83943701 -6.80193377 59 70 33 0.000000 0.976541 0.001164 0.215328
-1.75121903 0.86420703 -6.82487011 113 149 74 0.000000 -0.544370 0.001351 0.838844
-1.89800799 1.03393102 -6.67899895 104 139 67 0.000000 0.097074 0.001067 0.995277
-1.74388003 0.96604198 -6.69551277 91 91 43 0.000000 -0.285453 0.001215 -0.958392
-2.07598901 0.78255600 -6.84780502 101 138 54 0.000000 -0.027071 0.001003 0.999633
-2.20259404 0.80640900 -6.80743885 49 57 33 0.000000 0.916599 0.001286 0.399807
-2.07140207 0.73209798 -6.87441111 102 136 56 0.000000 -0.113516 0.001081 0.993536
-2.10626411 0.71833599 -6.89459419 46 58 30 0.000000 -0.817758 0.001361 0.575560
-2.17690611 0.78622597 -6.84597111 104 139 54 0.000000 0.162760 0.001122 0.986665
-2.07415390 1.09539902 -6.62028408 143 173 100 0.000000 0.000978 0.000978 0.999999
-2.01360393 0.83117998 -6.80835581 97 133 54 0.000000 0.063217 0.001036 0.997999
-1.97140205 0.82475799 -6.81661320 97 130 57 0.000000 0.008867 0.000985 0.999960
-2.19708896 0.89723498 -6.80101681 98 108 69 0.000000 0.326641 0.001242 -0.945148
-2.09800696 0.73118001 -6.88083315 115 151 64 0.000000 -0.170436 0.001129 0.985368
-1.88608098 1.04310596 -6.67716408 103 136 62 0.000000 -0.108776 0.001077 0.994066
-1.85121906 0.94585800 -6.72119999 91 127 44 0.000000 -0.056668 0.001030 0.998393
-1.88424599 0.94585800 -6.73037481 136 160 70 0.000000 0.633537 0.001374 -0.773712
-2.03837395 0.87705100 -6.78633785 142 166 80 0.000000 -0.271059 0.001205 0.962562
-1.99525499 0.96512401 -6.69551277 98 132 63 0.000000 0.254023 0.001193 0.967197
-1.99617302 0.97705102 -6.68725586 97 134 65 0.000000 0.259673 0.001197 0.965696
-2.19158506 0.81833601 -6.81844807 133 166 92 0.000000 0.456129 0.001314 0.889912
-2.14204407 0.73301500 -6.89092398 82 100 49 0.000000 0.178186 0.001135 0.983996
-1.94479704 0.77613401 -6.85147476 103 133 67 0.000000 -0.056668 0.001030 0.998393
-2.09892392 0.96328902 -6.70743895 77 114 31 0.000000 -0.402911 0.001287 0.915238
-1.94112694 0.91099602 -6.74321890 94 131 55 0.000000 -0.074296 0.001046 0.997236
-1.94112694 0.84218901 -6.80101681 142 147 89 0.000000 -0.092452 0.001063 0.995717
-1.85855806 0.79264802 -6.84138298 95 119 58 0.000000 0.027071 0.001003 0.999633
-1.77507198 0.95595002 -6.70560408 97 131 41 0.000000 -0.314746 0.001234 0.949175
-2.00809908 0.73668498 -6.88266802 34 51 20 0.000000 -0.090153 0.001061 0.995927
-1.95672297 0.86695999 -6.78725481 155 170 85 0.000000 0.566240 0.001358 -0.824239
-2.19800711 0.79448301 -6.82578707 70 85 45 0.000000 0.879960 0.001323 0.475046
-1.89250302 0.89448202 -6.75697994 105 136 62 0.000000 0.347682 0.001255 0.937612
-2.11727309 0.92842698 -6.74505377 85 122 30 0.000000 -0.041673 0.001016 0.999131
-1.91360402 0.97705102 -6.70009899 96 133 58 0.000000 0.106419 0.001075 0.994321
-1.99525499 0.87888598 -6.76248503 91 130 45 0.000000 0.694569 0.001381 0.719425
-2.04296088 0.95227998 -6.70560408 94 131 52 0.000000 -0.132811 0.001098 0.991141
-2.09066796 0.78622597 -6.84505320 101 139 55 0.000000 0.031203 0.001007 0.999513
-1.93745697 0.87246400 -6.77257586 92 127 50 0.000000 0.031203 0.001007 0.999513
-2.15305305 0.96604198 -6.73404503 80 119 34 0.000000 -0.691755 0.001381 0.722131
-1.80076003 0.81741798 -6.82028294 117 152 77 0.000000 0.074296 0.001046 0.997236
-2.06039310 0.74861097 -6.86798906 109 147 62 0.000000 -0.132811 0.001098 0.991141
-1.97231901 0.92751002 -6.72762299 98 133 60 0.000000 0.145143 0.001108 0.989410
-1.92553103 1.05595005 -6.66890717 131 163 95 0.000000 0.207235 0.001158 0.978290
-1.85397100 0.89539999 -6.75697994 91 126 44 0.000000 -0.018902 0.000995 0.999821
-2.14571309 0.86787701 -6.80101681 94 131 44 0.000000 -0.008867 0.000985 0.999960
-1.97965896 0.89356500 -6.76340199 145 170 73 0.000000 0.006883 0.000983 -0.999976
-1.79066896 0.97980303 -6.69275999 103 135 45 0.000000 -0.556887 0.001355 0.830587
-1.98332906 0.74402398 -6.87532902 45 59 28 0.000000 0.993804 0.001079 0.111142
-2.06864905 0.94769299 -6.71294403 91 129 41 0.000000 -0.160219 0.001120 0.987081
-1.80534804 0.92292303 -6.73312712 90 126 48 0.000000 0.430994 0.001302 0.902354
-2.05672312 0.95595002 -6.70560408 94 132 48 0.000000 -0.048051 0.001022 0.998844
-1.92920005 0.76879501 -6.85331011 113 136 79 0.000000 -0.008867 0.000985 0.999960
-1.80901694 0.99906898 -6.69918203 128 157 62 0.000000 0.503455 0.001335 0.864020
-1.87232006 0.99723399 -6.69367790 90 127 47 0.000000 0.099398 0.001069 0.995047
-1.97598898 0.96328902 -6.70101690 101 139 68 0.000000 0.231726 0.001176 0.972780
-1.76681602 0.98714298 -6.68083382 86 98 40 0.000000 0.178186 0.001135 0.983996
-1.89158595 1.01283097 -6.68450403 93 129 52 0.000000 0.000978 0.000978 0.999999
-1.99066806 0.86145502 -6.78541994 89 123 46 0.000000 -0.137718 0.001102 0.990471
-1.90810001 0.88714302 -6.75973320 89 126 48 0.000000 0.000978 0.000978 0.999999
-1.98057604 0.90640903 -6.75147581 153 175 78 0.000000 -0.173011 0.001131 -0.984919
-1.99984205 0.74769402 -6.86890602 99 131 61 0.000000 -0.276796 0.001209 0.960928
-1.90167701 0.85319799 -6.79275990 88 123 47 0.000000 0.008867 0.000985 0.999960
-1.98608100 0.90916097 -6.73312712 130 154 84 0.000000 0.606331 0.001369 0.795211
-2.17965794 0.76879501 -6.86340189 94 125 51 0.000000 0.396706 0.001284 0.917945
-2.14204407 0.75503302 -6.88725519 129 154 72 0.000000 0.152643 0.001114 -0.988281
-1.95855796 1.03760099 -6.65973282 114 151 85 0.000000 0.446689 0.001310 0.894688
-1.74388003 0.95411497 -6.72578812 103 134 52 0.000000 0.992091 0.001091 0.125512
-1.90443003 1.07062900 -6.67532921 102 120 44 0.000000 -0.560008 0.001356 -0.828486
-1.96039295 0.89631701 -6.75239277 101 129 55 0.000000 0.165311 0.001125 0.986241
-2.10809898 0.94310600 -6.73312712 79 117 34 0.000000 -0.547504 0.001352 0.836802
-1.83378804 0.91191399 -6.74413586 87 125 43 0.000000 -0.212622 0.001162 0.977134
-1.93470502 0.93301398 -6.72853994 99 136 63 0.000000 0.152643 0.001114 0.988281
-2.06406212 0.77429903 -6.85147476 103 139 55 0.000000 -0.092452 0.001063 0.995717
-2.11635590 0.90273899 -6.76982403 84 123 31 0.000000 -0.326641 0.001242 0.945148
-1.97782397 1.06787598 -6.63496208 109 129 69 0.000000 0.412244 0.001292 0.911072
-2.08241105 1.08163798 -6.61661386 132 155 99 0.000000 0.908224 0.001296 0.418483
-2.03195190 0.98622501 -6.67349386 104 141 66 0.000000 0.000978 0.000978 0.999999
-2.05488801 0.85228097 -6.79275990 95 132 49 0.000000 -0.113516 0.001081 0.993536
-2.13378692 0.84585899 -6.80835581 101 137 55 0.000000 0.000978 0.000978 0.999999
-1.72644901 0.88530803 -6.82395315 129 161 84 0.000000 0.871255 0.001330 0.490829
-1.80259502 0.88347298 -6.77257586 102 138 67 0.000000 0.215328 0.001164 0.976541
-1.76589799 0.93668401 -6.72762299 92 133 47 0.000000 0.657235 0.001378 0.753685
-2.01635599 0.95319802 -6.70101690 89 125 53 0.000000 -0.311788 0.001232 0.950151
-1.80901694 1.01191294 -6.69275999 128 153 67 0.000000 0.279674 0.001211 -0.960094
-2.09250307 1.02659202 -6.64138412 102 140 62 0.000000 0.196558 0.001149 0.980491
-1.71544003 0.93943602 -6.77716398 48 53 17 0.000000 0.785794 0.001371 0.618487
-1.94938397 0.85044599 -6.79184198 135 143 83 0.000000 -0.052343 0.001026 0.998629
-1.93745697 0.75411600 -6.86615419 42 51 31 0.000000 -0.012857 0.000989 0.999917
-2.10442901 0.97521597 -6.70009899 76 114 30 0.000000 -0.534955 0.001347 0.844879
-2.12277794 0.85411602 -6.80101681 95 132 47 0.000000 -0.228974 0.001174 0.973432
-2.11452103 0.79172999 -6.85147476 146 171 80 0.000000 -0.926978 0.001272 -0.375114
-1.91452098 1.00549102 -6.68817282 100 137 65 0.000000 -0.025017 0.001001 0.999686
-1.97048497 1.01833498 -6.66890717 111 149 79 0.000000 0.297091 0.001223 0.954848
-2.12553000 0.99815202 -6.67624712 90 111 28 0.000000 -0.663079 0.001379 0.748548
-1.95213604 0.96053702 -6.70743895 99 135 66 0.000000 0.090153 0.001061 0.995927
-1.84754896 0.82475799 -6.82028294 108 133 67 0.000000 0.212622 0.001162 0.977134
-1.82553101 0.89539999 -6.75697994 102 136 63 0.000000 0.204554 0.001156 0.978855
-1.94387901 1.05870199 -6.66248512 130 161 97 0.000000 0.427862 0.001300 0.903843
-1.86039305 0.97154599 -6.70743895 90 127 43 0.000000 0.000978 0.000978 0.999999
-2.10718107 0.99906898 -6.67165899 91 122 35 0.000000 -0.193909 0.001147 0.981019
-2.09342003 0.86604202 -6.78725481 93 130 43 0.000000 -0.215328 0.001164 0.976541
-2.02186108 1.08530700 -6.62487078 51 60 26 0.000000 0.553762 0.001354 0.832674
-1.99617302 0.93026203 -6.71753120 125 151 85 0.000000 0.393609 0.001282 0.919277
-1.89708996 0.78897798 -6.84597111 103 119 52 0.000000 -0.130369 0.001096 0.991465
-2.17782307 0.87796903 -6.80560398 96 129 43 0.000000 -0.248404 0.001189 0.968656
-2.06681395 1.06695902 -6.62578821 125 161 90 0.000000 0.087863 0.001059 0.996132
-1.82461405 0.84402400 -6.80743885 104 138 64 0.000000 0.201881 0.001154 0.979409
-1.87323701 0.81191403 -6.82853889 96 126 53 0.000000 0.063217 0.001036 0.997999
-2.00442910 0.94861102 -6.70560408 119 148 81 0.000000 -0.018902 0.000995 0.999821
-1.87782395 0.89356500 -6.76523685 142 167 74 0.000000 -0.056668 0.001030 -0.998393
-2.07598901 0.86145502 -6.78633785 93 130 47 0.000000 0.008867 0.000985 0.999960
-2.11085105 0.81925303 -6.82211781 100 139 57 0.000000 -0.193909 0.001147 0.981019
-1.88241100 0.79907000 -6.83771420 94 124 50 0.000000 -0.018902 0.000995 0.999821
-2.13195205 0.89173001 -6.78541994 89 126 41 0.000000 -0.446689 0.001310 0.894688
-2.05580497 1.00090396 -6.66340303 105 143 59 0.000000 -0.157685 0.001118 0.987489
-2.18424511 0.79907000 -6.83312702 130 168 77 0.000000 0.234487 0.001178 0.972119
-1.82736599 0.86237198 -6.79092503 104 138 64 0.000000 -0.085581 0.001057 0.996331
-1.92736602 0.81558400 -6.82670403 154 141 88 0.000000 -0.050193 0.001024 0.998739
-2.03929210 0.77613401 -6.84963989 103 137 56 0.000000 0.000978 0.000978 0.999999
-1.76039398 0.83485001 -6.82670403 129 160 91 0.000000 0.711237 0.001381 0.702951
-2.15030098 0.82934499 -6.81569576 105 141 58 0.000000 0.157685 0.001118 0.987489
-2.14846611 0.80182201 -6.83587885 95 133 46 0.000000 0.043791 0.001018 0.999040
-2.16681409 0.85319799 -6.80652094 96 129 52 0.000000 -0.300017 0.001225 0.953933
-2.00442910 1.05136299 -6.63863182 100 137 61 0.000000 0.242814 0.001184 0.970072
-1.97415400 0.94952798 -6.71202612 101 137 67 0.000000 0.220763 0.001168 0.975327
-2.01360393 0.87154698 -6.77899790 87 122 41 0.000000 0.065416 0.001038 0.997858
-1.84571397 1.01191294 -6.68266916 93 129 51 0.000000 -0.072063 0.001044 0.997400
-1.85672402 0.83576697 -6.80927420 94 128 57 0.000000 0.207235 0.001158 0.978290
-2.13929105 0.81741798 -6.82487011 99 136 54 0.000000 0.085581 0.001057 0.996331
-2.03745699 1.03943598 -6.64138412 108 144 70 0.000000 0.106419 0.001075 0.994321
-2.00809908 0.76237297 -6.85789680 108 143 66 0.000000 -0.067624 0.001040 0.997710
-1.82277906 0.99815202 -6.69918203 133 162 64 0.000000 0.745961 0.001379 0.665988
-2.00626397 0.89723498 -6.74872398 97 135 57 0.000000 -0.137718 0.001102 0.990471
-1.85672402 0.87888598 -6.77165890 94 119 47 0.000000 0.085581 0.001057 0.996331
-2.07598901 0.99356502 -6.67808199 141 168 70 0.000000 0.065416 0.001038 -0.997858
-1.86773300 0.98347300 -6.69918203 89 125 49 0.000000 -0.183394 0.001139 0.983039
-1.84112704 0.83576697 -6.81110907 98 130 61 0.000000 0.150135 0.001112 0.988665
-2.00626397 1.06695902 -6.62945795 96 130 52 0.000000 0.207235 0.001158 0.978290
-1.75213695 0.86237198 -6.81294298 115 152 74 0.000000 0.434129 0.001304 0.900850
-2.01360393 1.03393102 -6.64597082 110 148 73 0.000000 0.188635 0.001143 0.982047
-1.87140203 0.93301398 -6.72945690 99 134 56 0.000000 0.279674 0.001211 0.960094
-2.02277803 0.94218898 -6.71110916 101 137 60 0.000000 -0.108776 0.001077 0.994066
-2.01360393 1.02016997 -6.65606308 106 143 71 0.000000 0.356781 0.001261 0.934187
-1.80534804 0.87246400 -6.78541994 102 139 64 0.000000 0.083307 0.001055 0.996523
-1.87232006 0.96145499 -6.71110916 92 128 56 0.000000 0.106419 0.001075 0.994321
-2.10259390 0.79723501 -6.84872293 147 173 82 0.000000 0.636526 0.001375 -0.771254
-2.03011799 0.84402400 -6.79734707 97 135 53 0.000000 -0.037461 0.001012 0.999298
-1.98516297 0.88439101 -6.75789785 91 124 51 0.000000 -0.350710 0.001257 0.936483
-1.88883400 0.83117998 -6.81294298 88 122 49 0.000000 0.078785 0.001050 0.996891
-2.08516312 0.80090499 -6.83312702 99 137 54 0.000000 -0.186011 0.001141 0.982547
-2.12277794 0.95962000 -6.72395277 79 115 32 0.000000 -0.587928 0.001364 0.808912
-2.16039205 0.76604199 -6.86615419 95 130 41 0.000000 -0.372047 0.001270 0.928213
-2.10901594 0.76696002 -6.86156702 101 139 50 0.000000 -0.282560 0.001213 0.959249
-2.12553000 0.74677598 -6.87257624 105 142 47 0.000000 -0.350710 0.001257 0.936483
-2.14571309 0.90824401 -6.77441120 83 122 29 0.000000 -0.550634 0.001353 0.834745
-1.89158595 0.90732598 -6.74688911 103 136 61 0.000000 0.135260 0.001100 0.990809
-1.92186105 0.85319799 -6.79826498 163 170 89 0.000000 0.092452 0.001063 -0.995717
-2.17048407 0.80916202 -6.82762194 106 145 62 0.000000 0.058843 0.001032 0.998267
-1.96406305 0.97613299 -6.69459486 104 142 69 0.000000 0.254023 0.001193 0.967197
-2.02920008 0.82108802 -6.81569576 105 136 61 0.000000 0.000978 0.000978 0.999999
-2.14663100 0.78897798 -6.84413624 101 139 53 0.000000 0.538096 0.001349 0.842882
-1.93470502 0.79448301 -6.84321785 120 138 74 0.000000 0.020933 0.000997 0.999780
-2.15030098 0.92842698 -6.76156712 84 121 29 0.000000 -0.314746 0.001234 0.949175
-1.82186103 0.83117998 -6.81753111 111 142 71 0.000000 -0.056668 0.001030 0.998393
-1.84204495 1.00182104 -6.68725586 91 127 47 0.000000 -0.094759 0.001065 0.995500
-2.00534701 0.95778501 -6.69826508 104 136 65 0.000000 0.347682 0.001255 0.937612
-1.77048504 0.85961998 -6.80652094 109 146 72 0.000000 0.338631 0.001250 0.940919
-1.80167794 0.85961998 -6.79918194 107 142 70 0.000000 0.291258 0.001219 0.956644
-1.94020998 1.04402304 -6.66615486 122 159 90 0.000000 0.456129 0.001314 0.889912
-1.96131003 1.06237197 -6.64964104 139 160 100 0.000000 0.509765 0.001338 0.860313
-2.04754901 1.01650000 -6.65147591 108 146 71 0.000000 -0.058843 0.001032 0.998267
-2.02186108 0.93301398 -6.71844816 95 130 57 0.000000 -0.240031 0.001182 0.970765
-2.07323599 0.74952900 -6.86798906 103 141 54 0.000000 0.074296 0.001046 0.997236
-2.08241105 0.72108901 -6.88541985 55 75 27 0.000000 -0.033281 0.001009 0.999445
-2.18057609 0.86420703 -6.81110907 98 131 55 0.000000 -0.838844 0.001351 -0.544370
-1.94938397 0.94218898 -6.71936607 104 141 69 0.000000 0.170436 0.001129 0.985368
-1.82736599 1.03301406 -6.67257690 105 118 67 0.000000 0.268202 0.001203 0.963362
-1.88149405 1.01833498 -6.68175077 96 132 55 0.000000 -0.118289 0.001085 0.992979
-2.05305290 1.07062900 -6.62303591 115 153 77 0.000000 -0.008867 0.000985 0.999960
-1.99708998 0.76787698 -6.85514498 106 139 66 0.000000 0.160219 0.001120 0.987081
-1.78241205 0.88347298 -6.78909016 98 140 58 0.000000 0.923189 0.001277 0.384343
-1.90718198 0.80732697 -6.83404398 83 114 38 0.000000 -0.157685 0.001118 0.987489
-1.95488799 0.79081303 -6.84413624 105 138 63 0.000000 0.056668 0.001030 0.998393
-1.83195305 1.01099598 -6.68358612 99 134 57 0.000000 0.140185 0.001104 0.990125
-1.77874196 0.98897702 -6.68358612 125 149 67 0.000000 0.538096 0.001349 -0.842882
-1.99066806 0.95595002 -6.70193386 98 131 61 0.000000 0.142660 0.001106 0.989771
-1.83378804 0.97338098 -6.71019077 125 150 64 0.000000 0.037461 0.001012 -0.999298
-2.04754901 0.82108802 -6.81477785 104 137 58 0.000000 0.175594 0.001133 0.984462
-1.86773300 1.05319703 -6.66707182 63 74 26 0.000000 -0.314746 0.001234 0.949175
-2.01819110 1.07154596 -6.62487078 98 133 52 0.000000 0.092452 0.001063 0.995717
-1.76589799 0.97338098 -6.68725586 106 126 51 0.000000 -0.132811 0.001098 0.991141
-2.10718107 1.01925302 -6.65055799 91 127 52 0.000000 -0.025017 0.001001 0.999686
-1.84754896 0.96420699 -6.70835590 87 126 38 0.000000 -0.259673 0.001197 0.965696
-2.05488801 0.78897798 -6.83954906 96 134 51 0.000000 0.000978 0.000978 0.999999
-1.87232006 0.86237198 -6.78541994 95 129 52 0.000000 0.081042 0.001052 0.996710
-2.03011799 0.86329001 -6.79459476 140 172 68 0.000000 -0.913864 0.001289 0.406019
-1.95213604 0.82108802 -6.81844807 100 129 61 0.000000 -0.010858 0.000987 0.999941
-1.95213604 0.81007898 -6.82945681 113 142 72 0.000000 -0.041673 0.001016 0.999131
-2.11819100 0.91650099 -6.76248503 86 122 30 0.000000 -0.083307 0.001055 0.996523
-2.09250307 0.81283098 -6.82395315 100 138 57 0.000000 0.045917 0.001020 0.998945
-1.92094302 0.96787697 -6.70560408 104 140 67 0.000000 0.097074 0.001067 0.995277
-2.07415390 0.82659298 -6.81386089 100 133 57 0.000000 -0.135260 0.001100 0.990809
-1.94296205 0.97062898 -6.70376921 106 145 69 0.000000 -0.065416 0.001038 0.997858
-1.86222804 0.94402301 -6.72303486 91 129 47 0.000000 -0.132811 0.001098 0.991141
-2.05672312 1.02475703 -6.64505386 107 145 68 0.000000 -0.056668 0.001030 0.998393
-2.15672302 0.91007900 -6.77991581 84 120 31 0.000000 -0.584843 0.001363 0.811146
-1.99250305 0.92108798 -6.72303486 116 141 73 0.000000 0.375114 0.001272 0.926978
-2.00076008 0.79815203 -6.83312702 104 142 60 0.000000 -0.018902 0.000995 0.999821
-2.03195190 0.80090499 -6.83037376 102 139 57 0.000000 0.097074 0.001067 0.995277
-1.94754899 0.89631701 -6.75239277 93 130 49 0.000000 0.081042 0.001052 0.996710
-1.88516402 0.95411497 -6.71661282 88 124 52 0.000000 0.085581 0.001057 0.996331
-1.80626500 0.84310597 -6.81019115 103 136 64 0.000000 -0.018902 0.000995 0.999821
-1.96864998 0.88805997 -6.75789785 140 151 92 0.000000 0.347682 0.001255 0.937612
-1.76131105 0.81558400 -6.83220911 58 76 37 0.000000 0.446689 0.001310 0.894688
-1.71819198 0.92659199 -6.78633785 109 131 61 0.000000 0.858436 0.001339 0.512919
-1.79342103 0.89264798 -6.77257586 98 138 56 0.000000 0.000978 0.000978 0.999999
-1.91727400 0.94952798 -6.71753120 94 131 55 0.000000 0.099398 0.001069 0.995047
-1.81543899 0.99356502 -6.69184303 96 132 48 0.000000 0.137718 0.001102 0.990471
-1.83929205 0.94127101 -6.73312712 126 150 63 0.000000 0.547504 0.001352 -0.836802
-2.00442910 0.93760198 -6.72211790 152 177 81 0.000000 -0.326641 0.001242 -0.945148
-2.08424592 1.01374805 -6.65239286 101 141 57 0.000000 -0.085581 0.001057 0.996331
-1.72828400 0.92475700 -6.77716398 115 150 57 0.000000 0.702951 0.001381 0.711237
-2.14571309 0.96695900 -6.72578812 84 118 24 0.000000 0.218041 0.001166 0.975939
-2.13470411 0.73393202 -6.89918089 88 117 42 0.000000 0.722131 0.001381 -0.691755
-2.03287005 0.91374803 -6.73771381 87 124 46 0.000000 -0.341642 0.001251 0.939829
-2.10259390 0.98989499 -6.67716408 82 119 32 0.000000 -0.456129 0.001314 0.889912
-1.85121906 0.94035399 -6.73312712 133 158 67 0.000000 0.996331 0.001057 -0.085581
-1.99158502 0.81374902 -6.82303476 104 136 63 0.000000 0.085581 0.001057 0.996331
-1.98608100 0.98163801 -6.68725586 97 135 62 0.000000 0.314746 0.001234 0.949175
-2.18699789 0.89448202 -6.79734707 63 85 29 0.000000 0.956644 0.001219 -0.291258
-2.19341898 0.78897798 -6.83496094 43 57 24 0.000000 0.707106 0.001384 0.707106
-2.10351205 1.03026199 -6.63312721 104 137 66 0.000000 0.738126 0.001380 0.674661
-2.16681409 0.97338098 -6.72028303 71 88 40 0.000000 0.928213 0.001270 -0.372047
-1.98516297 0.87246400 -6.77074099 88 125 48 0.000000 -0.175594 0.001133 0.984462
-2.05213594 0.73943698 -6.87257624 114 150 69 0.000000 0.160219 0.001120 0.987081
-2.09250307 1.00732601 -6.66064978 90 127 48 0.000000 -0.076536 0.001048 0.997066
-2.10718107 0.74310702 -6.87441111 118 155 65 0.000000 0.074296 0.001046 0.997236
-2.15121794 0.88530803 -6.79551220 91 128 42 0.000000 -0.193909 0.001147 0.981019
-2.01085091 0.92751002 -6.72028303 96 132 59 0.000000 -0.268202 0.001203 0.963362
-2.04938293 0.83393198 -6.80652094 100 137 53 0.000000 0.018902 0.000995 0.999821
-2.08241105 0.90090400 -6.76156712 85 120 34 0.000000 -0.125512 0.001091 0.992091
-2.13011694 0.77154702 -6.86707211 147 172 81 0.000000 0.452981 0.001313 -0.891519
-1.79800797 0.95595002 -6.70927382 87 128 35 0.000000 0.000978 0.000978 0.999999
-1.90993404 0.90732598 -6.74505377 92 129 53 0.000000 0.008867 0.000985 0.999960
-2.01543903 0.84127200 -6.79918194 99 137 54 0.000000 -0.008867 0.000985 0.999960
-1.93378699 0.87062901 -6.78541994 172 177 98 0.000000 0.362873 0.001264 -0.931838
-2.09800696 0.97796798 -6.69092607 90 124 40 0.000000 -0.633537 0.001374 0.773712
-2.02094293 0.78989601 -6.84046602 98 136 55 0.000000 0.087863 0.001059 0.996132
-1.97323704 0.84861100 -6.79551220 103 134 61 0.000000 0.041673 0.001016 0.999131
-2.10167694 1.03851902 -6.62487078 100 121 72 0.000000 0.946173 0.001240 0.323658
-1.73837495 0.94585800 -6.75973320 121 150 74 0.000000 0.648407 0.001377 0.761293
-1.78332901 0.82751000 -6.81661320 119 155 83 0.000000 0.215328 0.001164 0.976541
-2.02644801 0.89081299 -6.75973320 86 125 44 0.000000 -0.268202 0.001203 0.963362
-1.93103504 1.03576601 -6.67257690 115 151 80 0.000000 0.234487 0.001178 0.972119
-2.00993395 0.74402398 -6.87349415 98 130 59 0.000000 -0.157685 0.001118 0.987489
-2.07323599 0.84310597 -6.80193377 95 132 52 0.000000 -0.120688 0.001087 0.992690
-2.06222701 0.85870302 -6.78817320 90 126 43 0.000000 -0.081042 0.001052 0.996710
-1.97140205 0.91283101 -6.73954916 103 134 64 0.000000 0.137718 0.001102 0.990471
-1.92277801 0.82384002 -6.81661320 105 118 52 0.000000 0.000978 0.000978 0.999999
-2.03011799 1.07888496 -6.62211800 103 136 51 0.000000 0.058843 0.001032 0.998267
-1.78332901 0.85595000 -6.80652094 112 148 72 0.000000 0.152643 0.001114 0.988281
-1.80993497 0.85228097 -6.80376911 109 144 69 0.000000 0.285453 0.001215 0.958392
-1.93929195 0.92383999 -6.74321890 163 175 99 0.000000 0.902354 0.001302 0.430994
-1.99892497 1.00549102 -6.66890717 105 142 69 0.000000 0.237255 0.001180 0.971447
-2.18699789 0.90549201 -6.78633785 43 59 20 0.000000 0.997858 0.001038 0.065416
-1.87874198 0.91466600 -6.74230099 101 134 58 0.000000 0.506611 0.001337 0.862174
-1.92644799 0.86420703 -6.78083277 90 127 49 0.000000 -0.220763 0.001168 0.975327
-2.11360312 0.97429901 -6.70560408 81 118 26 0.000000 -0.127937 0.001093 0.991782
-2.05213594 1.11007798 -6.61477900 49 63 17 0.000000 0.045917 0.001020 0.998945
-1.84020996 0.94861102 -6.72487020 125 147 64 0.000000 0.054502 0.001028 -0.998513
-1.89525604 0.83760202 -6.80652094 109 135 60 0.000000 0.132811 0.001098 0.991141
-1.84112704 0.89448202 -6.75789785 94 128 49 0.000000 -0.220763 0.001168 0.975327
-2.13378692 0.90549201 -6.77349377 84 122 29 0.000000 0.308835 0.001230 0.951115
-1.90534699 0.94494098 -6.72119999 96 133 58 0.000000 -0.165311 0.001125 0.986241
-1.96222794 1.00732601 -6.67441177 122 159 89 0.000000 0.396706 0.001284 0.917945
-1.87599003 0.77980399 -6.85239315 84 89 53 0.000000 0.481358 0.001326 0.876523
-1.96773195 0.89906901 -6.76248503 155 171 85 0.000000 -0.209925 0.001160 -0.977717
-1.80259502 0.93760198 -6.72211790 83 123 33 0.000000 0.092452 0.001063 0.995717
-2.06773210 0.80457401 -6.82762194 100 137 55 0.000000 0.043791 0.001018 0.999040
-1.90443003 0.81741798 -6.82487011 84 117 37 0.000000 -0.052343 0.001026 0.998629
-2.13653898 0.91283101 -6.76523685 84 120 26 0.000000 -0.317711 0.001236 0.948187
-1.97140205 1.03851902 -6.65422821 107 144 71 0.000000 0.326641 0.001242 0.945148
-1.98424602 1.03851902 -6.64964104 104 142 68 0.000000 0.329630 0.001244 0.944109
-2.05764008 1.04860997 -6.63312721 118 155 81 0.000000 0.183394 0.001139 0.983039
-2.09617209 0.76512498 -6.86065006 102 139 52 0.000000 0.061026 0.001034 0.998136
-1.97507203 1.00090396 -6.67808199 108 145 75 0.000000 0.183394 0.001139 0.983039
-2.05213594 0.97338098 -6.68633795 93 133 52 0.000000 0.000978 0.000978 0.999999
-1.99433804 0.83117998 -6.81019115 94 129 51 0.000000 0.215328 0.001164 0.976541
-1.99617302 0.90182197 -6.74138403 89 125 53 0.000000 -0.285453 0.001215 0.958392
-2.04938293 0.92475700 -6.73312712 85 122 41 0.000000 -0.353743 0.001259 0.935342
-1.91727400 0.91925299 -6.73954916 92 128 55 0.000000 0.045917 0.001020 0.998945
-2.06864905 0.92292303 -6.73863220 83 122 39 0.000000 -0.118289 0.001085 0.992979
-2.10075903 0.75136399 -6.87074089 108 145 57 0.000000 -0.085581 0.001057 0.996331
-1.88057697 0.87062901 -6.78725481 143 167 74 0.000000 0.008867 0.000985 -0.999960
-1.86681497 0.93117899 -6.73863220 145 169 78 0.000000 0.152643 0.001114 -0.988281
-1.95580602 0.88439101 -6.77441120 168 183 89 0.000000 0.865851 0.001334 -0.500299
-2.12461305 0.98622501 -6.69826508 81 116 26 0.000000 -0.600218 0.001367 0.799835
-1.84571397 1.04127097 -6.66615486 79 85 38 0.000000 -0.173011 0.001131 0.984919
-1.85213602 0.85686803 -6.79092503 94 126 53 0.000000 0.065416 0.001038 0.997858
-1.87874198 0.84494102 -6.80101681 100 129 57 0.000000 0.031203 0.001007 0.999513
-1.81268704 1.00457394 -6.68633795 99 134 55 0.000000 -0.056668 0.001030 0.998393
-2.12461305 0.94127101 -6.74046707 85 122 31 0.000000 -0.443546 0.001308 0.896251
-1.93011796 0.87888598 -6.76890707 89 127 44 0.000000 -0.226229 0.001172 0.974073
-1.74112797 0.86604202 -6.82303476 120 157 77 0.000000 0.645448 0.001376 0.763803
-2.10075903 0.91466600 -6.75331116 86 122 35 0.000000 0.000978 0.000978 0.999999
-2.08975005 1.05136299 -6.61386204 72 88 46 0.000000 0.978855 0.001156 -0.204554
-1.97965896 0.90182197 -6.74230099 121 142 80 0.000000 0.402911 0.001287 0.915238
-1.74296200 0.96420699 -6.72395277 123 142 67 0.000000 0.902354 0.001302 0.430994
-2.06773210 1.05686700 -6.62945795 127 164 89 0.000000 0.025017 0.001001 0.999686
-2.19984102 0.80090499 -6.81569576 95 108 61 0.000000 0.967197 0.001193 0.254023
-1.74296200 0.93117899 -6.76340199 99 138 48 0.000000 0.000978 0.000978 0.999999
-2.00993395 0.87980402 -6.76615381 87 125 47 0.000000 -0.409130 0.001291 0.912475
-1.98149395 0.94127101 -6.71569586 103 137 67 0.000000 0.256844 0.001195 0.966452
-1.83195305 0.98714298 -6.69459486 91 130 41 0.000000 -0.067624 0.001040 0.997710
-2.00167704 0.99723399 -6.67441177 101 138 67 0.000000 0.186011 0.001141 0.982547
-2.17323589 0.75319803 -6.87808084 41 53 25 0.000000 0.462431 0.001317 0.886654
-1.72369599 0.86971200 -6.83771420 73 99 38 0.000000 0.111142 0.001079 0.993804
-2.06406212 0.98622501 -6.67532921 91 129 48 0.000000 0.029133 0.001005 0.999575
-1.93378699 0.84677601 -6.79551220 97 122 50 0.000000 -0.076536 0.001048 0.997066
-2.16956592 0.91558301 -6.78175116 88 124 34 0.000000 -0.347682 0.001255 0.937612
-1.88699901 0.79172999 -6.84321785 88 118 47 0.000000 -0.251210 0.001191 0.967932
-2.12002492 0.78714299 -6.85881519 146 171 79 0.000000 -0.300017 0.001225 -0.953933
-1.92920005 0.95319802 -6.71294403 102 139 65 0.000000 0.101730 0.001071 0.994811
-2.16130900 0.82567501 -6.81661320 100 136 56 0.000000 0.199215 0.001152 0.979955
-2.00442910 0.85503298 -6.78909016 101 133 57 0.000000 0.092452 0.001063 0.995717
-1.91635597 0.79540002 -6.85147476 208 184 126 0.000000 0.090153 0.001061 -0.995927
-2.09066796 0.99539900 -6.66982508 87 124 39 0.000000 0.008867 0.000985 0.999960
-1.96681499 0.86604202 -6.78633785 154 170 81 0.000000 -0.069839 0.001042 -0.997558
-2.14020896 0.83026201 -6.81661320 104 140 59 0.000000 -0.029133 0.001005 0.999575
-1.91635597 1.06604099 -6.66799021 124 143 91 0.000000 0.305890 0.001228 0.952066
-1.84938395 0.88897800 -6.76340199 89 114 45 0.000000 0.113516 0.001081 0.993536
-1.98975098 0.90090400 -6.75514603 144 168 72 0.000000 -0.167869 0.001127 -0.985809
-1.85121906 0.86787701 -6.78083277 104 133 59 0.000000 0.196558 0.001149 0.980491
-1.96222794 0.92842698 -6.72853994 97 134 62 0.000000 0.209925 0.001160 0.977717
-1.97048497 0.90640903 -6.75606298 155 172 86 0.000000 0.335625 0.001248 -0.941995
-1.99250305 1.01283097 -6.66615486 103 140 68 0.000000 0.175594 0.001133 0.984462
-2.02094293 0.90365702 -6.74413586 91 130 51 0.000000 -0.223492 0.001170 0.974705
-1.87140203 0.78897798 -6.85147476 193 179 113 0.000000 0.115898 0.001083 -0.993261
-1.81543899 0.87062901 -6.78266811 101 137 65 0.000000 0.127937 0.001093 0.991782
-2.20167589 0.81558400 -6.81202602 126 150 87 0.000000 0.826370 0.001357 0.563126
-1.91543901 0.87613398 -6.76982403 95 131 57 0.000000 0.054502 0.001028 0.998513
-2.00718188 0.90916097 -6.73771381 99 136 58 0.000000 -0.137718 0.001102 0.990471
-2.10809898 0.72659302 -6.88450289 116 150 66 0.000000 -0.183394 0.001139 0.983039
-1.74938500 0.85044599 -6.82762194 120 145 79 0.000000 0.587928 0.001364 0.808912
-1.73562300 0.91099602 -6.78450298 123 159 72 0.000000 0.788169 0.001371 0.615457
-1.95213604 0.87705100 -6.76798916 109 135 65 0.000000 -0.043791 0.001018 0.999040
-1.83195305 0.87613398 -6.77624607 98 131 59 0.000000 0.165311 0.001125 0.986241
-2.06589699 1.10090399 -6.61844921 129 159 80 0.000000 0.262509 0.001199 0.964929
-1.91727400 0.77796900 -6.85331011 153 123 87 0.000000 0.228974 0.001174 0.973432
-1.74755001 0.94218898 -6.74688911 100 139 54 0.000000 0.990125 0.001104 0.140185
-1.92920005 1.06512403 -6.66523695 131 150 95 0.000000 0.234487 0.001178 0.972119
-1.95121896 0.86145502 -6.79367685 166 177 89 0.000000 -0.069839 0.001042 -0.997558
-1.82094395 0.88989502 -6.76431894 99 134 60 0.000000 0.256844 0.001195 0.966452
-1.93654001 0.85503298 -6.80468702 179 183 109 0.000000 0.856545 0.001340 -0.516071
-2.06773210 1.00824296 -6.65881491 102 140 59 0.000000 -0.090153 0.001061 0.995927
-1.79433799 0.92567497 -6.73587894 95 134 51 0.000000 0.924466 0.001275 0.381263
-1.93654001 1.00640905 -6.68542099 103 141 67 0.000000 0.218041 0.001166 0.975939
-1.85855806 0.93026203 -6.73221016 89 124 44 0.000000 0.000978 0.000978 0.999999
-1.96864998 0.92934501 -6.73679686 172 191 102 0.000000 -0.544370 0.001351 -0.838844
-2.16864896 0.98439002 -6.71569586 91 99 66 0.000000 0.012857 0.000989 -0.999917
-2.15213490 0.89906901 -6.78817320 87 123 35 0.000000 -0.471891 0.001322 0.881656
-1.95030105 1.03026199 -6.66707182 114 150 83 0.000000 0.372047 0.001270 0.928213
-1.94663095 0.86971200 -6.77532911 96 124 51 0.000000 0.043791 0.001018 0.999040
-2.13286901 0.75411600 -6.88358498 136 162 73 0.000000 0.497143 0.001333 -0.867668
-1.76222801 0.84310597 -6.81661320 117 155 77 0.000000 0.412244 0.001292 0.911072
-1.96589696 0.75044602 -6.86982393 55 71 40 0.000000 0.183394 0.001139 0.983039
-2.14387798 0.94585800 -6.74597120 84 122 34 0.000000 -0.462431 0.001317 0.886654
-1.92002594 0.84677601 -6.80560398 166 173 90 0.000000 0.500299 0.001334 -0.865851
-1.73562300 0.86695999 -6.83220911 126 158 88 0.000000 0.908224 0.001296 0.418483
-2.15580511 0.94402301 -6.75239277 86 124 36 0.000000 -0.484515 0.001327 0.874782
-1.97415400 0.83576697 -6.80468702 94 130 54 0.000000 0.000978 0.000978 0.999999
-1.80993497 0.87796903 -6.77624607 106 142 68 0.000000 0.101730 0.001071 0.994811
-2.17323589 0.96053702 -6.73954916 71 96 34 0.000000 0.848828 0.001345 0.528668
-1.90076005 0.79631799 -6.85147476 195 154 105 0.000000 0.147635 0.001110 -0.989041
-1.89525604 0.86420703 -6.78450298 94 129 50 0.000000 -0.104070 0.001073 0.994569
-1.86039305 1.02934396 -6.67441177 95 129 47 0.000000 -0.140185 0.001104 0.990125
-2.02644801 1.01741803 -6.65514612 113 147 77 0.000000 0.308835 0.001230 0.951115
-1.73562300 0.89631701 -6.81202602 103 142 51 0.000000 0.799835 0.001367 0.600218
-1.74938500 0.95778501 -6.70835590 106 121 55 0.000000 0.828486 0.001356 0.560008
-1.99066806 1.04585803 -6.64413595 112 148 76 0.000000 0.178186 0.001135 0.983996
-2.13195205 0.96328902 -6.72395277 83 122 31 0.000000 -0.603278 0.001368 0.797530
-1.92828298 0.89906901 -6.75239277 95 132 55 0.000000 0.115898 0.001083 0.993261
-2.06681395 0.72108901 -6.87899780 114 145 73 0.000000 0.799835 0.001367 0.600218
-2.14387798 0.73026299 -6.90285110 82 115 34 0.000000 0.642481 0.001376 -0.766300
-2.07415390 0.93851900 -6.72487020 85 124 39 0.000000 -0.186011 0.001141 0.982547
-1.96222794 0.87338197 -6.78175116 154 172 78 0.000000 0.016879 0.000993 -0.999857
-2.18241000 0.82200599 -6.81844807 112 147 72 0.000000 0.097074 0.001067 0.995277
-1.72186196 0.94494098 -6.76890707 88 98 53 0.000000 0.584843 0.001363 0.811146
-1.78149402 0.97429901 -6.69092607 93 128 34 0.000000 -0.393609 0.001282 0.919277
-1.94020998 0.82475799 -6.82762194 166 176 82 0.000000 0.999960 0.000985 0.008867
-1.87323701 0.86879402 -6.77808094 89 125 45 0.000000 -0.043791 0.001018 0.999040
-1.83745801 0.85503298 -6.79459476 101 134 65 0.000000 0.175594 0.001133 0.984462
-2.04204392 0.75503302 -6.86340189 103 140 58 0.000000 -0.035367 0.001010 0.999374
-2.04938293 0.72751099 -6.87899780 95 123 64 0.000000 0.663079 0.001379 0.748548
-2.12094307 0.92475700 -6.75331116 86 123 31 0.000000 0.043791 0.001018 0.999040
-1.88516402 0.99631703 -6.69092607 90 127 50 0.000000 -0.033281 0.001009 0.999445
-2.18516302 0.78989601 -6.84230089 111 146 64 0.000000 0.234487 0.001178 0.972119
-1.72736597 0.90916097 -6.79551220 123 159 73 0.000000 0.977134 0.001162 -0.212622
-1.81452203 1.02567506 -6.68175077 79 85 48 0.000000 0.497143 0.001333 0.867668
-1.96131003 0.82384002 -6.81661320 96 129 58 0.000000 -0.157685 0.001118 0.987489
-2.02553010 0.87154698 -6.77899790 92 126 47 0.000000 0.099398 0.001069 0.995047
-1.81635702 0.90824401 -6.74505377 94 130 55 0.000000 0.083307 0.001055 0.996523
-2.12461305 0.95595002 -6.73679686 87 127 30 0.000000 0.996891 0.001050 0.078785
-2.02736497 0.73852003 -6.87808084 105 139 67 0.000000 0.157685 0.001118 0.987489
-2.02828312 1.03117895 -6.64505386 103 139 65 0.000000 0.106419 0.001075 0.994321
-2.05121803 0.86053801 -6.78633785 96 133 49 0.000000 -0.183394 0.001139 0.983039
-1.89800799 1.06604099 -6.66982508 79 92 46 0.000000 0.291258 0.001219 0.956644
-2.07965899 1.06695902 -6.62120104 152 181 119 0.000000 0.621510 0.001372 0.783405
-1.87323701 0.94127101 -6.72487020 95 132 52 0.000000 0.186011 0.001141 0.982547
-1.84663200 0.92292303 -6.73863220 92 130 46 0.000000 -0.074296 0.001046 0.997236
-2.03653908 0.99264699 -6.66799021 104 141 64 0.000000 -0.008867 0.000985 0.999960
-2.05213594 0.81283098 -6.82028294 99 136 57 0.000000 0.125512 0.001091 0.992091
-2.05213594 0.89631701 -6.76156712 84 124 39 0.000000 0.157685 0.001118 0.987489
-2.12369490 1.01191294 -6.65973282 93 117 44 0.000000 0.375114 0.001272 0.926978
-1.84388006 0.78622597 -6.84597111 63 79 42 0.000000 -0.430994 0.001302 0.902354
-2.01727295 0.99723399 -6.67074203 110 142 74 0.000000 0.173011 0.001131 0.984919
-2.14112592 0.79631799 -6.83863115 100 137 50 0.000000 -0.183394 0.001139 0.983039
-1.73195302 0.94035399 -6.76431894 119 147 67 0.000000 0.609379 0.001369 0.792878
-1.84204495 0.87062901 -6.78083277 106 135 63 0.000000 0.251210 0.001191 0.967932
-1.97965896 0.92383999 -6.74138403 149 173 80 0.000000 -0.487672 0.001329 -0.873026
-2.03745699 0.89448202 -6.75697994 86 124 46 0.000000 -0.311788 0.001232 0.950151
-2.02277803 1.06237197 -6.62854099 97 134 55 0.000000 -0.113516 0.001081 0.993536
-1.96222794 0.85778499 -6.78541994 100 127 56 0.000000 0.178186 0.001135 0.983996
-1.86773300 0.88439101 -6.77624607 139 165 70 0.000000 -0.162760 0.001122 -0.986665
-1.94204402 1.02292204 -6.67532921 107 143 73 0.000000 0.271059 0.001205 0.962562
-1.95580602 0.80273998 -6.83496094 106 140 66 0.000000 0.135260 0.001100 0.990809
-1.94020998 0.85778499 -6.78541994 92 119 46 0.000000 0.065416 0.001038 0.997858
-2.08791494 0.97888601 -6.68450403 86 122 39 0.000000 -0.276796 0.001209 0.960928
-2.06039310 0.73484999 -6.87257624 113 149 67 0.000000 0.127937 0.001093 0.991782
-1.95213604 0.91099602 -6.74230099 102 138 61 0.000000 0.220763 0.001168 0.975327
-1.96589696 0.86604202 -6.77349377 103 130 60 0.000000 0.157685 0.001118 0.987489
-1.88883400 0.78072101 -6.85606194 148 100 65 0.000000 -0.846861 0.001346 -0.531813
-1.90626502 0.99631703 -6.69275999 97 135 60 0.000000 -0.027071 0.001003 0.999633
-1.80259502 0.90365702 -6.75331116 101 133 68 0.000000 0.493986 0.001331 0.869469
-1.73745799 0.96512401 -6.74413586 43 53 28 0.000000 0.665988 0.001379 0.745961
-1.89066803 0.97521597 -6.70285177 89 125 51 0.000000 -0.006883 0.000983 0.999976
-2.07782412 0.88805997 -6.76798916 95 129 46 0.000000 -0.111142 0.001079 0.993804
-2.09617209 0.80549198 -6.83037376 97 136 53 0.000000 -0.167869 0.001127 0.985809
-2.07965899 0.77521700 -6.85239315 107 143 58 0.000000 -0.056668 0.001030 0.998393
-1.99250305 0.79264802 -6.83954906 104 141 62 0.000000 0.152643 0.001114 0.988281
-1.96039295 0.88072097 -6.76523685 125 143 79 0.000000 0.099398 0.001069 0.995047
-1.72553098 0.91833502 -6.79459476 121 153 71 0.000000 0.993804 0.001079 0.111142
-1.95030105 0.92842698 -6.72945690 99 136 63 0.000000 0.118289 0.001085 0.992979
-2.09892392 0.85044599 -6.79734707 95 134 49 0.000000 -0.135260 0.001100 0.990809
-2.12644696 0.99631703 -6.68542099 99 125 32 0.000000 -0.751123 0.001378 0.660161
-1.80167794 1.01099598 -6.68450403 129 150 82 0.000000 0.031203 0.001007 0.999513
-1.92553103 0.99906898 -6.69000816 104 141 70 0.000000 0.165311 0.001125 0.986241
-1.92553103 0.99172997 -6.70009899 152 178 78 0.000000 0.375114 0.001272 -0.926978
-1.97231901 0.75778598 -6.85881519 120 151 78 0.000000 0.188635 0.001143 0.982047
-1.90810001 1.04952800 -6.67349386 126 160 94 0.000000 0.381263 0.001275 0.924466
-1.88332903 0.82475799 -6.81844807 90 125 49 0.000000 -0.018902 0.000995 0.999821
-1.86956799 0.90182197 -6.75331116 92 129 50 0.000000 -0.056668 0.001030 0.998393
-1.72461402 0.91191399 -6.82303476 69 82 53 0.000000 0.966452 0.001195 0.256844
-1.86131096 0.78347403 -6.84963989 49 58 34 0.000000 0.104070 0.001073 0.994569
-1.93011796 0.96695900 -6.70468712 107 144 70 0.000000 0.018902 0.000995 0.999821
-2.11176801 0.80640900 -6.83220911 97 135 53 0.000000 -0.099398 0.001069 0.995047
-1.94112694 0.85961998 -6.79551220 184 188 108 0.000000 0.078785 0.001050 -0.996891
-1.79066896 0.97062898 -6.69734716 94 131 39 0.000000 -0.341642 0.001251 0.939829
-1.76589799 0.95870203 -6.70193386 97 123 36 0.000000 0.291258 0.001219 0.956644
-2.06498003 0.82475799 -6.81386089 101 134 56 0.000000 0.000978 0.000978 0.999999
-1.79066896 0.87429899 -6.79092503 102 140 63 0.000000 0.688930 0.001381 0.724826
-1.94387901 0.99815202 -6.68817282 103 141 68 0.000000 0.207235 0.001158 0.978290
-2.03011799 0.77705199 -6.84872293 101 135 55 0.000000 -0.050193 0.001024 0.998739
-2.20442891 0.82934499 -6.80468702 90 102 58 0.000000 0.979955 0.001152 0.199215
-1.96314502 0.91007900 -6.73587894 115 140 74 0.000000 0.903843 0.001300 0.427862
-2.11910796 1.01741803 -6.64138412 77 97 46 0.000000 0.999960 0.000985 0.008867
-2.03195190 1.00273895 -6.66064978 108 142 70 0.000000 0.140185 0.001104 0.990125
-1.72369599 0.90273899 -6.82945681 82 89 60 0.000000 0.785794 0.001371 0.618487
-1.73103595 0.84494102 -6.83496094 100 121 70 0.000000 0.300017 0.001225 0.953933
-1.80809999 0.82292300 -6.81936502 112 147 76 0.000000 -0.215328 0.001164 0.976541
-2.07598901 0.98439002 -6.67716408 87 124 40 0.000000 -0.268202 0.001203 0.963362
-1.92920005 0.83393198 -6.82211781 186 186 99 0.000000 0.738126 0.001380 -0.674661
-2.17690611 0.89539999 -6.80101681 96 131 46 0.000000 -0.528668 0.001345 0.848828
-2.14754796 0.74861097 -6.89367723 122 149 70 0.000000 0.234487 0.001178 -0.972119
-2.01268601 0.77154702 -6.85239315 109 141 66 0.000000 0.000978 0.000978 0.999999
