-2.49112201 -1.09346604 -6.08235693 46 51 42 0.000000 0.828486 0.001356 0.560008
-2.55733705 -1.06290603 -6.59764385 77 105 49 0.000000 0.994811 0.001071 -0.101730
-2.23050690 -0.80483699 -6.28439713 106 128 84 0.000000 0.645448 0.001376 0.763803
-2.55479002 -1.15458798 -6.33702898 48 54 49 0.000000 0.964151 0.001201 -0.265352
-2.40113807 -0.97377002 -6.27675676 97 126 80 0.000000 0.957524 0.001217 -0.288352
-2.46480608 -1.00772703 -6.44738817 100 129 83 0.000000 0.991465 0.001096 -0.130369
-2.32982898 -0.87529701 -6.37353182 92 112 56 0.000000 -0.753685 0.001378 0.657235
-2.32982898 -0.88633299 -6.18167877 51 55 44 0.000000 0.660161 0.001378 0.751123
-2.42915201 -0.97801501 -6.60019112 61 73 51 0.000000 0.976541 0.001164 0.215328
-2.48433089 -1.08158195 -6.23431206 97 126 82 0.000000 0.991141 0.001098 -0.132811
-2.41641808 -0.98735303 -6.13583803 114 136 105 0.000000 0.792878 0.001369 0.609379
-2.55054498 -1.11383998 -6.46860981 73 103 48 0.000000 0.813364 0.001362 -0.581753
-2.24748492 -0.79125500 -6.42191982 83 96 76 0.000000 0.756234 0.001377 0.654300
-2.48348188 -1.04507899 -6.34212303 101 131 86 0.000000 0.993261 0.001083 -0.115898
-2.39604402 -0.92538202 -6.44229412 120 131 86 0.000000 0.997858 0.001038 -0.065416
-2.30606008 -0.86935401 -6.28100204 96 124 76 0.000000 0.999995 0.000979 0.002938
-2.49027300 -1.01366901 -6.53822088 104 133 84 0.000000 0.999999 0.000978 0.000978
-2.42745399 -0.97631699 -6.37353182 103 125 80 0.000000 0.996331 0.001057 -0.085581
-2.30521107 -0.85067803 -6.46351719 87 115 66 0.000000 0.972119 0.001178 0.234487
-2.51489091 -1.12742305 -6.15875912 67 73 63 0.000000 0.856545 0.001340 -0.516071
-2.42575598 -0.95169902 -6.51869583 109 135 85 0.000000 0.968656 0.001189 -0.248404
-2.54460311 -1.13676095 -6.25468493 88 99 80 0.000000 0.688930 0.001381 -0.724826
-2.46141005 -1.05950999 -6.15026999 98 128 83 0.000000 0.911072 0.001292 -0.412244
-2.52847409 -1.09346604 -6.39390612 112 141 91 0.000000 0.660161 0.001378 -0.751123
-2.36038995 -0.95849001 -6.19441319 88 117 63 0.000000 0.663079 0.001379 -0.748548
-2.49197102 -1.02130902 -6.62056494 50 53 48 0.000000 0.988665 0.001112 0.150135
-2.43169808 -1.02300704 -6.22582197 98 127 83 0.000000 0.999995 0.000979 0.002938
-2.25937009 -0.82436198 -6.35485601 89 118 68 0.000000 0.953006 0.001227 -0.302950
-2.36378598 -0.92453301 -6.32938910 94 123 75 0.000000 0.973432 0.001174 -0.228974
-2.57856011 -1.10789800 -6.54501200 132 158 115 0.000000 0.995500 0.001065 0.094759
-2.25767207 -0.84473598 -6.23176479 93 119 70 0.000000 0.964929 0.001199 -0.262509
-2.55054498 -1.16307700 -6.41767597 138 158 123 0.000000 0.921899 0.001279 -0.387428
-2.35190105 -0.91943997 -6.25128984 97 126 79 0.000000 0.155160 0.001116 0.987889
-2.51234508 -1.09261799 -6.29713106 101 130 85 0.000000 0.987489 0.001118 0.157685
-2.50725102 -1.04932296 -6.48304176 95 125 71 0.000000 0.939829 0.001251 -0.341642
-2.44188499 -1.00518000 -6.31410885 121 143 99 0.000000 0.993804 0.001079 -0.111142
-2.39689302 -0.93302298 -6.57132816 75 85 71 0.000000 0.916599 0.001286 0.399807
-2.28653502 -0.83709598 -6.40918684 92 120 73 0.000000 0.992091 0.001091 -0.125512
-2.47074795 -1.04762495 -6.28015184 96 126 80 0.000000 0.691755 0.001381 -0.722131
-2.35954094 -0.88718200 -6.46691322 90 117 65 0.000000 0.960928 0.001209 -0.276796
-2.53611398 -1.06205702 -6.53058100 95 126 74 0.000000 0.960928 0.001209 -0.276796
-2.49536610 -1.05102098 -6.41088390 105 134 87 0.000000 0.937612 0.001255 -0.347682
-2.21607494 -0.79295301 -6.33702898 86 101 65 0.000000 0.716707 0.001381 -0.697373
-2.43169808 -0.96613002 -6.46436596 103 131 82 0.000000 0.989041 0.001110 -0.147635
-2.38500810 -0.93556899 -6.37777710 93 121 71 0.000000 0.972780 0.001176 -0.231726
-2.46395707 -1.01282001 -6.38626623 100 129 82 0.000000 0.999040 0.001018 -0.043791
-2.30690908 -0.87529701 -6.22921801 97 127 76 0.000000 0.970072 0.001184 0.242814
-2.51149607 -1.11978304 -6.21478701 104 134 88 0.000000 0.940919 0.001250 -0.338631
-2.45207191 -0.97716600 -6.55350113 104 133 87 0.000000 0.973432 0.001174 0.228974
-2.39264798 -0.91519600 -6.50850916 103 129 83 0.000000 0.954848 0.001223 -0.297091
-2.40877795 -0.96867698 -6.32769203 90 120 72 0.000000 0.824239 0.001358 -0.566240
-2.51319408 -1.08582604 -6.34721613 111 139 90 0.000000 0.970072 0.001184 -0.242814
-2.52168298 -1.07818604 -6.44229412 105 135 84 0.000000 0.945148 0.001242 -0.326641
-2.39774203 -0.98141003 -6.21648502 93 122 77 0.000000 0.979955 0.001152 -0.199215
-2.29502392 -0.85577202 -6.34297180 92 124 73 0.000000 0.952066 0.001228 -0.305890
-2.51234508 -1.03489196 -6.57642221 99 131 76 0.000000 0.994066 0.001077 -0.108776
-2.26616096 -0.84134001 -6.28354788 96 125 78 0.000000 0.908224 0.001296 -0.418483
-2.43509412 -1.02215803 -6.16724777 106 136 89 0.000000 0.993536 0.001081 -0.113516
-2.23984504 -0.77767199 -6.37607908 77 90 64 0.000000 0.982547 0.001141 -0.186011
-2.42235994 -0.96358299 -6.41852522 97 123 73 0.000000 0.929435 0.001268 -0.368984
-2.45971203 -1.05866098 -6.10358000 97 121 73 0.000000 0.852716 0.001343 0.522373
-2.49366903 -1.09007096 -6.13583803 103 133 88 0.000000 0.990471 0.001102 0.137718
-2.46141005 -0.99159700 -6.50935793 97 126 77 0.000000 0.897798 0.001307 -0.440405
-2.46395707 -1.05441701 -6.20290184 101 129 84 0.000000 0.978855 0.001156 -0.204554
-2.44867611 -1.01621604 -6.12055779 99 125 77 0.000000 0.945148 0.001242 0.326641
-2.43169808 -1.00942397 -6.26911688 94 122 76 0.000000 0.988281 0.001114 -0.152643
-2.36293697 -0.98225898 -6.15621185 64 79 45 0.000000 0.707106 0.001384 -0.707106
-2.48857498 -1.09007096 -6.19016790 106 135 89 0.000000 0.984462 0.001133 -0.175594
-2.33746910 -0.90500897 -6.29882908 96 125 76 0.000000 0.993536 0.001081 -0.113516
-2.35105205 -0.89482200 -6.40748882 90 120 70 0.000000 0.943059 0.001246 -0.332624
-2.52847409 -1.11723602 -6.08065891 52 56 48 0.000000 0.982047 0.001143 0.188635
-2.26955700 -0.82606000 -6.45927191 50 55 46 0.000000 0.970765 0.001182 -0.240031
-2.46989894 -0.99669099 -6.58745813 102 131 81 0.000000 0.925729 0.001273 0.378186
-2.59638691 -1.10959601 -6.50596189 110 136 87 0.000000 0.999987 0.000981 0.004907
-2.29841900 -0.83794498 -6.50341606 49 51 55 0.000000 0.982547 0.001141 0.186011
-2.54884791 -1.12912095 -6.30392218 113 143 98 0.000000 0.959249 0.001213 -0.282560
-2.53611398 -1.12147999 -6.42446709 111 140 99 0.000000 0.965696 0.001197 0.259673
-2.33237600 -0.93047601 -6.18083000 91 115 73 0.000000 0.984462 0.001133 -0.175594
-2.37227511 -0.94490701 -6.28184986 97 126 77 0.000000 0.998136 0.001034 -0.061026
-2.32813096 -0.87020302 -6.43550301 90 119 68 0.000000 0.929435 0.001268 -0.368984
-2.53611398 -1.07988405 -6.48558903 98 126 68 0.000000 0.815569 0.001362 -0.578659
-2.55224299 -1.14015603 -6.38456821 121 150 106 0.000000 0.995277 0.001067 -0.097074
-2.28483701 -0.86171401 -6.19865704 87 104 68 0.000000 0.427862 0.001300 -0.903843
-2.37227511 -0.95085001 -6.23770714 95 124 75 0.000000 0.982547 0.001141 -0.186011
-2.40028906 -0.98650402 -6.17743397 89 118 70 0.000000 0.920595 0.001280 -0.390517
-2.45461893 -1.01027298 -6.62141418 107 123 88 0.000000 0.415362 0.001294 0.909655
-2.55394101 -1.15288997 -6.45502806 91 108 80 0.000000 0.986665 0.001122 -0.162760
-2.48178411 -1.02046001 -6.48558903 99 129 78 0.000000 0.935342 0.001259 -0.353743
-2.24833393 -0.82011801 -6.31495810 92 123 70 0.000000 0.996710 0.001052 -0.081042
-2.35529590 -0.90585703 -6.37098598 90 119 71 0.000000 0.921899 0.001279 -0.387428
-2.33577204 -0.91180003 -6.21733284 102 130 83 0.000000 0.961751 0.001207 0.273924
-2.32388711 -0.88633299 -6.33787823 94 123 74 0.000000 0.952066 0.001228 -0.305890
-2.33067799 -0.86341202 -6.48813486 88 115 64 0.000000 0.999780 0.000997 0.020933
-2.45971203 -1.05441701 -6.24195099 96 124 79 0.000000 0.956644 0.001219 -0.291258
-2.53526497 -1.11978304 -6.33702898 111 143 97 0.000000 0.959249 0.001213 0.282560
-2.51319408 -1.10195601 -6.26147699 94 123 78 0.000000 0.989771 0.001106 -0.142660
-2.41047502 -0.93981397 -6.47794819 103 130 81 0.000000 0.996523 0.001055 -0.083307
-2.56412792 -1.09346604 -6.51105595 93 124 69 0.000000 0.967197 0.001193 -0.254023
-2.45292091 -1.00602901 -6.35231018 103 132 84 0.000000 0.987489 0.001118 0.157685
-2.28568602 -0.85746998 -6.25383615 91 119 73 0.000000 0.989771 0.001106 -0.142660
-2.54630089 -1.07139504 -6.56368780 95 126 67 0.000000 0.858436 0.001339 -0.512919
-2.42490697 -0.95594299 -6.56114101 107 136 90 0.000000 0.606331 0.001369 0.795211
-2.28738403 -0.85492301 -6.30816603 97 126 77 0.000000 0.988665 0.001112 -0.150135
-2.38161302 -0.92198700 -6.41003609 91 122 68 0.000000 0.977134 0.001162 -0.212622
-2.48942399 -1.07563901 -6.27081394 101 131 83 0.000000 0.941995 0.001248 -0.335625
-2.49282002 -1.06884801 -6.31835413 102 132 88 0.000000 0.974073 0.001172 -0.226229
-2.32303810 -0.89397299 -6.25383615 98 127 80 0.000000 0.995717 0.001063 -0.092452
-2.25172901 -0.81502402 -6.24789381 75 82 66 0.000000 0.838844 0.001351 -0.544370
-2.25682306 -0.80993098 -6.38541698 97 125 77 0.000000 0.967932 0.001191 -0.251210
-2.49282002 -1.05696297 -6.37777710 104 133 88 0.000000 0.998513 0.001028 0.054502
-2.40453291 -0.92792898 -6.53737211 110 135 89 0.000000 0.970072 0.001184 0.242814
-2.51828694 -1.12572503 -6.12565088 99 111 91 0.000000 0.967197 0.001193 0.254023
-2.46565509 -1.02894902 -6.31920195 98 126 80 0.000000 0.967197 0.001193 -0.254023
-2.48687696 -1.03234506 -6.44908524 99 129 82 0.000000 0.977717 0.001160 -0.209925
-2.38246202 -0.88548398 -6.49917078 65 62 52 0.000000 0.998844 0.001022 -0.048051
-2.51149607 -1.03489196 -6.51190519 99 128 74 0.000000 0.902354 0.001302 -0.430994
-2.30521107 -0.85831898 -6.38626623 92 122 71 0.000000 0.865851 0.001334 -0.500299
-2.51149607 -1.04592800 -6.61547184 114 140 92 0.000000 0.974705 0.001170 0.223492
-2.38925290 -0.96018797 -6.30392218 93 122 74 0.000000 0.897798 0.001307 -0.440405
-2.45207191 -0.99669099 -6.41088390 101 128 82 0.000000 0.998267 0.001032 -0.058843
-2.39604402 -0.95339602 -6.35400820 96 123 76 0.000000 0.921899 0.001279 -0.387428
-2.45037389 -0.98650402 -6.47964621 103 131 83 0.000000 0.999131 0.001016 -0.041673
-2.28059196 -0.83794498 -6.37353182 92 121 71 0.000000 0.960928 0.001209 -0.276796
-2.58280396 -1.12147999 -6.48049498 72 95 47 0.000000 0.716707 0.001381 -0.697373
-2.51743793 -1.13760996 -6.19016790 91 101 86 0.000000 0.999217 0.001014 0.039563
-2.38670611 -0.90925300 -6.47879696 144 145 105 0.000000 0.999999 0.000978 0.000978
-2.34086490 -0.95933902 -6.17064285 98 120 75 0.000000 0.988665 0.001112 -0.150135
-2.38500810 -0.90416002 -6.53652287 109 130 88 0.000000 0.989410 0.001108 0.145143
-2.47499299 -1.08412802 -6.11121893 77 104 56 0.000000 0.899331 0.001305 -0.437266
-2.40707994 -0.95000100 -6.59424877 48 49 51 0.000000 0.960094 0.001211 0.279674
-2.53102112 -1.11553800 -6.28184986 98 127 79 0.000000 0.906778 0.001297 -0.421606
-2.37057710 -0.90585703 -6.43295622 87 116 67 0.000000 0.997066 0.001048 0.076536
-2.35190105 -0.89397299 -6.23515987 113 126 79 0.000000 0.459279 0.001316 0.888291
-2.32643294 -0.87274998 -6.40579081 93 121 70 0.000000 0.986241 0.001125 -0.165311
-2.53611398 -1.11468899 -6.37438202 110 140 93 0.000000 0.944109 0.001244 -0.329630
-2.26446295 -0.81502402 -6.41597795 94 121 79 0.000000 0.983522 0.001137 -0.180786
-2.51064706 -1.03574097 -6.54671001 99 129 76 0.000000 0.997400 0.001044 0.072063
-2.44697905 -1.02894902 -6.25298691 101 126 79 0.000000 0.883337 0.001320 -0.468736
-2.44443202 -0.98225898 -6.44314289 101 130 83 0.000000 0.992690 0.001087 -0.120688
-2.47838807 -1.02215803 -6.36249685 105 133 83 0.000000 0.999857 0.000993 0.016879
-2.49112201 -1.01621604 -6.56963110 103 133 82 0.000000 0.997999 0.001036 -0.063217
-2.47244596 -0.99754000 -6.55689716 105 134 85 0.000000 0.990809 0.001100 -0.135260
-2.35190105 -0.93726701 -6.21224022 91 118 74 0.000000 0.834745 0.001353 -0.550634
-2.38755488 -0.98141003 -6.14093208 49 52 45 0.000000 0.175594 0.001133 0.984462
-2.51234508 -1.09940898 -6.06368113 51 53 51 0.000000 0.999999 0.000978 0.000978
-2.27295208 -0.84049201 -6.32853985 94 123 72 0.000000 0.944109 0.001244 -0.329630
-2.50470400 -1.05441701 -6.45417881 99 127 79 0.000000 0.992690 0.001087 -0.120688
-2.49621511 -1.09855998 -6.16385221 107 136 92 0.000000 0.958392 0.001215 0.285453
-2.52762508 -1.14270306 -6.21988010 47 51 51 0.000000 0.990125 0.001104 -0.140185
-2.41217303 -0.99584198 -6.23600912 94 124 79 0.000000 0.876523 0.001326 -0.481358
-2.42066193 -0.98820198 -6.29118776 93 122 76 0.000000 0.998629 0.001026 -0.052343
-2.28993011 -0.83794498 -6.43720102 93 121 74 0.000000 0.987889 0.001116 0.155160
-2.57601309 -1.09601295 -6.57047892 100 127 83 0.000000 0.170436 0.001129 -0.985368
-2.51489091 -1.10619998 -6.10273123 100 130 80 0.000000 0.995927 0.001061 0.090153
-2.54799891 -1.05950999 -6.62396002 91 118 73 0.000000 -0.999995 0.000979 0.002938
-2.54205608 -1.08752406 -6.42531586 116 144 93 0.000000 0.836802 0.001352 -0.547504
-2.22031999 -0.81332600 -6.31835413 91 118 59 0.000000 0.745961 0.001379 0.665988
-2.40877795 -0.95594299 -6.37862587 92 120 73 0.000000 0.929435 0.001268 -0.368984
-2.51913595 -1.10110700 -6.32514477 104 134 87 0.000000 0.990471 0.001102 0.137718
-2.41217303 -0.94745398 -6.44144487 99 125 78 0.000000 0.996891 0.001050 -0.078785
-2.44358301 -1.03658998 -6.19950581 102 131 85 0.000000 0.994321 0.001075 0.106419
-2.44443202 -1.04592800 -6.12225485 101 128 84 0.000000 0.997558 0.001042 -0.069839
-2.42066193 -1.00857604 -6.18592405 102 132 89 0.000000 0.967932 0.001191 0.251210
-2.50810003 -1.07733703 -6.40154600 108 138 90 0.000000 0.966452 0.001195 -0.256844
-2.37482095 -0.93047601 -6.35315800 94 123 73 0.000000 0.919277 0.001282 -0.393609
-2.56837296 -1.14694798 -6.40494204 117 124 110 0.000000 -0.282560 0.001213 0.959249
-2.38246202 -0.96103698 -6.26232481 102 131 84 0.000000 0.994321 0.001075 -0.106419
-2.33152699 -0.88548398 -6.21988010 93 109 58 0.000000 -0.776155 0.001374 0.630540
-2.25597405 -0.80908197 -6.44059610 49 52 48 0.000000 0.645448 0.001376 0.763803
-2.47074795 -1.06205702 -6.17828321 100 131 83 0.000000 0.977134 0.001162 -0.212622
-2.34426093 -0.90161300 -6.34721613 94 123 73 0.000000 0.993261 0.001083 -0.115898
-2.53356695 -1.09686196 -6.45672607 94 123 72 0.000000 0.960928 0.001209 -0.276796
-2.50894904 -1.08073294 -6.37268400 108 137 91 0.000000 0.992690 0.001087 0.120688
-2.42915201 -0.98480600 -6.33108711 93 118 71 0.000000 0.930643 0.001266 -0.365926
-2.35105205 -0.87444800 -6.50002003 95 121 71 0.000000 0.950151 0.001232 -0.311788
-2.46820092 -1.01451802 -6.42022181 104 132 86 0.000000 0.993261 0.001083 -0.115898
-2.30690908 -0.86765701 -6.18677187 97 125 73 0.000000 0.971447 0.001180 0.237255
-2.25003195 -0.80144203 -6.36164808 106 124 73 0.000000 0.186011 0.001141 -0.982547
-2.50894904 -1.11468899 -6.18252802 109 139 99 0.000000 0.996523 0.001055 0.083307
-2.44273400 -0.96952599 -6.52548695 110 136 87 0.000000 0.984919 0.001131 -0.173011
-2.56073189 -1.08667505 -6.54925680 102 133 81 0.000000 0.990081 0.001106 -0.140492
-2.47923708 -1.03319395 -6.38626623 100 128 81 0.000000 0.978290 0.001158 -0.207235
-2.31030393 -0.85831898 -6.41852522 92 122 71 0.000000 0.999374 0.001010 -0.035367
-2.25003195 -0.82266402 -6.28779316 98 126 84 0.000000 0.949175 0.001234 0.314746
-2.50300694 -1.09771097 -6.23855591 97 127 82 0.000000 0.935342 0.001259 -0.353743
-2.47753906 -1.04847395 -6.30901480 100 129 82 0.000000 0.999131 0.001016 -0.041673
-2.47499299 -0.99584198 -6.62226295 52 55 43 0.000000 0.642481 0.001376 -0.766300
-2.52338099 -1.05102098 -6.59170198 96 126 68 0.000000 0.995500 0.001065 -0.094759
-2.52422905 -1.12232900 -6.25298691 92 121 71 0.000000 0.824239 0.001358 -0.566240
-2.49876189 -1.06035900 -6.35400820 99 128 82 0.000000 0.973432 0.001174 -0.228974
-2.42320895 -0.95339602 -6.49407816 103 131 83 0.000000 0.992979 0.001085 -0.118289
-2.34935403 -0.91349798 -6.27505922 100 128 79 0.000000 0.994321 0.001075 -0.106419
-2.38161302 -0.94915199 -6.32429600 105 133 86 0.000000 0.924466 0.001275 -0.381263
-2.52592707 -1.06205702 -6.50850916 93 123 70 0.000000 0.961751 0.001207 -0.273924
-2.52083397 -1.07394099 -6.46776199 95 124 73 0.000000 0.999298 0.001012 0.037461
-2.55054498 -1.13591194 -6.36079884 108 138 93 0.000000 0.977134 0.001162 -0.212622
-2.36293697 -0.93047601 -6.29882908 96 125 77 0.000000 0.994066 0.001077 -0.108776
-2.50640202 -1.10874701 -6.14432716 112 141 99 0.000000 0.930643 0.001266 0.365926
-2.28059196 -0.83794498 -6.47709894 58 65 53 0.000000 0.999999 0.000978 0.000978
-2.54630089 -1.12912095 -6.44484091 98 126 77 0.000000 0.865851 0.001334 -0.500299
-2.30351305 -0.86680800 -6.32344723 97 125 76 0.000000 0.999941 0.000987 -0.010858
-2.41556907 -0.99754000 -6.16300297 106 135 91 0.000000 0.998267 0.001032 0.058843
-2.41132498 -1.00093496 -6.20629692 94 125 80 0.000000 0.999374 0.001010 0.035367
-2.45376992 -0.98056102 -6.58151484 105 133 84 0.000000 0.965696 0.001197 0.259673
-2.23899603 -0.82096702 -6.26657009 102 129 86 0.000000 0.889912 0.001314 0.456129
-2.35444808 -0.88972801 -6.43804979 91 115 67 0.000000 0.960928 0.001209 -0.276796
-2.47669101 -1.06884801 -6.25213909 95 125 80 0.000000 0.999780 0.000997 -0.020933
-2.57261705 -1.07563901 -6.58576012 75 103 54 0.000000 0.308835 0.001230 -0.951115
-2.44018698 -1.00772703 -6.29118776 100 125 78 0.000000 0.850780 0.001344 -0.525521
-2.28653502 -0.85746998 -6.28439713 95 123 76 0.000000 0.987081 0.001120 -0.160219
-2.38161302 -0.96443200 -6.22157812 88 116 69 0.000000 0.995047 0.001069 -0.099398
-2.42745399 -1.01112199 -6.14857101 109 137 93 0.000000 0.981537 0.001145 0.191268
-2.36718106 -0.94151199 -6.25808096 96 125 80 0.000000 0.987489 0.001118 -0.157685
-2.40792894 -0.94575602 -6.41767597 144 154 109 0.000000 0.976541 0.001164 -0.215328
-2.52592707 -1.10195601 -6.35740280 110 139 97 0.000000 0.964929 0.001199 -0.262509
-2.47753906 -1.07479000 -6.16045618 102 131 87 0.000000 0.952066 0.001228 -0.305890
-2.45546794 -1.03064704 -6.28184986 95 122 79 0.000000 0.981537 0.001145 -0.191268
-2.43764091 -1.02810001 -6.13668680 114 142 103 0.000000 0.986665 0.001122 -0.162760
-2.46141005 -1.06969702 -6.12989616 93 123 77 0.000000 0.998267 0.001032 0.058843
-2.51998496 -1.08582604 -6.42022181 107 135 92 0.000000 0.958392 0.001215 -0.285453
-2.39774203 -0.97971302 -6.24280119 96 126 78 0.000000 0.969369 0.001186 -0.245605
-2.49536610 -1.02300704 -6.59085321 107 136 83 0.000000 0.989771 0.001106 0.142660
-2.53356695 -1.11299098 -6.30816603 107 138 93 0.000000 0.937612 0.001255 -0.347682
-2.31624699 -0.87444800 -6.30052614 97 125 76 0.000000 0.995717 0.001063 -0.092452
-2.42830300 -1.00857604 -6.24534702 96 126 78 0.000000 0.891519 0.001313 -0.452981
-2.47414398 -0.99923700 -6.52633619 94 123 74 0.000000 0.989771 0.001106 -0.142660
-2.34935403 -0.91010201 -6.32005119 95 124 75 0.000000 0.991465 0.001096 -0.130369
-2.43848896 -0.97886401 -6.42107201 112 138 92 0.000000 0.999821 0.000995 -0.018902
-2.36208797 -0.90670598 -6.39220905 94 123 73 0.000000 0.986241 0.001125 -0.165311
-2.34171391 -0.88972801 -6.38796377 94 122 72 0.000000 0.876523 0.001326 -0.481358
-2.55648804 -1.14779699 -6.31326008 51 56 50 0.000000 -0.987889 0.001116 -0.155160
-2.45886302 -0.98395699 -6.53142977 114 141 94 0.000000 0.971447 0.001180 0.237255
-2.48942399 -1.08922195 -6.21224022 102 131 89 0.000000 0.878249 0.001325 -0.478202
-2.31454897 -0.86341202 -6.34976292 94 113 57 0.000000 -0.828486 0.001356 0.560008
-2.32388711 -0.86086500 -6.45842409 91 118 68 0.000000 0.959249 0.001213 -0.282560
-2.46735191 -1.00518000 -6.47964621 103 130 81 0.000000 0.999040 0.001018 0.043791
-2.39774203 -0.94490701 -6.39390612 97 120 72 0.000000 0.856545 0.001340 -0.516071
-2.46989894 -1.06205702 -6.22242689 100 126 86 0.000000 0.928213 0.001270 0.372047
-2.31794500 -0.88633299 -6.20290184 111 138 94 0.000000 0.983522 0.001137 0.180786
-2.52168298 -1.04507899 -6.53058100 103 133 80 0.000000 0.912475 0.001291 0.409130
-2.41981411 -0.96358299 -6.58321285 104 129 87 0.000000 0.763803 0.001376 0.645448
-2.54799891 -1.14270306 -6.42446709 106 135 88 0.000000 0.993804 0.001079 -0.111142
-2.45461893 -0.99244601 -6.45927191 101 129 84 0.000000 0.983039 0.001139 -0.183394
-2.44697905 -0.99244601 -6.61207581 96 122 76 0.000000 0.971447 0.001180 0.237255
-2.27295208 -0.86086500 -6.21648502 83 111 59 0.000000 0.960928 0.001209 -0.276796
-2.23390198 -0.79889500 -6.34721613 76 104 53 0.000000 0.627537 0.001373 -0.778585
-2.31454897 -0.85492301 -6.49917078 92 116 69 0.000000 0.938727 0.001253 -0.344659
-2.44613004 -0.97801501 -6.50341606 101 130 82 0.000000 0.999995 0.000979 0.002938
-2.33916712 -0.92283601 -6.19950581 99 127 81 0.000000 0.921899 0.001279 -0.387428
-2.48093510 -1.00857604 -6.60103989 100 131 80 0.000000 0.899331 0.001305 0.437266
-2.54290509 -1.12317801 -6.39305687 116 145 103 0.000000 0.934187 0.001261 0.356781
-2.49791288 -1.09686196 -6.11121893 109 138 84 0.000000 0.938727 0.001253 -0.344659
-2.43254709 -1.00263298 -6.11970901 61 63 59 0.000000 0.085581 0.001057 0.996331
-2.36972809 -0.92113799 -6.37268400 102 130 80 0.000000 0.972780 0.001176 -0.231726
-2.44103599 -0.98989999 -6.38202095 100 129 84 0.000000 0.998393 0.001030 -0.056668
-2.21352911 -0.79974401 -6.30392218 116 133 84 0.000000 -0.926978 0.001272 0.375114
-2.38415909 -0.97461897 -6.18337679 78 106 53 0.000000 0.326641 0.001242 -0.945148
-2.44613004 -1.03913605 -6.16300297 102 130 87 0.000000 0.990471 0.001102 -0.137718
-2.48093510 -1.03489196 -6.40664005 103 131 82 0.000000 0.999960 0.000985 -0.008867
-2.55054498 -1.07648802 -6.53142977 99 130 79 0.000000 0.944109 0.001244 0.329630
-2.42575598 -0.95169902 -6.53907013 109 135 91 0.000000 0.889912 0.001314 0.456129
-2.50555301 -1.08837295 -6.27845478 98 127 82 0.000000 0.946173 0.001240 -0.323658
-2.41132498 -0.97631699 -6.30477095 94 123 74 0.000000 0.999995 0.000979 0.002938
-2.29757094 -0.85237598 -6.36843920 93 123 72 0.000000 0.998629 0.001026 -0.052343
-2.49282002 -1.03743804 -6.46776199 108 136 86 0.000000 0.967197 0.001193 -0.254023
-2.41302204 -0.93981397 -6.50511408 105 133 83 0.000000 0.988281 0.001114 -0.152643
-2.24748492 -0.82181501 -6.33872700 89 120 66 0.000000 0.852716 0.001343 -0.522373
-2.35359907 -0.93132502 -6.23515987 96 125 77 0.000000 0.980491 0.001149 -0.196558
-2.50215793 -1.02555394 -6.52718496 98 128 74 0.000000 0.996891 0.001050 -0.078785
-2.52253199 -1.06545198 -6.48898411 87 117 64 0.000000 0.702951 0.001381 -0.711237
-2.30011702 -0.87105203 -6.25044107 90 119 75 0.000000 0.949175 0.001234 -0.314746
-2.58195496 -1.10110700 -6.51699781 93 123 69 0.000000 0.869469 0.001331 -0.493986
-2.55818605 -1.07479000 -6.50681114 100 131 72 0.000000 0.999999 0.000978 0.000978
-2.47499299 -1.00857604 -6.50002003 100 130 78 0.000000 0.958392 0.001215 -0.285453
-2.32813096 -0.89821702 -6.28269911 100 129 83 0.000000 0.977134 0.001162 -0.212622
-2.26955700 -0.84643400 -6.25723219 94 123 73 0.000000 0.994066 0.001077 -0.108776
-2.41726708 -0.98905098 -6.27166414 96 124 78 0.000000 0.970765 0.001182 -0.240031
-2.48178411 -1.02725101 -6.42701387 103 131 86 0.000000 0.990809 0.001100 -0.135260
-2.38076401 -0.90755498 -6.56368780 95 104 87 0.000000 0.975939 0.001166 0.218041
-2.48687696 -1.06120801 -6.29713106 109 139 95 0.000000 0.996132 0.001059 0.087863
-2.37312388 -0.90076399 -6.46266794 92 119 68 0.000000 0.995717 0.001063 -0.092452
-2.36123896 -0.88548398 -6.48643684 89 115 65 0.000000 0.989771 0.001106 -0.142660
-2.38246202 -0.91180003 -6.44738817 95 123 73 0.000000 0.970765 0.001182 -0.240031
-2.49282002 -1.04422998 -6.43465424 103 133 84 0.000000 0.977717 0.001160 -0.209925
-2.53441596 -1.05781198 -6.55604792 97 131 73 0.000000 0.516071 0.001340 -0.856545
-2.45292091 -1.04422998 -6.22667122 98 125 83 0.000000 0.929435 0.001268 -0.368984
-2.53271794 -1.05696297 -6.61207581 105 134 79 0.000000 0.587928 0.001364 0.808912
-2.46395707 -1.05102098 -6.26232481 96 125 79 0.000000 0.960928 0.001209 -0.276796
-2.50725102 -1.07139504 -6.42191982 105 134 91 0.000000 0.804402 0.001366 -0.594083
-2.29077911 -0.86595899 -6.23431206 91 120 69 0.000000 0.878249 0.001325 0.478202
-2.57771111 -1.10789800 -6.49322891 80 109 53 0.000000 0.615457 0.001371 -0.788169
-2.46225905 -1.01791298 -6.34042501 104 132 85 0.000000 0.954848 0.001223 -0.297091
-2.53017211 -1.10535097 -6.43295622 106 136 91 0.000000 0.873026 0.001329 -0.487672
-2.34510899 -0.94915199 -6.18762207 91 118 68 0.000000 0.773712 0.001374 -0.633537
-2.50894904 -1.10025799 -6.08405399 91 116 65 0.000000 0.819933 0.001360 0.572458
-2.52083397 -1.12487602 -6.23431206 100 129 84 0.000000 0.992979 0.001085 -0.118289
-2.44358301 -1.00178397 -6.33618116 99 126 80 0.000000 0.936483 0.001257 -0.350710
-2.41556907 -0.96952599 -6.34551907 91 120 71 0.000000 0.972119 0.001178 -0.234487
-2.36038995 -0.96867698 -6.17828321 80 108 55 0.000000 0.538096 0.001349 -0.842882
-2.54120803 -1.09516394 -6.47540092 87 116 59 0.000000 0.954848 0.001223 -0.297091
-2.43764091 -0.96358299 -6.54925680 108 136 89 0.000000 0.999736 0.000999 0.022971
-2.43679190 -0.96867698 -6.57642221 105 133 85 0.000000 0.813364 0.001362 0.581753
-2.50810003 -1.10365295 -6.12565088 108 136 91 0.000000 0.983996 0.001135 0.178186
-2.45631695 -1.05186999 -6.18507481 101 131 85 0.000000 0.987489 0.001118 -0.157685
-2.51064706 -1.03743804 -6.59509802 103 134 79 0.000000 0.967197 0.001193 0.254023
-2.42405796 -0.96188599 -6.43889904 100 128 81 0.000000 0.997066 0.001048 -0.076536
-2.40962696 -0.94575602 -6.56538582 110 138 93 0.000000 0.956644 0.001219 0.291258
-2.43848896 -0.98480600 -6.40324402 101 129 82 0.000000 0.989771 0.001106 -0.142660
-2.48857498 -1.07988405 -6.09508991 96 122 68 0.000000 0.008867 0.000985 0.999960
-2.36803007 -0.95339602 -6.21478701 94 123 71 0.000000 0.965696 0.001197 -0.259673
-2.32813096 -0.90500897 -6.18252802 113 137 98 0.000000 0.990809 0.001100 0.135260
-2.49027300 -1.03658998 -6.36249685 100 129 80 0.000000 0.999633 0.001003 0.027071
-2.43933797 -0.99329501 -6.35231018 96 124 77 0.000000 0.985809 0.001127 -0.167869
-2.29841900 -0.86935401 -6.20884418 97 125 77 0.000000 0.931838 0.001264 0.362873
-2.50300694 -1.07224405 -6.33957577 98 126 82 0.000000 0.972119 0.001178 -0.234487
-2.29332590 -0.84643400 -6.48728704 91 105 75 0.000000 0.873026 0.001329 -0.487672
-2.26531196 -0.82266402 -6.37522984 91 119 71 0.000000 0.964929 0.001199 -0.262509
-2.25852108 -0.83285099 -6.30052614 96 125 75 0.000000 0.998393 0.001030 -0.056668
-2.50215793 -1.03574097 -6.49407816 94 125 73 0.000000 0.883337 0.001320 -0.468736
-2.45207191 -1.04507899 -6.14432716 105 133 88 0.000000 0.996523 0.001055 -0.083307
-2.52932310 -1.11044502 -6.41173410 111 141 96 0.000000 0.999960 0.000985 -0.008867
-2.40028906 -0.92877799 -6.46776199 113 135 88 0.000000 0.998739 0.001024 -0.050193
-2.40028906 -0.92792898 -6.49832201 102 129 82 0.000000 0.994569 0.001073 0.104070
-2.39944005 -0.98310798 -6.19865704 96 125 75 0.000000 0.999298 0.001012 -0.037461
-2.39010191 -0.92623103 -6.42531586 92 121 70 0.000000 0.924466 0.001275 -0.381263
-2.53356695 -1.05696297 -6.57812023 97 130 68 0.000000 0.924466 0.001275 -0.381263
-2.39519501 -0.92538202 -6.55519915 115 137 96 0.000000 0.926978 0.001272 0.375114
-2.51234508 -1.05186999 -6.50002003 101 130 75 0.000000 0.921899 0.001279 -0.387428
-2.55139399 -1.16392601 -6.43550301 100 128 80 0.000000 0.421606 0.001297 -0.906778
-2.34426093 -0.87274998 -6.48134422 90 118 66 0.000000 0.953006 0.001227 -0.302950
-2.49621511 -1.02640295 -6.50850916 97 126 74 0.000000 0.919277 0.001282 -0.393609
-2.25088096 -0.83115399 -6.25808096 94 122 74 0.000000 0.978855 0.001156 -0.204554
-2.28483701 -0.84728301 -6.35485601 98 126 75 0.000000 0.912475 0.001291 -0.409130
-2.30011702 -0.86765701 -6.29797983 97 124 76 0.000000 0.997066 0.001048 -0.076536
-2.50894904 -1.08837295 -6.31835413 98 129 83 0.000000 0.830587 0.001355 -0.556887
-2.43933797 -0.97292101 -6.48134422 99 129 80 0.000000 0.984919 0.001131 -0.173011
-2.44952512 -0.99329501 -6.42786312 103 131 85 0.000000 0.970765 0.001182 -0.240031
-2.33067799 -0.88633299 -6.35400820 96 124 75 0.000000 0.981537 0.001145 -0.191268
-2.24324012 -0.82775801 -6.23940516 65 81 47 0.000000 0.958392 0.001215 -0.285453
-2.49536610 -1.07394099 -6.28864098 100 129 84 0.000000 0.987081 0.001120 -0.160219
-2.45971203 -1.07479000 -6.11037111 82 107 64 0.000000 0.982547 0.001141 -0.186011
-2.50725102 -1.01876199 -6.54246521 115 142 87 0.000000 0.900850 0.001304 -0.434129
-2.47838807 -1.02894902 -6.33787823 106 136 85 0.000000 0.873026 0.001329 -0.487672
-2.40538192 -0.92792898 -6.51529980 99 127 80 0.000000 0.934187 0.001261 -0.356781
-2.54714990 -1.13421404 -6.34382105 111 141 96 0.000000 0.997858 0.001038 -0.065416
-2.45886302 -1.02979803 -6.29882908 95 124 78 0.000000 0.976541 0.001164 -0.215328
-2.50045991 -1.03404295 -6.60952902 112 141 92 0.000000 0.938727 0.001253 0.344659
-2.36038995 -0.92877799 -6.28184986 96 125 79 0.000000 0.990809 0.001100 -0.135260
-2.30266404 -0.84728301 -6.44399214 97 125 76 0.000000 0.997858 0.001038 0.065416
-2.43509412 -1.02810001 -6.18337679 114 142 98 0.000000 0.953006 0.001227 0.302950
-2.35529590 -0.91519600 -6.29713106 99 128 78 0.000000 0.997400 0.001044 -0.072063
-2.55309200 -1.15543699 -6.39220905 109 132 92 0.000000 0.946173 0.001240 0.323658
-2.27380109 -0.82860702 -6.40154600 94 121 77 0.000000 0.974705 0.001170 -0.223492
-2.46225905 -0.99584198 -6.60273790 89 117 67 0.000000 0.220763 0.001168 0.975327
-2.37397194 -0.94575602 -6.29882908 95 124 75 0.000000 0.999633 0.001003 -0.027071
-2.37991500 -0.98395699 -6.15621185 73 98 48 0.000000 0.804402 0.001366 -0.594083
-2.40962696 -0.96103698 -6.36079884 93 121 73 0.000000 0.963362 0.001203 -0.268202
-2.54884791 -1.12147999 -6.24874306 103 121 83 0.000000 0.268202 0.001203 -0.963362
-2.54375410 -1.12657404 -6.28269911 92 120 71 0.000000 0.949175 0.001234 -0.314746
-2.54969692 -1.14185405 -6.29288578 46 52 41 0.000000 0.991141 0.001098 0.132811
-2.34086490 -0.88038999 -6.43125820 95 121 71 0.000000 0.969369 0.001186 -0.245605
-2.31539798 -0.87190098 -6.36589193 106 133 84 0.000000 0.990081 0.001106 -0.140492
-2.53696299 -1.11214197 -6.44653893 96 125 77 0.000000 0.883337 0.001320 -0.468736
-2.55563903 -1.12657404 -6.45927191 75 103 52 0.000000 0.512919 0.001339 -0.858436
-2.44613004 -1.01791298 -6.27675676 97 122 77 0.000000 0.993536 0.001081 -0.113516
-2.52422905 -1.10365295 -6.37777710 108 138 95 0.000000 0.944109 0.001244 -0.329630
-2.25088096 -0.80653501 -6.29118776 59 61 58 0.000000 -0.686096 0.001380 0.727510
-2.29077911 -0.85492301 -6.32429600 96 125 74 0.000000 0.981537 0.001145 -0.191268
-2.47329497 -1.02300704 -6.39815092 100 127 82 0.000000 0.974073 0.001172 -0.226229
-2.25257802 -0.79719698 -6.40748882 105 132 84 0.000000 0.991782 0.001093 -0.127937
-2.31964207 -0.88548398 -6.28864098 96 125 75 0.000000 0.999780 0.000997 0.020933
-2.38670611 -0.96103698 -6.28779316 95 123 78 0.000000 0.999995 0.000979 0.002938
-2.49876189 -1.06375504 -6.39135981 109 138 90 0.000000 0.958392 0.001215 -0.285453
-2.23899603 -0.79295301 -6.37013721 92 119 71 0.000000 0.790530 0.001370 -0.612421
-2.49961090 -1.09940898 -6.21988010 101 130 87 0.000000 0.856545 0.001340 -0.516071
-2.35529590 -0.91349798 -6.34551907 97 125 75 0.000000 0.982047 0.001143 -0.188635
-2.23814702 -0.80483699 -6.26487207 78 94 55 0.000000 -0.440405 0.001307 0.897798
-2.45376992 -1.00433099 -6.36843920 99 128 82 0.000000 0.944109 0.001244 -0.329630
-2.26191592 -0.83030498 -6.33448315 91 120 69 0.000000 0.955752 0.001221 -0.294171
-2.30775809 -0.87359899 -6.26572084 95 124 77 0.000000 0.998739 0.001024 0.050193
-2.46395707 -0.98735303 -6.57132816 103 132 83 0.000000 0.903843 0.001300 0.427862
-2.33492303 -0.87105203 -6.45333004 92 120 69 0.000000 0.941995 0.001248 -0.335625
-2.30011702 -0.84728301 -6.42361784 89 118 70 0.000000 0.938727 0.001253 -0.344659
-2.50130892 -1.08243096 -6.30222416 101 130 84 0.000000 0.988665 0.001112 -0.150135
-2.32134008 -0.88293701 -6.32259798 96 124 75 0.000000 0.998629 0.001026 -0.052343
-2.44952512 -1.01536703 -6.30137491 97 122 76 0.000000 0.996891 0.001050 -0.078785
-2.44018698 -1.02894902 -6.23770714 98 126 80 0.000000 0.948187 0.001236 -0.317711
-2.39434600 -0.91349798 -6.52803421 132 149 107 0.000000 0.987081 0.001120 0.160219
-2.51658893 -1.13251603 -6.20714617 114 140 100 0.000000 0.995717 0.001063 -0.092452
-2.52338099 -1.10535097 -6.33957577 112 142 99 0.000000 0.920595 0.001280 0.390517
-2.25257802 -0.81332600 -6.26657009 92 110 58 0.000000 -0.584843 0.001363 -0.811146
-2.30690908 -0.85322499 -6.48389101 89 115 66 0.000000 0.999736 0.000999 -0.022971
-2.53611398 -1.14015603 -6.23261404 51 56 55 0.000000 0.727510 0.001380 0.686096
-2.47753906 -1.02130902 -6.44059610 102 131 85 0.000000 0.992690 0.001087 -0.120688
-2.38755488 -0.94236100 -6.36419392 109 136 87 0.000000 0.979409 0.001154 -0.201881
-2.33152699 -0.86256301 -6.51360321 84 108 61 0.000000 0.984462 0.001133 -0.175594
-2.26616096 -0.82096702 -6.39051104 95 123 76 0.000000 0.987489 0.001118 -0.157685
-2.47159696 -1.06884801 -6.23770714 99 129 85 0.000000 0.871255 0.001330 -0.490829
-2.33067799 -0.90246201 -6.24364901 99 128 83 0.000000 0.990125 0.001104 0.140185
-2.40028906 -0.92877799 -6.48304176 103 130 82 0.000000 0.995717 0.001063 -0.092452
-2.56242990 -1.14015603 -6.46096992 77 96 56 0.000000 0.443546 0.001308 -0.896251
-2.23305297 -0.80568600 -6.31495810 103 123 62 0.000000 0.913864 0.001289 -0.406019
-2.34086490 -0.91010201 -6.25553417 96 123 80 0.000000 0.971447 0.001180 -0.237255
-2.54375410 -1.07733703 -6.50341606 89 118 65 0.000000 0.663079 0.001379 -0.748548
-2.48178411 -1.08243096 -6.17913198 107 135 85 0.000000 0.967197 0.001193 -0.254023
-2.27804589 -0.83030498 -6.44229412 93 120 74 0.000000 0.960928 0.001209 0.276796
-2.52083397 -1.13251603 -6.14602518 52 55 54 0.000000 0.924466 0.001275 0.381263
-2.49706411 -1.02130902 -6.55689716 100 131 78 0.000000 0.999960 0.000985 -0.008867
-2.54460311 -1.07139504 -6.54416323 102 133 77 0.000000 0.996331 0.001057 0.085581
-2.55818605 -1.07818604 -6.56963110 88 119 62 0.000000 0.844879 0.001347 -0.534955
-2.41981411 -1.00772703 -6.21648502 96 125 80 0.000000 0.970072 0.001184 -0.242814
-2.47669101 -1.09091997 -6.07981014 45 49 51 0.000000 0.004907 0.000981 -0.999987
-2.51319408 -1.10959601 -6.24874306 96 125 77 0.000000 0.934187 0.001261 -0.356781
-2.50045991 -1.10365295 -6.17743397 109 138 95 0.000000 0.996523 0.001055 -0.083307
-2.44273400 -0.98480600 -6.60019112 112 130 82 0.000000 0.707106 0.001384 0.707106
-2.37312388 -0.97122401 -6.15875912 43 52 26 0.000000 -0.900850 0.001304 0.434129
-2.33746910 -0.94575602 -6.16639900 62 70 52 0.000000 0.925729 0.001273 0.378186
-2.22201800 -0.81162900 -6.30307293 87 114 62 0.000000 0.977717 0.001160 -0.209925
-2.47923708 -1.00772703 -6.57047892 109 137 83 0.000000 -0.456129 0.001314 0.889912
-2.40962696 -0.95000100 -6.40069818 117 133 90 0.000000 0.998629 0.001026 -0.052343
-2.55733705 -1.10874701 -6.48049498 76 105 49 0.000000 0.621510 0.001372 -0.783405
-2.25427604 -0.79719698 -6.39305687 90 113 74 0.000000 0.996710 0.001052 -0.081042
-2.26021910 -0.81841999 -6.45078278 58 66 52 0.000000 0.993804 0.001079 0.111142
-2.27380109 -0.84813201 -6.27336121 99 128 78 0.000000 0.952066 0.001228 -0.305890
-2.51573992 -1.09091997 -6.38032389 107 138 89 0.000000 0.995717 0.001063 -0.092452
-2.41047502 -0.98989999 -6.15196705 100 128 84 0.000000 0.999999 0.000978 0.000978
-2.53781199 -1.06630099 -6.51529980 88 118 67 0.000000 0.883337 0.001320 -0.468736
-2.49027300 -1.06290603 -6.33108711 101 130 86 0.000000 0.795211 0.001369 -0.606331
-2.37906599 -0.89906597 -6.54840803 108 128 91 0.000000 0.977717 0.001160 0.209925
-2.32813096 -0.88802999 -6.23346186 95 112 61 0.000000 -0.120688 0.001087 -0.992690
-2.50979805 -1.06290603 -6.46436596 106 135 82 0.000000 0.979955 0.001152 -0.199215
-2.40877795 -0.93896502 -6.46266794 103 130 81 0.000000 0.996523 0.001055 -0.083307
-2.25937009 -0.80653501 -6.42616510 96 121 80 0.000000 0.999445 0.001009 -0.033281
-2.54205608 -1.12912095 -6.40579081 118 147 107 0.000000 0.997236 0.001046 0.074296
-2.46565509 -1.08243096 -6.10018396 82 96 67 0.000000 0.838844 0.001351 -0.544370
-2.31624699 -0.86680800 -6.38796377 91 120 70 0.000000 0.993536 0.001081 -0.113516
-2.42235994 -1.00433099 -6.25723219 97 125 75 0.000000 0.989410 0.001108 -0.145143
-2.42575598 -1.01112199 -6.17319012 105 134 92 0.000000 0.975327 0.001168 0.220763
-2.27210307 -0.85152698 -6.24449778 94 123 70 0.000000 0.840871 0.001350 -0.541234
-2.47753906 -1.08837295 -6.09424210 65 79 49 0.000000 0.998629 0.001026 -0.052343
-2.52168298 -1.10789800 -6.27081394 97 126 79 0.000000 0.966452 0.001195 -0.256844
-2.50300694 -1.10535097 -6.19101715 103 134 87 0.000000 0.996523 0.001055 0.083307
-2.41472006 -0.93726701 -6.53567410 112 136 90 0.000000 0.936483 0.001257 0.350710
-2.48687696 -1.07818604 -6.25044107 96 127 83 0.000000 0.941995 0.001248 0.335625
-2.25003195 -0.78955698 -6.37777710 86 108 61 0.000000 -0.204554 0.001156 -0.978855
-2.38331103 -0.91010201 -6.46181917 98 122 75 0.000000 0.957524 0.001217 -0.288352
-2.43933797 -1.03234506 -6.21903086 105 133 89 0.000000 0.992690 0.001087 -0.120688
-2.36123896 -0.93132502 -6.26826811 93 121 77 0.000000 0.981019 0.001147 -0.193909
-2.53781199 -1.05866098 -6.59934187 88 117 57 0.000000 0.924466 0.001275 -0.381263
-2.34341192 -0.89482200 -6.37522984 94 123 73 0.000000 0.840871 0.001350 -0.541234
-2.42235994 -0.97122401 -6.35740280 93 117 71 0.000000 0.897798 0.001307 -0.440405
-2.43084908 -0.96188599 -6.48643684 105 134 87 0.000000 0.999040 0.001018 -0.043791
-2.45207191 -1.02810001 -6.26572084 125 149 107 0.000000 0.984919 0.001131 -0.173011
-2.45631695 -1.05866098 -6.13753605 98 126 82 0.000000 0.998267 0.001032 -0.058843
-2.26021910 -0.83370000 -6.31410885 95 124 73 0.000000 0.931838 0.001264 -0.362873
-2.25852108 -0.83624703 -6.27336121 95 124 76 0.000000 0.958392 0.001215 -0.285453
-2.25003195 -0.81417501 -6.35655499 84 112 65 0.000000 0.995500 0.001065 -0.094759
-2.37566996 -0.95000100 -6.26657009 98 127 78 0.000000 0.993261 0.001083 -0.115898
-2.27974296 -0.82436198 -6.47794819 45 47 51 0.000000 0.902354 0.001302 -0.430994
-2.32049108 -0.87869197 -6.22412395 94 112 61 0.000000 -0.245605 0.001186 0.969369
-2.38840389 -0.97971302 -6.17149210 73 101 47 0.000000 0.707106 0.001384 -0.707106
-2.54545212 -1.12317801 -6.37947512 114 143 99 0.000000 0.950151 0.001232 0.311788
-2.37736797 -0.89736801 -6.49492598 135 139 93 0.000000 0.983522 0.001137 -0.180786
-2.47499299 -1.03404295 -6.37353182 99 128 82 0.000000 0.944109 0.001244 -0.329630
-2.47329497 -1.01282001 -6.47030783 113 140 92 0.000000 0.973432 0.001174 -0.228974
-2.39689302 -0.97546798 -6.25553417 97 126 80 0.000000 0.976541 0.001164 -0.215328
-2.48857498 -1.08837295 -6.16809702 108 137 92 0.000000 0.991465 0.001096 -0.130369
-2.35869193 -0.92283601 -6.30901480 96 126 77 0.000000 0.979955 0.001152 -0.199215
-2.22201800 -0.80483699 -6.33533096 78 105 49 0.000000 0.503455 0.001335 -0.864020
-2.49876189 -1.05611396 -6.43635178 101 130 84 0.000000 0.913864 0.001289 -0.406019
-2.36803007 -0.92877799 -6.34127378 97 126 75 0.000000 0.967932 0.001191 -0.251210
-2.51234508 -1.06884801 -6.44399214 101 130 81 0.000000 0.999575 0.001005 -0.029133
-2.44867611 -0.99669099 -6.39051104 100 128 80 0.000000 0.978855 0.001156 -0.204554
-2.47244596 -1.06460297 -6.20205307 123 151 105 0.000000 0.998513 0.001028 0.054502
-2.49536610 -1.09346604 -6.14857101 111 139 97 0.000000 0.994066 0.001077 -0.108776
-2.50640202 -1.10959601 -6.20799494 101 131 86 0.000000 0.968656 0.001189 0.248404
-2.49197102 -1.02555394 -6.49238014 96 126 75 0.000000 0.952066 0.001228 -0.305890
-2.39349699 -0.97377002 -6.23176479 94 122 76 0.000000 0.993804 0.001079 0.111142
-2.46820092 -0.99499297 -6.53737211 101 129 81 0.000000 0.999780 0.000997 0.020933
-2.31624699 -0.86256301 -6.42956114 95 122 72 0.000000 0.959249 0.001213 -0.282560
-2.52338099 -1.11214197 -6.09169483 105 131 84 0.000000 0.951115 0.001230 0.308835
-2.52592707 -1.10025799 -6.41937399 110 139 89 0.000000 0.908224 0.001296 -0.418483
-2.38925290 -0.93217403 -6.40664005 94 121 71 0.000000 0.983522 0.001137 -0.180786
-2.35020304 -0.88208801 -6.45927191 91 120 67 0.000000 0.953933 0.001225 -0.300017
-2.45716500 -1.04168296 -6.24364901 123 148 106 0.000000 0.953006 0.001227 -0.302950
-2.33067799 -0.90246201 -6.22497320 99 127 81 0.000000 0.962562 0.001205 -0.271059
-2.43933797 -0.97292101 -6.45078278 103 131 84 0.000000 0.990471 0.001102 -0.137718
-2.27804589 -0.84728301 -6.31326008 96 125 75 0.000000 0.956644 0.001219 -0.291258
-2.34595799 -0.96697903 -6.16130495 68 81 53 0.000000 0.996331 0.001057 -0.085581
-2.51234508 -1.12402701 -6.19101715 123 149 114 0.000000 0.990471 0.001102 0.137718
-2.29077911 -0.86086500 -6.27251196 97 125 77 0.000000 0.999995 0.000979 0.002938
-2.50385499 -1.09855998 -6.09593916 83 114 58 0.000000 0.683251 0.001380 -0.730182
-2.36378598 -0.94575602 -6.22921801 94 123 76 0.000000 0.960094 0.001211 -0.279674
-2.47753906 -1.03574097 -6.35995007 102 131 87 0.000000 0.912475 0.001291 -0.409130
-2.53441596 -1.11299098 -6.32599401 111 140 98 0.000000 0.975327 0.001168 -0.220763
-2.49536610 -1.09601295 -6.19950581 103 134 90 0.000000 0.988665 0.001112 0.150135
-2.50215793 -1.06120801 -6.41512918 104 135 88 0.000000 0.960094 0.001211 -0.279674
-2.40283489 -0.99159700 -6.20884418 94 124 76 0.000000 0.977717 0.001160 0.209925
-2.44528103 -0.97971302 -6.49068213 103 132 83 0.000000 0.993261 0.001083 -0.115898
-2.47074795 -1.02385604 -6.34806490 103 131 84 0.000000 0.912475 0.001291 -0.409130
-2.36548305 -0.92198700 -6.35570478 95 125 73 0.000000 0.987081 0.001120 -0.160219
-2.56667495 -1.08752406 -6.56708384 90 118 68 0.000000 0.948187 0.001236 -0.317711
-2.37991500 -0.91434699 -6.42022181 90 117 69 0.000000 0.947186 0.001238 -0.320681
-2.47838807 -1.00772703 -6.61886692 101 130 84 0.000000 0.396706 0.001284 -0.917945
-2.45037389 -1.04338098 -6.20799494 101 129 83 0.000000 0.998629 0.001026 0.052343
-2.41641808 -0.95424497 -6.57217693 110 137 91 0.000000 0.899331 0.001305 0.437266
-2.38585711 -0.91859102 -6.43465424 94 122 72 0.000000 0.983039 0.001139 -0.183394
-2.52592707 -1.10365295 -6.31241083 105 134 89 0.000000 0.985368 0.001129 -0.170436
-2.57261705 -1.13760996 -6.39730215 56 59 53 0.000000 -0.314746 0.001234 0.949175
-2.30181503 -0.86001599 -6.35910082 90 118 69 0.000000 0.977717 0.001160 -0.209925
-2.28144097 -0.85237598 -6.29713106 94 124 74 0.000000 0.989410 0.001108 -0.145143
-2.37397194 -0.93896502 -6.32344723 94 123 75 0.000000 0.951115 0.001230 -0.308835
-2.45886302 -0.98480600 -6.54586077 103 133 84 0.000000 0.970072 0.001184 -0.242814
-2.42745399 -0.97631699 -6.38626623 98 125 77 0.000000 0.995927 0.001061 -0.090153
-2.34256291 -0.88633299 -6.41173410 90 117 69 0.000000 0.969369 0.001186 -0.245605
-2.42235994 -0.98141003 -6.32089996 90 119 73 0.000000 0.955752 0.001221 -0.294171
-2.51828694 -1.05017197 -6.51105595 95 124 71 0.000000 0.926978 0.001272 -0.375114
-2.37906599 -0.94915199 -6.30986500 105 134 84 0.000000 0.940919 0.001250 -0.338631
-2.35020304 -0.88972801 -6.42616510 90 117 69 0.000000 0.967932 0.001191 -0.251210
-2.51064706 -1.08243096 -6.35910082 108 137 92 0.000000 0.985809 0.001127 0.167869
-2.42575598 -1.00687802 -6.16130495 107 136 91 0.000000 0.995277 0.001067 0.097074
-2.34001589 -0.93387198 -6.19356394 97 125 77 0.000000 0.781002 0.001373 -0.624527
-2.55224299 -1.07733703 -6.55434990 99 131 76 0.000000 0.986241 0.001125 -0.165311
-2.35190105 -0.89991498 -6.22412395 100 112 64 0.000000 -0.707106 0.001384 0.707106
-2.43000102 -1.00942397 -6.12989616 120 146 107 0.000000 0.883337 0.001320 0.468736
-2.42490697 -1.01027298 -6.23346186 92 120 75 0.000000 0.804402 0.001366 -0.594083
-2.48687696 -1.01621604 -6.63075209 51 53 57 0.000000 0.951115 0.001230 0.308835
-2.54884791 -1.06884801 -6.57557297 87 120 58 0.000000 0.828486 0.001356 0.560008
-2.51573992 -1.02470505 -6.53567410 105 134 78 0.000000 -0.978290 0.001158 -0.207235
-2.50810003 -1.11129403 -6.17064285 111 141 96 0.000000 0.997066 0.001048 0.076536
-2.56837296 -1.14355195 -6.41682720 135 148 122 0.000000 0.953006 0.001227 -0.302950
-2.29926801 -0.85067803 -6.39390612 96 125 74 0.000000 0.928213 0.001270 -0.372047
-2.55479002 -1.13760996 -6.45163202 88 114 65 0.000000 0.909655 0.001294 -0.415362
-2.57176805 -1.09855998 -6.54076815 118 146 100 0.000000 0.997710 0.001040 -0.067624
-2.46565509 -1.05271900 -6.21563482 113 139 95 0.000000 0.897798 0.001307 -0.440405
-2.48433089 -1.08158195 -6.15281582 98 127 82 0.000000 0.990471 0.001102 -0.137718
-2.45631695 -1.04422998 -6.11970901 123 140 101 0.000000 0.727510 0.001380 0.686096
-2.37821698 -0.90076399 -6.48134422 101 118 72 0.000000 0.934187 0.001261 -0.356781
-2.48178411 -1.02130902 -6.47285509 109 138 90 0.000000 0.983996 0.001135 -0.178186
-2.40538192 -0.93726701 -6.44229412 106 122 77 0.000000 0.994569 0.001073 -0.104070
-2.32473612 -0.87529701 -6.38541698 112 138 88 0.000000 0.978290 0.001158 -0.207235
-2.42575598 -0.99923700 -6.27251196 95 124 77 0.000000 0.956644 0.001219 -0.291258
-2.53866100 -1.11299098 -6.38626623 114 143 105 0.000000 0.799835 0.001367 0.600218
-2.51149607 -1.08667505 -6.33023787 99 129 82 0.000000 0.925729 0.001273 -0.378186
-2.30181503 -0.84898102 -6.49577522 65 75 56 0.000000 0.848828 0.001345 -0.528668
-2.30096602 -0.86595899 -6.31156206 92 120 73 0.000000 0.994569 0.001073 -0.104070
-2.23475099 -0.81247801 -6.29288578 98 128 78 0.000000 0.783405 0.001372 0.621510
-2.35275006 -0.95849001 -6.16809702 71 79 54 0.000000 0.952066 0.001228 -0.305890
-2.31030393 -0.87190098 -6.34212303 96 124 76 0.000000 0.984919 0.001131 -0.173011
-2.35529590 -0.97461897 -6.16300297 105 126 80 0.000000 0.915238 0.001287 -0.402911
-2.40283489 -0.98820198 -6.23431206 97 127 78 0.000000 0.973432 0.001174 -0.228974
-2.51064706 -1.03319395 -6.56453705 99 129 75 0.000000 0.953933 0.001225 -0.300017
-2.38415909 -0.88378602 -6.51105595 70 67 58 0.000000 0.993536 0.001081 0.113516
-2.33831811 -0.90416002 -6.28015184 95 124 78 0.000000 0.939829 0.001251 -0.341642
-2.40707994 -0.97631699 -6.28694391 96 125 77 0.000000 0.930643 0.001266 -0.365926
-2.36038995 -0.88208801 -6.50002003 89 112 64 0.000000 0.978855 0.001156 -0.204554
-2.34765601 -0.87105203 -6.51105595 89 114 65 0.000000 0.999780 0.000997 -0.020933
-2.47159696 -0.99584198 -6.57557297 104 134 85 0.000000 0.989041 0.001110 0.147635
-2.55394101 -1.15288997 -6.34891415 108 122 99 0.000000 0.953933 0.001225 -0.300017
-2.52338099 -1.10280395 -6.06707621 69 76 56 0.000000 0.761293 0.001377 0.648407
-2.35190105 -0.93217403 -6.22327614 98 126 77 0.000000 0.964151 0.001201 -0.265352
-2.33662009 -0.94405800 -6.18083000 95 121 73 0.000000 0.950151 0.001232 -0.311788
-2.39519501 -0.92453301 -6.45417881 160 162 117 0.000000 0.999298 0.001012 -0.037461
-2.54969692 -1.13676095 -6.37268400 111 141 96 0.000000 0.966452 0.001195 0.256844
-2.52253199 -1.14100504 -6.20120382 47 51 48 0.000000 0.997400 0.001044 -0.072063
-2.28228998 -0.83285099 -6.42956114 96 124 76 0.000000 0.999298 0.001012 -0.037461
-2.46310806 -1.03998494 -6.28524590 99 127 82 0.000000 0.972780 0.001176 -0.231726
-2.31030393 -0.85237598 -6.45163202 98 126 77 0.000000 0.999633 0.001003 0.027071
-2.29926801 -0.84982902 -6.47540092 89 117 65 0.000000 0.991141 0.001098 0.132811
-2.32982898 -0.91519600 -6.18846989 104 131 85 0.000000 0.998136 0.001034 -0.061026
-2.44867611 -1.02810001 -6.12140703 99 112 85 0.000000 0.981537 0.001145 -0.191268
-2.32982898 -0.86341202 -6.47625113 103 130 79 0.000000 0.999040 0.001018 -0.043791
-2.54375410 -1.13166702 -6.42361784 114 142 101 0.000000 0.999736 0.000999 -0.022971
-2.47499299 -1.00348198 -6.51529980 92 122 73 0.000000 0.981537 0.001145 -0.191268
-2.33407402 -0.88633299 -6.37268400 94 123 74 0.000000 0.960928 0.001209 -0.276796
-2.39349699 -0.94660503 -6.37353182 99 125 74 0.000000 0.959249 0.001213 -0.282560
-2.32134008 -0.89397299 -6.24110317 104 133 87 0.000000 0.999040 0.001018 -0.043791
-2.24324012 -0.81672198 -6.25638294 97 120 81 0.000000 0.883337 0.001320 -0.468736
-2.37227511 -0.88972801 -6.50341606 107 121 73 0.000000 0.945148 0.001242 -0.326641
-2.41641808 -0.94405800 -6.49153090 103 132 83 0.000000 0.997066 0.001048 -0.076536
-2.47074795 -1.04083395 -6.30307293 98 128 81 0.000000 0.899331 0.001305 -0.437266
-2.35699391 -0.87614602 -6.51614904 98 121 72 0.000000 0.992091 0.001091 -0.125512
-2.51828694 -1.09346604 -6.35995007 109 140 96 0.000000 0.999633 0.001003 -0.027071
-2.56922102 -1.10025799 -6.49577522 91 121 63 0.000000 0.965696 0.001197 -0.259673
-2.49876189 -1.07054603 -6.32853985 100 131 86 0.000000 0.963362 0.001203 -0.268202
-2.48602796 -1.09091997 -6.10188198 76 103 54 0.000000 0.819933 0.001360 -0.572458
-2.31115294 -0.86510998 -6.37438202 89 117 68 0.000000 0.978290 0.001158 -0.207235
-2.45886302 -1.04083395 -6.25977898 95 122 79 0.000000 0.999821 0.000995 -0.018902
-2.44188499 -1.03743804 -6.18507481 102 132 84 0.000000 0.994811 0.001071 -0.101730
-2.50470400 -1.04168296 -6.62396002 113 140 94 0.000000 0.953006 0.001227 -0.302950
-2.52422905 -1.08837295 -6.43720102 104 134 87 0.000000 0.986241 0.001125 -0.165311
-2.38415909 -0.96697903 -6.23346186 94 123 79 0.000000 0.948187 0.001236 -0.317711
-2.29841900 -0.86680800 -6.26487207 91 122 75 0.000000 0.724826 0.001381 -0.688930
-2.50555301 -1.07139504 -6.36674118 103 131 86 0.000000 0.971447 0.001180 0.237255
-2.42575598 -0.97716600 -6.34806490 99 123 75 0.000000 0.928213 0.001270 -0.372047
-2.35869193 -0.94660503 -6.21139097 95 123 72 0.000000 0.916599 0.001286 -0.399807
-2.41641808 -0.96018797 -6.40918684 96 122 76 0.000000 0.977134 0.001162 0.212622
-2.48348188 -1.07394099 -6.17149210 114 143 97 0.000000 0.985368 0.001129 -0.170436
-2.35529590 -0.92368501 -6.26147699 96 124 78 0.000000 0.962562 0.001205 -0.271059
-2.51998496 -1.04338098 -6.57472420 96 127 71 0.000000 0.846861 0.001346 0.531813
-2.53781199 -1.06205702 -6.54416323 97 128 74 0.000000 0.999575 0.001005 0.029133
-2.23475099 -0.77937001 -6.36589193 87 103 73 0.000000 0.998844 0.001022 0.048051
-2.32728195 -0.89906597 -6.26317501 102 131 84 0.000000 0.989771 0.001106 -0.142660
-2.50555301 -1.02894902 -6.55519915 99 130 78 0.000000 0.994569 0.001073 -0.104070
-2.37651896 -0.91774201 -6.40069818 89 117 69 0.000000 0.961751 0.001207 -0.273924
-2.34510899 -0.88378602 -6.37777710 94 111 56 0.000000 0.897798 0.001307 0.440405
-2.31879306 -0.86001599 -6.44823599 90 118 68 0.000000 0.936483 0.001257 -0.350710
-2.46225905 -0.98989999 -6.58236408 103 133 83 0.000000 0.921899 0.001279 0.387428
-2.45037389 -0.97631699 -6.53058100 110 136 87 0.000000 0.997858 0.001038 -0.065416
-2.39519501 -0.92028898 -6.49153090 102 130 81 0.000000 0.989041 0.001110 -0.147635
-2.50215793 -1.09261799 -6.24874306 101 130 82 0.000000 0.999131 0.001016 -0.041673
-2.55139399 -1.15628600 -6.44399214 104 128 83 0.000000 0.965696 0.001197 -0.259673
-2.45207191 -0.99074799 -6.44314289 104 132 83 0.000000 0.998629 0.001026 -0.052343
-2.29757094 -0.84558499 -6.45672607 92 119 69 0.000000 0.954848 0.001223 0.297091
-2.37651896 -0.96952599 -6.19016790 87 115 60 0.000000 0.797530 0.001368 -0.603278
-2.33067799 -0.89651901 -6.29543304 96 124 77 0.000000 0.987489 0.001118 -0.157685
-2.50215793 -1.03149605 -6.58745813 103 133 80 0.000000 0.994811 0.001071 0.101730
-2.50385499 -1.07394099 -6.39135981 106 136 89 0.000000 0.995717 0.001063 -0.092452
-2.46141005 -1.01197100 -6.37522984 99 127 81 0.000000 0.949175 0.001234 -0.314746
-2.51828694 -1.13506305 -6.17913198 52 57 52 0.000000 0.995277 0.001067 -0.097074
-2.24578691 -0.82096702 -6.32599401 92 122 68 0.000000 0.994569 0.001073 0.104070
-2.44697905 -1.00008595 -6.35995007 102 131 85 0.000000 0.979955 0.001152 -0.199215
-2.55224299 -1.14270306 -6.30392218 102 113 94 0.000000 0.955752 0.001221 0.294171
-2.44188499 -1.03658998 -6.11631298 68 81 56 0.000000 0.991465 0.001096 0.130369
-2.44613004 -0.97461897 -6.57387495 107 135 86 0.000000 0.968656 0.001189 0.248404
-2.28313899 -0.83370000 -6.48728704 49 50 52 0.000000 0.912475 0.001291 -0.409130
-2.50470400 -1.02725101 -6.57302618 99 129 77 0.000000 0.998945 0.001020 0.045917
-2.25767207 -0.82775801 -6.32429600 89 120 68 0.000000 0.999960 0.000985 0.008867
-2.43084908 -0.98395699 -6.36589193 101 125 77 0.000000 0.981537 0.001145 -0.191268
-2.29417491 -0.84473598 -6.41258192 92 120 73 0.000000 0.992979 0.001085 -0.118289
-2.50979805 -1.03998494 -6.60613298 112 142 87 0.000000 0.964929 0.001199 0.262509
-2.24918294 -0.78531200 -6.41258192 43 51 39 0.000000 0.945148 0.001242 0.326641
-2.50045991 -1.06035900 -6.40409279 103 132 87 0.000000 0.968656 0.001189 -0.248404
-2.39604402 -0.97377002 -6.26657009 99 128 79 0.000000 0.999857 0.000993 0.016879
-2.46056104 -0.98310798 -6.55774593 104 133 86 0.000000 0.995927 0.001061 -0.090153
-2.46904993 -1.01621604 -6.40918684 109 136 90 0.000000 0.999513 0.001007 -0.031203
-2.46395707 -1.06630099 -6.14177990 100 129 81 0.000000 0.983039 0.001139 -0.183394
-2.49791288 -1.07818604 -6.27760601 104 133 89 0.000000 0.959249 0.001213 -0.282560
-2.40877795 -0.93556899 -6.48813486 104 132 83 0.000000 0.993536 0.001081 -0.113516
-2.39010191 -0.97801501 -6.20205307 92 120 73 0.000000 0.999995 0.000979 0.002938
-2.48687696 -1.00857604 -6.54755878 102 132 83 0.000000 0.945148 0.001242 -0.326641
-2.29162788 -0.84049201 -6.42616510 100 127 80 0.000000 0.994321 0.001075 -0.106419
-2.28228998 -0.83539802 -6.39900017 91 119 73 0.000000 0.979409 0.001154 -0.201881
-2.44273400 -0.98480600 -6.43040895 104 131 84 0.000000 0.989410 0.001108 -0.145143
-2.54375410 -1.12912095 -6.35315800 111 141 98 0.000000 0.983522 0.001137 -0.180786
-2.40113807 -0.95849001 -6.34551907 97 125 75 0.000000 0.997400 0.001044 -0.072063
-2.50470400 -1.10450196 -6.22836924 98 128 79 0.000000 0.986241 0.001125 -0.165311
-2.53611398 -1.07479000 -6.49577522 89 119 63 0.000000 0.745961 0.001379 -0.665988
-2.47838807 -1.03658998 -6.34891415 103 132 87 0.000000 0.923189 0.001277 0.384343
-2.54545212 -1.14694798 -6.31241083 103 123 86 0.000000 0.864020 0.001335 -0.503455
-2.44952512 -1.03913605 -6.23600912 100 125 80 0.000000 0.998629 0.001026 0.052343
-2.54035902 -1.06375504 -6.61632109 102 127 74 0.000000 0.921899 0.001279 0.387428
-2.24408889 -0.80993098 -6.31410885 99 119 58 0.000000 -0.083307 0.001055 0.996523
-2.32218909 -0.85916799 -6.46945906 92 119 68 0.000000 0.994811 0.001071 0.101730
-2.54290509 -1.12912095 -6.36504412 113 143 99 0.000000 0.999960 0.000985 0.008867
-2.41556907 -0.99754000 -6.17403889 100 130 84 0.000000 0.998629 0.001026 -0.052343
-2.29417491 -0.86341202 -6.24449778 87 117 71 0.000000 0.967932 0.001191 -0.251210
-2.34850502 -0.91349798 -6.28864098 100 129 78 0.000000 0.999686 0.001001 0.025017
-2.48772597 -1.06884801 -6.27930403 97 125 80 0.000000 0.950151 0.001232 -0.311788
-2.48348188 -1.01536703 -6.49832201 101 130 77 0.000000 0.916599 0.001286 -0.399807
-2.51998496 -1.07054603 -6.47964621 97 126 73 0.000000 0.897798 0.001307 -0.440405
-2.26531196 -0.85237598 -6.23006678 80 108 59 0.000000 0.864020 0.001335 -0.503455
-2.34935403 -0.89736801 -6.38626623 90 119 71 0.000000 0.957524 0.001217 -0.288352
-2.48687696 -1.02894902 -6.47879696 99 128 77 0.000000 0.965696 0.001197 -0.259673
-2.36718106 -0.89736801 -6.45417881 93 120 68 0.000000 0.959249 0.001213 -0.282560
-2.55479002 -1.08327901 -6.51275301 94 124 72 0.000000 0.990809 0.001100 0.135260
-2.35275006 -0.94321001 -6.20290184 92 121 72 0.000000 0.822094 0.001359 -0.569351
-2.28653502 -0.84388697 -6.36504412 95 122 74 0.000000 0.936483 0.001257 -0.350710
-2.52762508 -1.08243096 -6.46776199 89 117 66 0.000000 0.938727 0.001253 -0.344659
-2.26276493 -0.84134001 -6.26402283 95 124 74 0.000000 0.995717 0.001063 -0.092452
-2.30351305 -0.87274998 -6.24025393 95 124 75 0.000000 0.999976 0.000983 -0.006883
-2.49027300 -1.07988405 -6.26062822 96 127 81 0.000000 0.889912 0.001314 -0.456129
-2.47244596 -1.06799901 -6.16724777 101 130 87 0.000000 0.893111 0.001311 -0.449834
-2.45037389 -1.01027298 -6.33618116 105 133 84 0.000000 0.951115 0.001230 -0.308835
-2.49027300 -1.08922195 -6.11206913 84 113 61 0.000000 0.790530 0.001370 -0.612421
-2.46056104 -1.04677606 -6.23431206 127 153 111 0.000000 0.948187 0.001236 -0.317711
-2.55648804 -1.08243096 -6.52463818 100 131 78 0.000000 0.999780 0.000997 -0.020933
-2.43169808 -1.00518000 -6.27930403 94 121 75 0.000000 0.970072 0.001184 -0.242814
-2.53017211 -1.05866098 -6.51784706 95 124 72 0.000000 0.848828 0.001345 -0.528668
