-1.587872 0.995490 -5.424984 178 193 176 0 0.365749 0.048504 0.929449
-1.327505 0.786675 -5.669209 137 183 122 0 0.024913 0.214727 0.976356
-1.633176 0.711689 -5.590578 154 196 144 0 0.593373 -0.094301 0.799385
-1.362914 1.014757 -5.533297 204 235 189 0 0.768457 0.333481 0.546136
-1.502992 0.864265 -5.563499 163 198 156 0 -0.126117 -0.856724 0.500118
-1.461333 0.658054 -5.679103 186 209 170 0 0.442914 -0.047407 0.895310
-1.725867 0.840832 -5.502053 98 138 87 0 0.902965 0.418987 -0.095413
-1.332712 0.929357 -5.639527 161 184 150 0 0.862189 -0.243959 0.443975
-1.482684 1.063706 -5.475495 97 101 94 0 0.151050 0.205273 0.966978
-1.524342 0.755952 -5.623905 123 169 110 0 0.088188 -0.594187 0.799478
-1.609222 0.898113 -5.494242 142 184 122 0 0.641677 -0.537257 0.547362
-1.509241 0.956435 -5.496846 144 189 132 0 0.498888 -0.354515 0.790841
-1.418112 0.831979 -5.624426 125 164 108 0 0.403542 -0.284764 0.869519
-1.409260 0.919983 -5.566103 138 181 125 0 0.420239 -0.616239 0.666070
-1.625886 0.811150 -5.555168 118 146 73 0 -0.539109 0.842102 0.015013
-1.735240 0.749182 -5.552564 136 164 106 0 -0.366299 0.508301 -0.779394
-1.366039 0.691901 -5.669209 153 182 128 0 0.299275 0.206542 -0.931545
-1.401449 1.107969 -5.449979 220 216 202 0 0.696589 -0.411997 0.587385
-1.431651 0.746058 -5.658794 132 178 114 0 0.175214 -0.270292 0.946701
-1.675876 0.884573 -5.451021 140 177 105 0 0.668260 -0.714775 0.206215
-1.436338 0.992366 -5.512989 155 195 142 0 0.364375 -0.370577 0.854344
-1.319173 0.866868 -5.685873 151 178 137 0 0.426150 -0.481664 0.765765
-1.577978 0.684090 -5.640048 150 194 134 0 0.332687 -0.498234 0.800676
-1.550900 0.808546 -5.577039 124 172 109 0 0.142410 -0.175177 0.974183
-1.333233 0.962163 -5.574435 142 177 117 0 -0.173411 -0.959718 0.221066
-1.525384 1.012674 -5.454145 172 211 161 0 -0.426685 0.047110 0.903172
-1.412384 1.054333 -5.498408 155 198 118 0 0.411950 -0.063481 0.908992
-1.477997 0.804380 -5.612449 146 169 127 0 0.418177 -0.513292 0.749439
-1.508200 0.701795 -5.662439 148 193 134 0 0.246528 -0.055748 0.967531
-1.628489 0.925712 -5.430192 164 172 142 0 0.315742 -0.947226 0.055416
-1.680042 0.703358 -5.544753 155 168 149 0 0.873926 0.387567 0.293335
-1.381140 0.886136 -5.617136 141 185 124 0 0.541252 -0.558114 0.628932
-1.582665 0.858016 -5.542670 138 182 123 0 0.032371 -0.657262 0.752966
-1.661296 0.837707 -5.507260 127 174 103 0 -0.022552 -0.433785 0.900734
-1.547776 0.908527 -5.516113 132 166 120 0 0.348038 -0.429929 0.833085
-1.579020 0.949145 -5.470288 154 198 148 0 0.658061 -0.300874 0.690240
-1.462375 0.931440 -5.534338 149 179 142 0 0.839363 -0.293234 0.457693
-1.691498 0.796048 -5.543191 123 169 98 0 0.339517 0.260149 0.903908
-1.600890 0.763763 -5.584329 144 185 139 0 0.300538 -0.612326 0.731255
-1.445711 0.869993 -5.582246 133 180 122 0 0.354395 -0.489097 0.796987
-1.367601 0.829376 -5.653587 158 198 141 0 0.442151 -0.317162 0.838994
-1.369163 0.749182 -5.661398 126 174 105 0 -0.040518 -0.086511 0.995427
-1.478518 1.009029 -5.484869 162 205 149 0 0.134106 -0.205630 0.969398
-1.666503 0.753869 -5.563499 133 179 117 0 -0.183000 -0.387615 0.903474
-1.634218 0.663261 -5.608804 64 93 44 0 0.175680 -0.753134 0.633977
-1.378537 0.959559 -5.550481 141 187 125 0 0.331310 -0.570500 0.751508
-1.740968 0.808025 -5.540067 127 160 94 0 0.149530 -0.284241 0.947021
-1.418633 0.683570 -5.689518 113 157 96 0 -0.046700 -0.791075 0.609934
-1.577457 0.731998 -5.615573 126 164 116 0 0.284915 -0.580972 0.762427
-1.326463 0.727832 -5.654628 125 172 103 0 -0.435909 -0.229189 0.870319
-1.460813 0.704920 -5.668168 138 181 117 0 -0.009098 -0.412022 0.911128
-1.509762 0.654409 -5.657753 187 208 178 0 0.457530 -0.109071 0.882480
-1.481642 0.749703 -5.643693 134 180 115 0 0.238131 -0.561864 0.792213
-1.369684 0.928315 -5.589536 139 183 113 0 0.475130 -0.656452 0.585938
-1.438942 1.078808 -5.469768 131 174 100 0 -0.079799 -0.744305 0.663055
-1.351979 0.874159 -5.650463 145 186 129 0 0.656391 -0.293691 0.694908
-1.413947 0.792403 -5.645776 144 190 129 0 0.397545 -0.308519 0.864161
-1.618595 0.860620 -5.517154 163 206 137 0 0.214608 0.779690 0.588241
-1.648277 0.880408 -5.485389 139 184 111 0 0.159260 -0.674959 0.720462
-1.542568 0.876242 -5.544232 120 169 99 0 0.157914 -0.308962 0.937873
-1.424882 0.950707 -5.536421 143 189 131 0 0.165728 -0.530031 0.831626
-1.398324 0.719500 -5.666605 141 188 125 0 0.001168 -0.220763 0.975327
-1.556107 0.771574 -5.601513 133 181 117 0 0.291076 -0.561474 0.774611
-1.538923 0.977785 -5.472892 142 188 132 0 0.459328 -0.579588 0.673124
-1.474873 0.896030 -5.551002 188 205 176 0 0.197839 -0.411797 0.889541
-1.397283 0.987679 -5.527569 142 190 135 0 0.420201 -0.143865 0.895954
-1.544651 0.712731 -5.648379 99 123 66 0 0.832475 -0.387014 0.396492
-1.455085 0.779385 -5.636403 145 186 123 0 0.339398 -0.492366 0.801489
-1.556107 0.652846 -5.653587 124 122 119 0 0.063585 0.317923 0.945982
-1.539964 0.673155 -5.688997 98 130 71 0 0.718521 -0.679191 -0.149755
-1.641508 0.668989 -5.569748 172 198 152 0 0.531506 0.246383 0.810430
-1.505596 0.821044 -5.589015 160 178 139 0 -0.347785 -0.654751 0.671079
-1.499868 0.921025 -5.527569 120 169 112 0 0.690646 0.333135 0.641895
-1.588393 0.821565 -5.557251 131 181 117 0 0.521911 -0.419833 0.742529
-1.387910 1.048605 -5.528090 176 203 156 0 -0.375314 -0.588374 0.716210
-1.538402 0.843956 -5.568707 134 180 120 0 0.001381 -0.722131 0.691755
-1.474352 0.962684 -5.511426 150 195 147 0 0.429354 -0.387855 0.815613
-1.602973 0.961121 -5.431754 176 202 154 0 0.869568 -0.307176 0.386645
-1.698789 0.729915 -5.564541 92 120 71 0 0.165804 0.419556 -0.892458
-1.443628 1.023089 -5.492159 162 204 153 0 -0.291753 -0.237672 0.926494
-1.695664 0.822606 -5.515592 118 164 96 0 0.023750 -0.641240 0.766973
-1.512886 0.787196 -5.606200 148 176 130 0 -0.102572 -0.445417 0.889428
-1.371246 0.786675 -5.659315 131 179 118 0 0.149627 -0.071868 0.986127
-1.411864 0.879887 -5.595264 140 188 127 0 0.538984 -0.562639 0.626844
-1.340523 0.986638 -5.547357 143 159 127 0 0.808313 -0.404957 0.427365
-1.633176 0.770012 -5.566624 137 181 117 0 0.277857 -0.582705 0.763709
-1.577457 0.918942 -5.496846 138 183 120 0 0.365092 -0.826594 0.428311
-1.607660 0.926232 -5.467164 152 197 128 0 0.468396 -0.804107 0.366084
-1.544651 0.945499 -5.489555 135 179 130 0 -0.006877 -0.799155 0.601086
-1.408739 1.018923 -5.514030 160 203 152 0 0.339040 -0.522217 0.782522
-1.386868 0.853850 -5.631716 140 186 128 0 0.577728 -0.434545 0.690943
-1.605056 0.707523 -5.610887 151 192 140 0 0.453791 -0.499995 0.737617
-1.575374 0.882491 -5.519237 134 178 112 0 0.763262 -0.388954 0.515893
-1.596204 0.655971 -5.648900 146 185 131 0 0.124946 -0.568870 0.812881
-1.329067 0.906965 -5.665564 75 85 69 0 0.877810 -0.269516 0.395993
-1.438942 0.899154 -5.565583 148 194 141 0 0.261913 -0.636528 0.725420
-1.487370 1.033504 -5.460394 168 212 158 0 0.427862 0.001300 0.903843
-1.661296 0.715855 -5.571831 153 195 136 0 0.556567 0.223552 0.800161
-1.690978 0.853850 -5.503094 108 154 79 0 0.514954 -0.363212 0.776466
-1.332191 0.835624 -5.687955 148 169 112 0 -0.212870 -0.332878 -0.918629
-1.651402 0.907486 -5.447376 145 190 114 0 0.617930 -0.601093 0.506804
-1.657651 0.818440 -5.534338 117 152 73 0 -0.151001 0.435747 -0.887313
-1.558711 0.997052 -5.454145 153 198 147 0 0.394858 -0.332920 0.856301
-1.444670 0.843435 -5.602034 123 171 108 0 0.310707 -0.493662 0.812255
-1.444149 0.811671 -5.622863 136 180 119 0 0.274508 -0.379511 0.883525
-1.512365 0.889260 -5.543712 121 171 107 0 0.308232 -0.547790 0.777766
-1.585268 0.791883 -5.577559 145 191 125 0 0.802605 0.213312 0.557066
-1.748779 0.777302 -5.562458 157 166 137 0 -0.695329 -0.276533 0.663360
-1.397283 0.767929 -5.657753 142 188 131 0 0.141181 -0.133815 0.980898
-1.532674 0.683049 -5.654108 111 142 115 0 -0.587100 0.023595 0.809171
-1.635780 0.741892 -5.581205 141 186 127 0 0.595612 -0.317982 0.737654
-1.509762 0.735122 -5.642652 137 182 125 0 0.427147 -0.532697 0.730602
-1.389993 0.903841 -5.592661 134 165 115 0 0.716685 -0.333153 0.612676
-1.705037 0.770532 -5.555168 147 189 125 0 0.298369 -0.127108 0.945949
-1.345730 0.935085 -5.608283 127 172 106 0 0.669037 -0.602300 0.435458
-1.494140 0.772095 -5.625988 136 177 119 0 0.405246 -0.493130 0.769804
-1.612867 0.835624 -5.534338 142 188 121 0 0.388552 -0.639871 0.663018
-1.482163 0.683049 -5.671813 151 192 131 0 0.197380 -0.031912 0.979808
-1.311362 0.808025 -5.684310 170 201 153 0 0.527850 0.464575 0.711016
-1.340002 0.756473 -5.657753 129 174 104 0 -0.309566 0.309566 0.899076
-1.473831 0.860099 -5.579642 138 184 127 0 0.159262 -0.531371 0.832034
-1.405615 1.077245 -5.480703 144 190 112 0 0.666480 -0.532177 0.522104
-1.432172 0.712731 -5.667126 134 180 115 0 -0.119952 -0.278130 0.953024
-1.611305 0.733560 -5.595785 147 194 135 0 0.396181 -0.301342 0.867314
-1.390513 0.812712 -5.646297 147 188 129 0 0.442838 -0.404190 0.800328
-1.353021 0.721583 -5.663481 129 178 110 0 -0.086511 -0.277611 0.956790
-1.662858 0.688256 -5.561937 162 205 148 0 0.745638 0.529321 0.404775
-1.577978 0.973619 -5.455708 163 204 149 0 0.318720 -0.342888 0.883655
-1.437380 1.053812 -5.484869 149 193 120 0 0.356203 -0.299091 0.885248
-1.390513 0.684090 -5.681186 119 166 96 0 -0.086764 -0.516316 0.851992
-1.345209 0.903841 -5.642652 147 188 122 0 0.722778 -0.421758 0.547459
-1.608701 0.672113 -5.629633 148 190 123 0 0.244846 -0.690306 0.680829
-1.633176 0.903320 -5.468205 142 185 113 0 0.579627 -0.656911 0.482183
-1.469144 0.828334 -5.601513 127 175 116 0 0.277163 -0.436417 0.855991
-1.367601 0.909569 -5.609845 137 181 118 0 0.580704 -0.510009 0.634566
-1.664420 0.795528 -5.547878 124 170 97 0 0.204391 -0.837246 0.507192
-1.447274 0.961121 -5.524445 145 189 138 0 -0.056422 -0.355592 0.932937
-1.351458 0.810629 -5.665043 154 198 143 0 0.434129 0.001304 0.900850
-1.552983 0.741371 -5.622863 134 181 116 0 0.443583 -0.324458 0.835441
-1.673273 0.874679 -5.477057 131 168 91 0 0.554189 -0.355916 0.752462
-1.644632 0.858537 -5.508302 133 174 99 0 0.340865 -0.627910 0.699671
-1.460292 0.991324 -5.501532 150 196 142 0 0.452985 -0.151960 0.878472
-1.712849 0.808546 -5.533818 133 169 98 0 -0.380151 -0.166583 0.909800
-1.601411 0.882491 -5.515071 137 181 104 0 -0.919118 -0.198073 0.340572
-1.419675 0.853850 -5.609845 143 186 126 0 0.522104 -0.532177 0.666480
-1.563918 0.715335 -5.630674 133 170 119 0 0.421758 -0.547459 0.722778
-1.333233 0.956956 -5.600993 174 212 151 0 0.516538 -0.690389 0.506508
-1.529029 0.930919 -5.504657 133 180 125 0 0.610684 -0.405467 0.680192
-1.469144 1.032983 -5.480703 158 196 147 0 -0.254725 0.213418 0.943169
-1.634218 0.834062 -5.519758 122 171 100 0 0.904479 0.063734 0.421729
-1.518094 0.992366 -5.469768 165 207 154 0 -0.222274 0.008232 0.974949
-1.520697 0.905403 -5.526007 131 178 117 0 0.244528 -0.648395 0.720965
-1.354583 0.949145 -5.578080 133 179 109 0 0.628073 -0.667846 0.399382
-1.363435 0.989762 -5.536421 129 179 118 0 0.349686 -0.301661 0.886973
-1.427486 0.929357 -5.549440 138 185 130 0 0.315325 -0.545817 0.776308
-1.544651 0.792924 -5.595264 123 171 109 0 0.167526 -0.356169 0.919282
-1.469144 0.725749 -5.657753 124 168 111 0 0.102309 -0.369677 0.923510
-1.350938 0.966329 -5.556210 134 181 118 0 0.301430 -0.649606 0.697963
-1.558190 0.962684 -5.472892 140 187 134 0 0.452296 -0.485190 0.748344
-1.500909 1.012674 -5.476016 163 206 159 0 0.380472 -0.117601 0.917284
-1.384265 0.933523 -5.570790 127 174 109 0 0.435245 -0.675380 0.595335
-1.647236 0.694505 -5.580684 163 206 155 0 0.556804 0.134401 0.819698
-1.480080 0.939251 -5.519758 141 188 134 0 0.553228 -0.690281 0.466316
-1.466020 0.879887 -5.568186 130 175 116 0 -0.087814 -0.253260 0.963405
-1.492578 0.720021 -5.656711 153 187 141 0 0.229819 -0.544471 0.806681
-1.439983 0.672634 -5.691600 59 79 62 0 0.350710 0.001257 0.936483
-1.456126 0.758035 -5.647338 128 174 113 0 0.307541 -0.490488 0.815377
-1.488932 0.987679 -5.484869 169 208 163 0 0.426678 -0.276805 0.861002
-1.388430 1.009029 -5.522362 157 200 149 0 0.299091 -0.356203 0.885248
-1.351979 0.846039 -5.659836 150 194 137 0 0.702446 -0.237291 0.671016
-1.607139 0.946020 -5.449459 154 199 137 0 0.610436 -0.579999 0.539416
-1.348855 0.778343 -5.664001 147 192 132 0 0.150063 0.165195 0.974778
-1.723784 0.784072 -5.551002 137 172 106 0 -0.302292 0.039209 0.952409
-1.689936 0.751265 -5.560375 140 186 126 0 0.386877 -0.094327 0.917294
-1.581102 0.760118 -5.596306 141 183 121 0 0.315325 -0.545817 0.776308
-1.494140 0.840311 -5.582246 137 175 126 0 0.664225 -0.405823 0.627784
-1.584227 0.896550 -5.496846 125 172 110 0 0.601093 -0.506804 0.617930
-1.392076 1.062144 -5.506740 89 100 72 0 0.944481 0.325107 0.047545
-1.344689 0.700754 -5.671813 76 86 68 0 -0.093656 -0.260441 0.960937
-1.618075 0.787196 -5.562458 145 182 137 0 0.563615 -0.443909 0.696622
-1.561835 0.827293 -5.568707 134 180 118 0 0.206126 -0.633875 0.745462
-1.552462 0.858016 -5.554647 130 176 112 0 0.340362 -0.640012 0.688868
-1.350417 0.916338 -5.623905 128 169 108 0 0.612056 -0.500773 0.612056
-1.460813 1.070997 -5.474975 143 180 113 0 -0.253153 -0.365665 0.895658
-1.406136 0.946020 -5.548919 132 182 119 0 0.307028 -0.529743 0.790637
-1.517573 0.841352 -5.578080 107 160 99 0 0.206923 -0.366095 0.907280
-1.492057 0.653888 -5.672333 60 98 35 0 -0.095565 0.964568 -0.245920
-1.368122 0.853329 -5.644734 148 191 129 0 0.547936 -0.213342 0.808858
-1.671710 0.779906 -5.562458 122 155 77 0 0.442483 -0.136039 0.886398
-1.602973 0.862182 -5.533297 136 183 118 0 0.373412 -0.505965 0.777537
-1.532153 0.820523 -5.580163 115 164 106 0 0.403761 -0.308577 0.861253
-1.680042 0.818961 -5.535901 128 173 106 0 0.410703 -0.871417 0.268245
-1.716494 0.738247 -5.546836 146 190 129 0 -0.205064 0.285973 0.936039
-1.398324 0.830938 -5.635882 144 188 129 0 0.382832 -0.398586 0.833408
-1.674314 0.731477 -5.562458 157 204 152 0 0.476022 0.127994 0.870070
-1.508200 0.936647 -5.510385 145 191 133 0 0.244846 -0.690306 0.680829
-1.520697 0.713772 -5.648379 213 207 200 0 0.616049 -0.410146 0.672506
-1.323859 0.889781 -5.678582 111 124 99 0 0.892385 -0.087434 0.442723
-1.364997 0.887177 -5.632236 145 188 125 0 0.648167 -0.467283 0.601271
-1.695143 0.719500 -5.544753 168 199 148 0 0.349434 -0.412113 0.841462
-1.576416 1.007467 -5.439565 103 106 105 0 -0.316151 -0.286741 0.904338
-1.371767 1.034545 -5.532256 115 128 110 0 -0.150349 -0.259451 0.953981
-1.389472 0.699712 -5.666084 130 169 92 0 -0.308999 0.945564 -0.102116
-1.406136 0.748662 -5.660357 135 183 124 0 0.143034 -0.125918 0.981675
-1.443628 0.915818 -5.553085 131 178 120 0 0.079784 -0.482906 0.872030
-1.719097 0.821565 -5.518196 106 149 83 0 0.261854 0.794969 -0.547227
-1.585268 0.931440 -5.480182 158 203 149 0 0.690135 -0.365559 0.624564
-1.520177 0.806984 -5.595264 140 185 134 0 0.420239 -0.616239 0.666070
-1.446232 0.727311 -5.660877 140 185 127 0 0.134152 -0.235744 0.962511
-1.536840 0.776261 -5.608804 119 168 109 0 0.254971 -0.420928 0.870522
-1.597766 0.913735 -5.485910 146 190 126 0 0.199204 -0.435297 0.877972
-1.417071 1.094430 -5.454145 171 189 147 0 0.032394 -0.745071 0.666198
-1.436859 0.766367 -5.648900 135 180 120 0 0.322619 -0.467405 0.823073
-1.544130 1.014236 -5.444772 168 206 155 0 0.930691 0.221057 0.291457
-1.504554 1.045481 -5.460915 208 225 190 0 0.648009 -0.055789 0.759587
-1.637342 0.677321 -5.588495 164 204 154 0 0.950833 -0.071151 0.301421
-1.574854 0.661178 -5.649942 133 183 125 0 0.008411 -0.253538 0.967289
-1.619116 0.928836 -5.449979 162 202 134 0 0.720974 -0.641746 0.261452
-1.566522 0.750224 -5.609845 133 179 121 0 0.348688 -0.515801 0.782539
-1.637342 0.814795 -5.536421 130 179 110 0 0.119068 -0.586519 0.801135
-1.559232 0.882491 -5.532256 127 174 112 0 0.442761 -0.465635 0.766255
-1.393638 0.867910 -5.618177 154 194 138 0 0.664767 -0.244748 0.705821
-1.531112 0.960601 -5.485910 141 185 132 0 -0.141285 -0.252200 0.957305
-1.576416 0.838228 -5.558813 146 190 127 0 0.547790 -0.308232 0.777766
-1.620678 0.658054 -5.637965 132 148 128 0 0.386517 -0.860808 0.331080
-1.307717 0.787196 -5.672854 215 232 195 0 0.173853 0.494811 0.851432
-1.535799 0.727832 -5.638485 124 171 112 0 0.032741 -0.388961 0.920672
-1.406656 1.038711 -5.511426 171 214 154 0 0.625770 -0.119828 0.770748
-1.462896 0.915818 -5.546836 131 177 130 0 0.395653 -0.556541 0.730562
-1.465499 0.845518 -5.592140 130 178 117 0 0.293234 -0.457693 0.839363
-1.559752 0.682528 -5.647859 139 187 132 0 0.365373 -0.396735 0.842083
-1.328546 0.815836 -5.678061 165 206 146 0 0.499809 0.206870 0.841068
-1.565480 0.899154 -5.515071 132 180 111 0 -0.047110 -0.426685 0.903172
-1.587872 0.712731 -5.619218 142 187 130 0 0.451056 -0.364989 0.814451
-1.374891 1.041315 -5.514030 182 199 155 0 -0.481759 0.666405 0.569046
-1.382182 0.730436 -5.664001 136 184 115 0 0.001149 -0.196558 0.980491
-1.584748 0.948103 -5.451541 153 197 134 0 0.962264 -0.221255 0.158413
-1.539964 0.990803 -5.458311 154 193 147 0 0.600281 0.689578 0.405148
-1.433734 0.858537 -5.596306 139 185 125 0 0.492552 -0.627038 0.603503
-1.388430 0.796048 -5.656190 144 186 131 0 0.221479 -0.318643 0.921636
-1.649840 0.861140 -5.483827 129 176 100 0 0.587327 -0.587327 0.556861
-1.650360 0.836666 -5.530173 125 169 100 0 0.001351 -0.544370 0.838844
-1.567563 0.941334 -5.483827 143 187 129 0 0.374429 -0.570637 0.730873
-1.463937 0.796048 -5.622863 134 179 121 0 0.286237 -0.386192 0.876883
-1.723784 0.840832 -5.521320 102 147 63 0 -0.262413 -0.363227 0.893983
-1.462896 0.950186 -5.520799 134 178 140 0 -0.689308 -0.127096 0.713232
-1.628489 0.873117 -5.506219 142 186 122 0 0.142648 -0.746274 0.650174
-1.408219 0.694505 -5.677541 123 167 102 0 -0.101691 -0.508455 0.855063
-1.654526 0.741371 -5.571831 146 190 137 0 0.318643 0.221479 0.921636
-1.425923 0.967370 -5.527048 134 181 123 0 0.371069 -0.412124 0.832143
-1.414467 0.894988 -5.583808 140 188 122 0 0.357073 -0.394495 0.846683
-1.590476 0.836666 -5.545794 134 180 118 0 0.442838 -0.404190 0.800328
-1.718577 0.749703 -5.561937 177 209 148 0 -0.625788 -0.142566 0.766853
-1.475914 0.773657 -5.631195 137 184 119 0 0.270004 -0.579482 0.768959
-1.434255 0.833021 -5.614532 152 181 133 0 0.220067 -0.441631 0.869789
-1.421237 1.004863 -5.512989 158 200 149 0 0.339018 -0.300188 0.891602
-1.364477 0.954352 -5.562979 136 180 120 0 0.355826 -0.657541 0.664100
-1.403011 0.846560 -5.625467 135 182 124 0 0.443636 -0.364132 0.818899
-1.534236 0.860620 -5.558292 128 174 107 0 0.143272 -0.707312 0.692231
-1.625365 0.888739 -5.495804 150 195 131 0 0.374364 -0.516978 0.769795
-1.487370 0.824168 -5.600472 113 162 105 0 -0.159333 -0.690445 0.705619
-1.520697 0.975181 -5.480703 151 195 141 0 0.236686 -0.444728 0.863827
-1.608701 0.815316 -5.549440 129 179 111 0 0.579597 -0.324510 0.747503
-1.485808 0.871034 -5.565062 154 165 131 0 0.571954 -0.517964 0.636067
-1.403011 1.087660 -5.465601 142 186 124 0 0.768457 -0.546136 0.333481
-1.535278 0.895509 -5.531735 129 167 118 0 0.189279 -0.348672 0.917933
-1.428006 1.038711 -5.490076 160 199 145 0 0.651088 -0.533320 0.540050
-1.368643 0.973619 -5.543712 154 196 139 0 0.118508 -0.554500 0.823703
-1.448836 0.692943 -5.675457 134 181 120 0 0.142829 -0.397377 0.906472
-1.676918 0.843435 -5.497366 124 171 98 0 0.387237 -0.746697 0.540824
-1.419675 0.760638 -5.657232 162 191 144 0 0.269523 -0.222042 0.937046
-1.430089 0.879366 -5.584329 133 181 120 0 0.458206 -0.507831 0.729490
-1.594121 0.801256 -5.564541 138 185 116 0 0.680930 -0.427871 0.594357
-1.614430 0.913214 -5.478099 152 196 131 0 0.534897 -0.609142 0.585518
-1.420195 0.988200 -5.520278 149 194 141 0 0.300188 -0.339018 0.891602
-1.385306 0.978306 -5.537463 142 190 132 0 0.095244 -0.731182 0.675501
-1.647757 0.892905 -5.470288 148 192 122 0 0.633907 -0.380344 0.673424
-1.569126 0.790320 -5.585371 134 179 120 0 0.426788 -0.394819 0.813615
-1.486849 1.030379 -5.478099 175 213 162 0 0.436447 0.078478 0.896301
-1.578499 0.699712 -5.631195 141 184 122 0 0.347565 -0.403674 0.846313
-1.382182 0.835624 -5.642131 147 187 126 0 0.340953 -0.356243 0.869967
-1.370726 0.716897 -5.666605 140 187 123 0 0.016129 -0.299013 0.954113
-1.621199 0.752307 -5.581205 139 179 118 0 0.378545 -0.442434 0.812992
-1.632655 0.795007 -5.551523 120 168 102 0 0.055326 -0.591564 0.804357
-1.455085 0.970495 -5.511426 147 181 145 0 0.001354 -0.553762 0.832674
-1.508720 0.684090 -5.664522 148 194 142 0 0.364387 0.024464 0.930926
-1.341044 0.835624 -5.669209 160 204 147 0 0.618202 -0.023723 0.785661
-1.684729 0.875200 -5.463519 125 166 89 0 0.702669 -0.680953 0.206302
-1.389993 0.919983 -5.580684 129 177 113 0 0.592680 -0.592680 0.545400
-1.329587 0.770532 -5.660357 130 176 101 0 -0.142014 0.443255 0.885075
-1.560794 0.924670 -5.495284 144 187 138 0 0.430304 -0.277171 0.859078
-1.544130 0.695547 -5.658794 107 121 73 0 0.212473 0.971846 0.101836
-1.336357 0.714814 -5.665564 94 116 78 0 -0.055101 -0.308819 0.949523
-1.514448 0.766887 -5.614532 180 181 153 0 0.030686 -0.433611 0.900577
-1.610264 0.774698 -5.571831 150 183 136 0 0.222176 -0.078196 0.971866
-1.491536 0.787196 -5.617656 134 180 119 0 0.333621 -0.509211 0.793348
-1.399366 0.933523 -5.561417 141 186 127 0 0.555614 -0.633299 0.538726
-1.492057 0.945499 -5.508822 142 186 138 0 0.468140 -0.595662 0.652711
-1.577457 0.990283 -5.441648 171 208 156 0 0.554401 -0.276411 0.785007
-1.480601 0.977785 -5.496325 156 202 154 0 0.704018 -0.412472 0.578123
-1.462375 0.816357 -5.611928 139 175 124 0 0.435605 -0.381354 0.815363
-1.709724 0.797090 -5.546315 120 164 97 0 -0.753685 0.001378 0.657235
-1.497264 0.885615 -5.551002 123 172 111 0 0.261202 -0.545865 0.796119
-1.593600 0.968933 -5.443730 177 209 160 0 0.301483 -0.428260 0.851881
-1.460292 1.019444 -5.493200 140 186 129 0 0.136024 -0.300330 0.944087
-1.672231 0.833021 -5.530173 108 154 83 0 0.023379 -0.554231 0.832034
-1.433214 1.013195 -5.504136 167 207 158 0 0.600325 -0.420726 0.680147
-1.533195 0.681487 -5.673895 169 118 124 0 0.897062 -0.134630 -0.420897
-1.333233 0.918421 -5.652545 189 194 177 0 0.975451 -0.174502 0.134329
-1.418112 1.076204 -5.469246 151 190 130 0 0.365665 -0.253153 0.895658
-1.476435 0.922066 -5.534338 145 188 146 0 0.040354 -0.555211 0.830730
-1.460292 0.893426 -5.559855 123 166 113 0 0.347413 -0.547782 0.761078
-1.493619 0.905924 -5.531735 129 178 121 0 0.421598 -0.500340 0.756251
-1.379578 0.992886 -5.531214 147 194 137 0 0.165776 -0.204936 0.964634
-1.525905 0.740851 -5.631195 122 167 111 0 -0.236063 -0.362158 0.901730
-1.525384 0.698671 -5.654108 204 127 146 0 0.593401 -0.358002 0.720909
-1.381661 0.946020 -5.559855 127 174 113 0 0.199511 -0.697515 0.688236
-1.528508 0.790320 -5.600993 116 162 104 0 0.175857 -0.276736 0.944718
-1.682646 0.831458 -5.509864 122 167 97 0 0.333135 -0.641895 0.690646
-1.662858 0.894988 -5.452583 139 186 112 0 0.474508 -0.714259 0.514467
-1.369163 0.765846 -5.660877 139 184 125 0 0.047101 -0.079961 0.995685
-1.480080 1.045481 -5.476537 167 207 152 0 0.849263 0.229407 0.475526
-1.710766 0.834062 -5.503615 110 150 85 0 -0.180754 0.797446 -0.575680
-1.722742 0.821044 -5.538505 129 160 88 0 -0.362153 -0.355989 0.861462
-1.462375 0.740330 -5.653587 158 179 139 0 0.262446 -0.388420 0.883319
-1.516011 0.918942 -5.517675 134 184 120 0 0.040911 -0.627778 0.777316
-1.467062 0.689298 -5.674416 147 189 131 0 0.095812 -0.300562 0.948937
-1.420716 0.908527 -5.569228 143 189 137 0 0.467578 -0.490709 0.735238
-1.421758 1.056937 -5.480703 190 223 161 0 0.730063 -0.420239 0.538895
-1.563398 0.913214 -5.506740 136 181 118 0 0.228379 -0.062958 0.971535
-1.479559 0.666906 -5.672854 155 196 138 0 0.340622 0.047920 0.938978
-1.493098 0.694505 -5.667647 154 196 138 0 0.125472 -0.111133 0.985853
-1.591517 0.669510 -5.641089 141 188 125 0 0.331934 -0.524360 0.784134
-1.624323 0.824168 -5.533818 138 180 120 0 0.359131 -0.500851 0.787511
-1.341044 0.734081 -5.657753 128 170 102 0 -0.347795 -0.070088 0.934947
-1.518094 0.876762 -5.552043 143 177 123 0 0.601878 -0.441822 0.665234
-1.317090 0.837187 -5.693163 61 77 50 0 0.496736 0.023010 0.867597
-1.660254 0.883532 -5.473933 135 180 108 0 0.284846 -0.752693 0.593562
-1.647757 0.713772 -5.580163 155 194 133 0 0.490818 -0.062569 0.869012
-1.448836 0.855933 -5.591619 128 177 111 0 0.561786 -0.323550 0.761388
-1.416550 0.705961 -5.670250 133 178 109 0 0.080603 -0.516145 0.852700
-1.515490 1.018402 -5.465081 173 211 162 0 0.642948 -0.606016 0.468361
-1.343127 0.792924 -5.666084 155 200 140 0 0.278044 -0.062211 0.958552
-1.673793 0.802818 -5.537463 124 175 109 0 -0.413389 -0.435908 0.799433
-1.740968 0.763763 -5.560375 159 186 122 0 -0.488173 -0.141352 0.861224
-1.558711 0.845518 -5.561937 130 178 113 0 0.263912 -0.532509 0.804229
-1.658692 0.771053 -5.561937 134 181 119 0 0.285052 -0.381577 0.879286
-1.419154 0.803859 -5.636403 141 186 120 0 0.331539 -0.094535 0.938693
-1.629010 0.679925 -5.601513 164 201 138 0 0.760760 -0.430279 0.485905
-1.410301 0.956435 -5.537983 140 185 131 0 0.158628 -0.286072 0.944987
-1.392076 0.885094 -5.606200 141 185 126 0 0.569046 -0.481759 0.666405
-1.326463 0.849684 -5.684831 167 205 148 0 0.892858 0.022688 0.449766
-1.604536 0.685132 -5.622343 158 198 141 0 0.657946 -0.189525 0.728826
-1.617033 0.937688 -5.437482 161 198 136 0 0.947881 -0.214126 0.235947
-1.441545 0.933002 -5.544232 132 179 122 0 0.357543 -0.492223 0.793649
-1.697226 0.808025 -5.535380 125 165 95 0 -0.015351 -0.671273 0.741051
-1.704517 0.754390 -5.556730 134 183 128 0 0.340230 -0.103548 0.934624
-1.499868 0.968412 -5.495284 154 196 145 0 0.714028 -0.189688 0.673931
-1.713369 0.731477 -5.560375 76 117 57 0 -0.239167 0.307909 -0.920864
-1.531112 1.026734 -5.454145 178 213 167 0 -0.031818 -0.554739 0.831416
-1.631614 0.894467 -5.483306 145 189 119 0 0.189753 -0.701931 0.686504
-1.670148 0.701275 -5.559855 163 209 152 0 0.459328 0.673124 0.579588
-1.409260 0.734081 -5.662439 131 180 114 0 0.038867 -0.103276 0.993893
-1.631093 0.912172 -5.456228 146 190 121 0 0.393973 -0.917490 0.054756
-1.539964 0.762721 -5.614532 129 175 115 0 0.516596 -0.563712 0.644483
-1.432693 0.684611 -5.684310 127 173 111 0 0.261836 -0.633168 0.728382
-1.686291 0.828855 -5.526527 98 141 74 0 -0.237598 0.880157 0.410939
-1.371246 0.815316 -5.657232 160 202 148 0 0.228306 -0.244910 0.942282
-1.450398 1.046522 -5.483827 157 200 138 0 0.040014 -0.142908 0.988927
-1.561835 1.004343 -5.439044 169 201 157 0 0.397201 -0.904024 0.158026
-1.429569 0.726791 -5.662960 132 180 121 0 0.079355 -0.245622 0.966112
-1.468624 0.763763 -5.639527 139 185 117 0 0.334375 -0.573444 0.747901
-1.403011 0.816878 -5.639527 146 190 125 0 0.396950 -0.350250 0.848384
-1.620158 0.671593 -5.620260 158 197 129 0 0.587327 -0.556861 0.587327
-1.608181 0.799173 -5.560375 131 180 111 0 0.545777 -0.410570 0.730451
-1.430610 0.891343 -5.574956 132 179 119 0 0.269366 -0.509149 0.817441
-1.351458 1.006425 -5.537463 160 163 150 0 0.620587 -0.479315 0.620587
-1.428006 0.821044 -5.624947 140 186 123 0 0.332174 -0.317143 0.888302
-1.572771 0.960080 -5.453104 148 193 130 0 0.771254 0.636526 0.001375
-1.397804 0.971536 -5.533818 146 193 131 0 0.324765 -0.421107 0.846875
-1.407177 0.906965 -5.579642 141 187 128 0 0.507110 -0.473857 0.719930
-1.727429 0.795528 -5.542670 127 169 95 0 -0.181154 -0.332817 0.925428
-1.595683 0.953831 -5.459352 156 196 138 0 0.860641 -0.182201 0.475500
-1.499347 0.891343 -5.537463 116 167 106 0 0.776717 -0.586818 0.228812
-1.659213 0.674196 -5.560896 142 138 135 0 0.009098 -0.412022 0.911128
-1.545172 0.662220 -5.655670 152 188 132 0 0.001199 -0.262509 0.964929
-1.487891 0.963725 -5.506219 146 188 141 0 0.633073 -0.410417 0.656335
-1.691498 0.842394 -5.513509 132 167 106 0 -0.299604 -0.284989 0.910504
-1.378537 0.681487 -5.673375 143 164 133 0 0.080499 0.269608 -0.959600
-1.710245 0.836666 -5.518196 109 154 73 0 -0.705390 -0.398124 0.586448
-1.451439 1.010591 -5.500491 151 191 143 0 0.159256 -0.747743 0.644606
-1.701913 0.784592 -5.553606 148 180 115 0 -0.587958 -0.299586 0.751368
-1.590476 0.683570 -5.632758 144 190 131 0 0.308870 -0.188677 0.932202
-1.648798 0.847081 -5.520278 131 178 100 0 0.261376 -0.742942 0.616214
-1.364997 0.799694 -5.659836 154 197 135 0 0.143415 -0.064129 0.987583
-1.345730 0.859057 -5.659836 159 200 139 0 0.625770 -0.119828 0.770748
-1.504034 0.776781 -5.616615 133 171 117 0 0.437456 -0.523297 0.731295
-1.590996 0.749703 -5.596306 182 195 170 0 0.419535 -0.191495 0.887310
-1.498826 0.759597 -5.631195 145 188 124 0 0.277294 -0.521688 0.806815
-1.541527 0.739288 -5.631195 136 183 116 0 0.331609 -0.418792 0.845369
-1.534236 0.907486 -5.521841 135 175 132 0 0.125666 -0.586932 0.799824
-1.579540 0.966850 -5.442168 140 185 124 0 -0.111896 -0.285664 0.951775
-1.328546 0.871034 -5.675979 167 208 146 0 0.632829 -0.301117 0.713341
-1.405615 0.856974 -5.616094 146 181 130 0 0.410600 -0.465780 0.783873
-1.562877 0.668989 -5.650983 143 189 131 0 0.260143 -0.118960 0.958214
-1.356666 0.940292 -5.589015 128 173 106 0 0.530618 -0.691310 0.490445
-1.653485 0.851246 -5.499970 135 181 100 0 -0.023571 0.805563 0.592041
-1.652964 0.825210 -5.522362 132 179 101 0 0.038217 -0.686496 0.726129
-1.551941 0.979347 -5.467684 157 198 148 0 0.316077 -0.506677 0.802106
-1.451439 0.940292 -5.534859 147 190 140 0 0.355101 -0.460199 0.813708
-1.613909 0.696588 -5.610366 145 188 127 0 0.634535 -0.405903 0.657729
-1.430610 0.914776 -5.558292 125 172 116 0 0.287712 -0.375080 0.881213
-1.668065 0.688256 -5.548919 178 212 168 0 0.874442 0.484905 0.014776
-1.481121 0.832500 -5.591099 113 162 104 0 -0.159333 -0.690445 0.705619
-1.361352 0.921546 -5.606200 134 180 113 0 0.579627 -0.656911 0.482183
-1.491015 0.799694 -5.610366 153 181 140 0 0.119053 -0.357159 0.926425
-1.736282 0.776781 -5.556210 160 192 120 0 -0.196853 -0.268436 0.942969
-1.639425 0.922066 -5.438003 128 122 102 0 0.014647 -0.459374 0.888122
-1.552983 0.936647 -5.496325 145 187 142 0 0.467140 -0.477044 0.744453
-1.605056 0.847081 -5.535380 140 185 126 0 0.885873 -0.317350 0.338406
-1.520697 0.860099 -5.561417 125 172 107 0 -0.006795 -0.544928 0.838455
-1.524342 0.942896 -5.499449 144 189 135 0 0.015038 -0.545455 0.838005
-1.447274 1.061623 -5.479141 146 187 119 0 0.515191 -0.101890 0.850998
-1.357186 0.859057 -5.650983 155 196 136 0 0.476715 -0.198756 0.856294
-1.356145 0.979347 -5.542670 122 173 106 0 0.086536 -0.229508 0.969452
-1.600370 0.729394 -5.603076 147 193 134 0 0.347639 -0.353764 0.868331
-1.635780 0.728353 -5.583808 149 193 137 0 0.537252 -0.293191 0.790822
-1.554024 0.704399 -5.642652 138 184 128 0 0.521509 -0.323750 0.789440
-1.604536 0.959039 -5.445814 165 204 146 0 0.412365 -0.055072 0.909353
-1.614950 0.854892 -5.529131 141 190 120 0 -0.555297 -0.388216 0.735482
-1.510803 0.753869 -5.627550 150 169 129 0 0.586877 -0.379744 0.715102
-1.565480 0.776261 -5.592661 140 181 118 0 0.436838 -0.515963 0.736855
-1.638383 0.664302 -5.582246 158 194 134 0 0.899076 -0.309566 0.309566
-1.621199 0.713772 -5.596827 154 196 140 0 0.539458 0.078285 0.838366
-1.541527 0.827813 -5.573394 135 180 123 0 0.316993 -0.574449 0.754668
-1.689415 0.702316 -5.554647 170 204 148 0 0.978622 0.205100 -0.015236
-1.453002 0.880928 -5.571831 129 177 118 0 0.382113 -0.521950 0.762600
-1.343127 0.955393 -5.581726 131 175 107 0 0.529882 -0.697037 0.483078
-1.345730 0.891864 -5.648900 148 192 130 0 0.605283 -0.365795 0.706984
-1.449877 0.800214 -5.627029 141 185 126 0 0.300467 -0.538933 0.786938
-1.686291 0.728353 -5.569228 108 130 82 0 -0.316692 0.523575 -0.790933
-1.725867 0.806463 -5.531214 111 149 83 0 0.142304 0.612658 -0.777431
-1.684729 0.721063 -5.553085 157 200 141 0 0.524731 0.285214 0.802066
-1.414988 0.820523 -5.630674 143 188 126 0 0.477476 -0.356111 0.803245
-1.392076 0.739288 -5.662439 140 187 123 0 0.014820 -0.165305 0.986131
-1.588914 0.883011 -5.510385 133 181 115 0 0.621904 -0.520782 0.584826
-1.551941 0.798131 -5.585371 117 164 102 0 0.316978 -0.071744 0.945716
-1.369163 0.937168 -5.579642 135 180 114 0 0.469991 -0.715782 0.516492
-1.384265 0.766367 -5.659836 138 183 126 0 0.150906 -0.023827 0.988261
-1.459250 0.671072 -5.680665 161 202 146 0 0.482732 -0.094848 0.870617
-1.472269 1.020485 -5.486952 161 203 153 0 0.475421 -0.022896 0.879461
-1.380620 0.865306 -5.629633 142 186 128 0 0.507138 -0.301755 0.807313
-1.699309 0.731998 -5.551523 144 193 136 0 0.095738 0.357330 0.929058
-1.494140 0.678362 -5.669209 149 193 138 0 0.268324 -0.046177 0.962221
-1.376974 0.705441 -5.665564 128 168 97 0 0.134329 0.975451 -0.174502
-1.547776 0.753348 -5.619218 139 186 117 0 0.613000 -0.398202 0.682397
-1.403011 0.894988 -5.590057 135 182 117 0 0.411713 -0.563832 0.715951
-1.463416 0.905403 -5.554647 134 180 127 0 0.420406 -0.626454 0.656364
-1.342085 0.924149 -5.630154 132 174 108 0 0.731295 -0.523297 0.437456
-1.576416 0.902799 -5.505178 139 183 126 0 0.030609 -0.427199 0.903639
-1.602973 0.889781 -5.502053 142 187 129 0 0.627411 -0.427705 0.650710
-1.495181 1.047043 -5.469768 186 219 164 0 0.766112 -0.245971 0.593776
-1.638904 0.751786 -5.573394 139 187 126 0 0.040111 -0.524216 0.850640
-1.602973 0.663782 -5.639006 133 179 117 0 0.355826 -0.657541 0.664100
-1.474873 0.789279 -5.621301 134 179 117 0 0.198574 -0.532056 0.823095
-1.718056 0.847601 -5.509864 93 138 55 0 0.078643 -0.955320 0.284920
-1.398845 0.802818 -5.645776 137 183 119 0 0.292968 -0.362078 0.884912
-1.521218 1.003301 -5.461957 162 202 155 0 0.930829 -0.040358 0.363219
-1.727950 0.808025 -5.545794 111 147 72 0 -0.182228 -0.340441 0.922439
-1.361352 0.778343 -5.660877 133 178 116 0 0.189822 -0.102975 0.976404
-1.564439 0.800214 -5.578601 127 177 109 0 0.331259 -0.252457 0.909138
-1.543089 0.811150 -5.586933 115 164 104 0 -0.196104 -0.480529 0.854772
-1.596725 0.790320 -5.570790 140 188 121 0 0.460910 -0.402690 0.790824
-1.477997 0.734081 -5.653587 165 184 139 0 0.030562 -0.253050 0.966970
-1.703475 0.818440 -5.539546 111 156 83 0 0.158479 -0.900904 0.404050
-1.539964 0.935605 -5.499970 131 178 123 0 -0.056243 -0.467777 0.882055
-1.582665 0.957997 -5.460915 160 204 151 0 -0.338406 -0.317350 0.885873
-1.417071 0.936647 -5.548398 140 186 130 0 0.451931 -0.299735 0.840189
-1.341564 0.974661 -5.554126 154 195 142 0 0.668063 -0.477187 0.570951
-1.413426 0.846560 -5.618177 137 177 125 0 0.523336 -0.489896 0.697224
-1.470707 0.941334 -5.528090 138 183 138 0 0.406019 0.001289 0.913864
-1.380620 1.029858 -5.524445 175 209 155 0 0.539826 -0.133853 0.831067
-1.458209 0.716376 -5.663481 131 177 113 0 -0.086593 -0.339711 0.936535
-1.406136 0.873638 -5.604638 131 177 116 0 0.523469 -0.557132 0.644658
-1.368122 0.894988 -5.622863 144 188 123 0 0.666830 -0.459594 0.586610
-1.534757 1.002260 -5.458311 167 210 162 0 -0.157459 -0.341393 0.926638
-1.509241 0.799173 -5.605158 195 202 169 0 0.821880 -0.537325 0.189199
-1.404053 1.063706 -5.497887 158 204 121 0 0.365645 -0.500949 0.784445
-1.440504 1.038711 -5.489035 153 195 140 0 0.120085 -0.016525 0.992626
-1.627969 0.836145 -5.533297 102 103 96 0 0.862685 0.489866 -0.125718
-1.335836 0.903320 -5.655670 154 194 133 0 0.832753 -0.284848 0.474747
-1.360311 0.740330 -5.661398 131 177 103 0 -0.142630 -0.078977 0.986620
-1.475914 0.989241 -5.494762 156 199 150 0 0.499612 -0.086335 0.861936
-1.596204 0.930919 -5.468726 142 184 121 0 0.469991 -0.516492 0.715782
-1.462375 0.978826 -5.505698 151 195 147 0 0.293143 -0.546673 0.784357
-1.725346 0.771053 -5.554647 136 178 116 0 -0.480863 -0.039504 0.875906
-1.601932 0.751786 -5.587453 134 174 124 0 0.340417 -0.283929 0.896382
-1.707641 0.742413 -5.557251 102 142 74 0 -0.284764 0.403542 -0.869519
-1.368643 0.864785 -5.640048 150 195 133 0 0.570882 -0.396492 0.718949
-1.595162 0.868431 -5.526007 136 180 120 0 0.133533 -0.688668 0.712674
-1.435297 1.063186 -5.476537 157 199 126 0 0.135169 -0.372063 0.918313
-1.620678 0.816357 -5.542670 144 187 126 0 0.602300 -0.435458 0.669037
-1.504554 0.718459 -5.654108 154 164 128 0 0.128577 -0.422467 0.897212
-1.489974 0.922066 -5.520278 123 175 123 0 0.856870 0.444473 -0.261185
-1.646715 0.828334 -5.538505 122 173 102 0 0.421015 -0.811614 0.405006
-1.361352 0.878845 -5.640568 152 195 137 0 0.648221 -0.189385 0.737525
-1.580061 0.750224 -5.603596 123 173 113 0 0.468630 -0.294256 0.832946
-1.448315 0.891343 -5.567145 132 180 124 0 0.270970 -0.587895 0.762204
-1.357707 0.753348 -5.660357 132 178 109 0 -0.221544 0.015401 0.975029
-1.571208 0.827293 -5.560375 126 174 114 0 0.269408 -0.661564 0.699823
-1.447274 0.703878 -5.670250 138 182 117 0 0.039513 -0.475516 0.878819
-1.380099 0.922066 -5.588495 132 180 109 0 0.569456 -0.623529 0.535660
-1.388951 0.960601 -5.544232 140 187 122 0 0.278718 -0.603623 0.746964
-1.521739 0.776261 -5.611928 122 168 109 0 -0.134574 -0.572308 0.808921
-1.384265 0.823127 -5.645776 146 191 129 0 0.514311 -0.181433 0.838192
-1.399366 0.704399 -5.671292 126 173 104 0 -0.230830 -0.380795 0.895384
-1.684729 0.817399 -5.522882 125 161 97 0 -0.158972 -0.524460 0.836462
-1.655047 0.909048 -5.435920 164 190 140 0 -0.023307 -0.962957 0.268647
-1.440504 0.823127 -5.617656 135 176 124 0 0.298974 -0.474289 0.828049
-1.566522 0.735122 -5.619739 148 182 137 0 0.551989 -0.363108 0.750640
-1.417592 0.781468 -5.649421 134 182 120 0 0.294334 -0.372823 0.879983
-1.434255 0.701795 -5.671813 131 176 111 0 0.094327 -0.386877 0.917294
-1.675876 0.791883 -5.546836 124 165 97 0 0.478207 -0.605729 0.635932
-1.748258 0.788758 -5.558813 135 163 93 0 -0.292252 -0.955195 -0.046811
-1.352500 0.708565 -5.667126 138 184 115 0 -0.055416 -0.315742 0.947226
-1.395721 1.052250 -5.512468 179 217 158 0 0.481242 0.869664 0.109957
-1.470707 1.047043 -5.483827 157 198 142 0 0.436447 0.078478 0.896301
-1.635259 0.883532 -5.491638 144 188 120 0 0.236439 -0.539329 0.808221
-1.370205 0.917380 -5.599431 133 179 116 0 0.517964 -0.636067 0.571954
-1.447794 0.903320 -5.558813 131 175 121 0 0.339517 -0.260149 0.903908
-1.621199 0.770012 -5.571831 146 192 132 0 0.040508 -0.562918 0.825520
-1.396242 0.943937 -5.555168 135 183 117 0 0.425690 -0.504583 0.751122
-1.649319 0.872596 -5.494242 139 185 116 0 0.507110 -0.473857 0.719930
-1.568605 0.957997 -5.469768 154 196 142 0 0.230359 -0.555026 0.799300
-1.550379 0.963204 -5.481744 149 188 141 0 0.355709 -0.563613 0.745528
-1.615992 0.872076 -5.516113 147 192 122 0 0.501575 -0.501575 0.704872
-1.429569 1.084536 -5.465601 137 179 105 0 -0.231267 -0.793139 0.563424
-1.612867 0.722104 -5.597868 156 199 141 0 0.778326 0.023755 0.627411
-1.725346 0.755431 -5.553085 140 187 138 0 -0.175255 0.302211 0.936992
-1.548817 1.003301 -5.453625 166 204 154 0 0.271012 -0.484725 0.831621
-1.468624 1.008508 -5.491117 162 203 148 0 0.331281 -0.055863 0.941877
-1.433214 1.028296 -5.489035 154 195 139 0 0.831657 -0.466539 0.301144
-1.557149 0.946541 -5.484869 146 189 139 0 0.482870 -0.627563 0.610738
-1.395721 0.779385 -5.656190 132 178 119 0 0.173417 -0.086102 0.981078
-1.485808 0.998614 -5.487473 160 201 155 0 0.498507 -0.141804 0.855209
-1.456126 0.864785 -5.582767 124 174 110 0 0.357239 -0.531818 0.767822
-1.499868 0.931440 -5.516634 137 183 128 0 0.181324 -0.592732 0.784723
-1.502471 0.846039 -5.576518 162 180 136 0 0.454509 -0.707568 0.541082
-1.530070 0.851767 -5.566624 116 165 106 0 0.127155 -0.395438 0.909648
-1.547255 0.867910 -5.551523 130 177 123 0 0.016835 -0.389796 0.920747
-1.410301 1.006946 -5.516113 166 207 154 0 0.475526 -0.229407 0.849263
-1.548817 0.684611 -5.650983 134 181 127 0 0.196421 -0.323600 0.925582
-1.641508 0.826772 -5.524965 132 179 109 0 0.064275 -0.609899 0.789869
-1.470186 0.930398 -5.524445 108 156 107 0 -0.650174 0.746274 0.142648
-1.621199 0.917901 -5.454666 152 195 131 0 0.151161 -0.983150 -0.102789
-1.686291 0.740330 -5.559855 152 196 133 0 0.389861 0.269441 0.880574
-1.707641 0.813753 -5.524965 116 160 81 0 0.204225 0.978130 0.039412
-1.357707 0.765846 -5.661919 154 192 137 0 -0.023341 0.015223 0.999612
-1.357707 0.830417 -5.659315 153 196 143 0 0.546064 -0.078416 0.834066
-1.586831 0.722625 -5.613490 144 189 130 0 0.592907 -0.475334 0.650015
-1.587872 0.899675 -5.507260 130 174 121 0 0.578300 -0.032050 0.815194
-1.594642 0.948624 -5.445814 158 199 141 0 -0.524450 -0.595277 0.608767
-1.477476 0.878845 -5.565062 118 166 112 0 0.720129 -0.490619 0.490619
-1.721180 0.831979 -5.507781 110 153 79 0 -0.509560 -0.238615 0.826687
-1.626927 0.674717 -5.611407 168 208 137 0 0.507165 -0.444389 0.738446
-1.460813 1.030900 -5.487993 137 185 122 0 0.246413 -0.126466 0.960878
-1.654526 0.706482 -5.574956 156 199 145 0 0.607935 0.141901 0.781204
-1.354583 0.695547 -5.672333 90 105 85 0 0.127426 0.016621 0.991709
-1.531633 0.712731 -5.646297 131 167 130 0 0.102964 -0.555428 0.825166
-1.589434 0.920504 -5.489035 148 192 129 0 0.585992 -0.688914 0.426628
-1.626406 0.841873 -5.518196 101 113 87 0 0.485359 -0.525389 0.698851
-1.433214 0.849684 -5.603076 136 179 123 0 0.467946 -0.484482 0.739124
-1.488412 0.849163 -5.578601 125 169 112 0 0.633299 -0.555614 0.538726
-1.379578 0.802818 -5.656190 142 186 131 0 0.252200 -0.141285 0.957305
-1.576416 0.926232 -5.488514 138 184 123 0 0.332920 -0.394858 0.856301
-1.399366 1.031421 -5.515592 161 205 152 0 0.482400 -0.357392 0.799726
-1.468103 0.649722 -5.676499 67 75 80 0 0.278304 0.038688 0.959713
-1.381661 0.742934 -5.662439 137 184 120 0 -0.015772 -0.064138 0.997816
-1.513407 0.898633 -5.537983 135 181 118 0 -0.444993 -0.831807 0.331779
-1.529029 0.800735 -5.593182 144 178 129 0 0.284985 -0.530607 0.798273
-1.552983 0.837707 -5.567145 134 178 125 0 -0.015530 -0.237725 0.971208
-1.467062 0.998614 -5.496846 150 195 141 0 0.531637 -0.501450 0.682576
-1.654005 0.686694 -5.568186 157 199 148 0 0.623583 0.158538 0.765513
-1.332191 0.896550 -5.666605 169 196 135 0 0.882871 -0.173656 0.436328
-1.398324 1.017882 -5.517154 167 211 157 0 0.575680 -0.180754 0.797446
-1.449877 0.668989 -5.685873 140 164 135 0 0.492717 -0.190198 0.849150
-1.573291 0.713252 -5.625467 133 179 121 0 0.490902 -0.332034 0.805461
-1.698268 0.834062 -5.515071 94 134 78 0 0.316745 0.947691 -0.039434
-1.657651 0.753348 -5.569748 134 179 117 0 0.331521 -0.190448 0.924026
-1.453002 0.984034 -5.507260 145 185 145 0 0.181059 -0.404124 0.896605
-1.348334 0.939771 -5.598910 135 179 110 0 0.659294 -0.652718 0.373216
-1.519656 0.965287 -5.484869 145 189 133 0 -0.120240 -0.657607 0.743704
-1.575374 0.796048 -5.578601 132 182 117 0 0.348655 -0.379647 0.856917
-1.574333 0.860620 -5.548919 124 174 115 0 -0.077566 -0.506294 0.858866
-1.585789 0.808025 -5.564541 128 177 111 0 0.397083 -0.514737 0.759850
-1.527467 0.764804 -5.618698 126 174 111 0 -0.150112 -0.371774 0.916106
-1.533195 0.873117 -5.548398 117 164 101 0 0.322432 -0.543804 0.774800
-1.382702 0.891864 -5.608283 141 183 127 0 0.532177 -0.522104 0.666480
-1.576416 0.768970 -5.592661 128 176 115 0 0.198634 -0.387120 0.900379
-1.602453 0.823647 -5.547357 144 188 122 0 0.402770 -0.380657 0.832392
-1.456647 0.928315 -5.542670 129 175 118 0 0.285644 -0.491682 0.822591
-1.534236 0.672634 -5.653066 108 145 94 0 -0.158613 -0.166226 0.973248
-1.514969 0.744496 -5.630154 210 183 179 0 0.615975 -0.545096 0.568722
-1.430610 0.937688 -5.543712 134 182 124 0 0.214890 -0.381539 0.899028
-1.375412 0.939251 -5.571311 123 168 109 0 0.444317 -0.703919 0.554149
-1.399366 1.100158 -5.456749 137 175 108 0 0.571402 -0.746221 0.341546
-1.497785 0.815836 -5.593702 152 187 146 0 0.531637 -0.672513 0.514867
-1.482684 0.889781 -5.554126 148 177 138 0 0.125419 -0.576928 0.807109
-1.634738 0.786155 -5.556730 124 172 103 0 -0.134755 -0.365367 0.921058
-1.407177 0.837187 -5.627550 138 182 123 0 0.459148 -0.449345 0.766337
-1.625365 0.761159 -5.575477 131 178 119 0 0.260182 -0.433636 0.862708
-1.479559 0.949665 -5.519237 135 181 126 0 0.372261 -0.175433 0.911397
-1.443628 0.993928 -5.505698 132 172 128 0 0.880149 -0.221150 0.420037
-1.681604 0.711169 -5.552043 158 204 146 0 0.475500 0.182201 0.860641
-1.434255 1.021006 -5.497366 153 193 144 0 0.724501 -0.445974 0.525553
-1.520697 0.691381 -5.659836 145 161 128 0 0.419414 0.204556 0.884448
-1.405615 1.068914 -5.489035 147 192 112 0 0.055297 -0.599762 0.798265
-1.337399 0.743454 -5.655149 118 165 88 0 -0.411285 -0.110141 0.904828
-1.625886 0.704920 -5.594223 170 209 157 0 0.380092 -0.490076 0.784446
-1.585268 0.974140 -5.446855 179 213 165 0 0.619586 -0.481900 0.619586
-1.508200 0.947062 -5.501011 148 192 141 0 0.331934 -0.524360 0.784134
-1.463416 0.806463 -5.614532 120 165 108 0 0.492008 -0.579327 0.649853
-1.742010 0.798131 -5.542670 140 168 110 0 0.831807 -0.444993 0.331779
-1.494660 1.035066 -5.473413 178 215 162 0 -0.221231 0.070448 0.972674
-1.688374 0.811671 -5.539025 127 166 97 0 -0.182373 -0.982462 0.038828
-1.674835 0.877283 -5.461957 98 143 72 0 0.443099 -0.807816 0.388711
-1.482163 1.026734 -5.469768 159 203 153 0 0.499538 0.863348 0.071363
-1.592038 0.854892 -5.540067 138 180 117 0 0.267822 -0.008483 0.963431
-1.486329 0.931440 -5.521841 129 177 122 0 0.015401 -0.221544 0.975029
-1.667024 0.765325 -5.560896 133 179 118 0 0.355364 -0.437493 0.826024
-1.335836 0.842915 -5.673895 162 202 142 0 0.648328 -0.070753 0.758067
-1.345730 0.929357 -5.616615 138 180 111 0 0.691280 -0.619033 0.372733
-1.430089 1.075163 -5.472892 151 193 119 0 0.426775 -0.189189 0.884348
-1.459250 0.855933 -5.586412 129 178 110 0 0.310030 -0.579901 0.753390
-1.670148 0.710648 -5.563499 152 199 145 0 0.473964 0.371138 0.798508
-1.560273 0.763242 -5.605158 136 174 115 0 0.497977 -0.458271 0.736211
-1.629010 0.778343 -5.562979 132 172 112 0 0.079781 -0.388089 0.918162
-1.351979 0.800735 -5.664001 153 196 139 0 0.221209 0.118916 0.967949
-1.404053 0.980389 -5.527048 143 189 134 0 0.332886 -0.492161 0.804341
-1.597766 0.676800 -5.632758 136 183 121 0 0.443356 -0.539665 0.715679
-1.363956 1.005384 -5.530173 163 201 149 0 0.380905 -0.088110 0.920407
-1.518094 0.732519 -5.637965 205 184 177 0 0.583779 -0.489567 0.647709
-1.498826 0.650243 -5.666084 74 81 77 0 0.433169 -0.047230 0.900074
-1.502992 0.836666 -5.579642 163 187 153 0 0.311672 -0.683095 0.660486
-1.505075 0.768449 -5.621822 117 165 103 0 0.568316 -0.474435 0.672256
-1.422799 1.047043 -5.490076 165 207 140 0 0.818141 -0.483948 0.310547
-1.615992 0.921025 -5.467164 153 197 131 0 0.601337 -0.428099 0.674630
-1.642028 0.837707 -5.524445 116 162 93 0 -0.150037 0.142597 0.978343
-1.544651 0.724187 -5.636403 154 198 143 0 0.401405 -0.174086 0.899204
-1.566001 0.818440 -5.568707 125 174 108 0 0.086055 -0.704484 0.704484
-1.539964 1.014236 -5.453625 165 205 154 0 0.362631 -0.206598 0.908744
-1.557669 1.008508 -5.446855 168 206 157 0 0.570987 -0.785691 0.238041
-1.615471 0.845518 -5.526527 149 191 126 0 0.908249 -0.017038 0.418083
-1.632655 0.841352 -5.526527 131 171 105 0 -0.619202 -0.300755 0.725351
-1.474873 0.744496 -5.648379 132 178 118 0 0.079254 -0.457448 0.885697
-1.625886 0.925712 -5.443730 160 200 134 0 0.584613 -0.713064 0.386998
-1.638904 0.761159 -5.570790 139 186 118 0 0.236810 -0.285023 0.928807
-1.330108 0.736685 -5.653066 114 163 88 0 -0.466249 -0.283467 0.838009
-1.617554 0.888739 -5.501532 148 193 118 0 0.426150 -0.765765 0.481664
-1.637863 0.718980 -5.584850 152 198 143 0 0.601937 -0.300166 0.739981
-1.524342 1.014757 -5.444772 149 196 141 0 -0.872347 0.395970 0.286737
-1.617033 0.814795 -5.556210 95 132 65 0 -0.347541 0.690187 -0.634711
-1.353541 0.930398 -5.605158 127 173 108 0 0.587421 -0.580650 0.563721
-1.546734 0.855412 -5.561937 134 179 115 0 0.340595 -0.815843 0.467328
-1.571729 0.999135 -5.440606 153 191 142 0 -0.395231 0.436835 0.808064
-1.674835 0.821044 -5.528090 102 139 74 0 0.571557 0.531093 -0.625510
-1.489453 0.862703 -5.568186 166 170 142 0 0.103575 -0.593734 0.797967
-1.350417 0.734081 -5.659836 127 172 103 0 -0.228688 -0.111150 0.967134
-1.645674 0.740851 -5.575477 146 188 132 0 0.293335 -0.387567 0.873926
-1.583706 0.663782 -5.647338 149 194 131 0 0.267240 -0.435219 0.859748
-1.556628 0.904882 -5.516113 120 172 108 0 0.387615 0.903474 0.183000
-1.373850 0.757514 -5.660877 132 177 111 0 -0.015223 -0.023341 0.999612
-1.318131 0.787196 -5.670771 134 181 117 0 0.174255 0.580344 0.795510
-1.442587 0.968933 -5.521841 142 186 135 0 0.079355 -0.245622 0.966112
-1.445191 1.084536 -5.465601 86 87 75 0 -0.158578 -0.837351 0.523159
-1.539964 0.913735 -5.517675 146 184 136 0 0.341549 -0.435986 0.832623
-1.477997 1.007988 -5.494242 83 100 70 0 -0.110217 -0.977094 -0.182044
-1.594642 0.972057 -5.434878 180 214 168 0 0.987116 -0.054775 0.150340
-1.599328 0.876762 -5.524445 144 187 113 0 0.774768 -0.458337 0.435501
-1.359790 0.894988 -5.631716 149 190 125 0 0.610681 -0.556548 0.563315
-1.330108 0.720021 -5.660877 108 149 104 0 -0.553248 -0.063673 0.830580
-1.693061 0.834062 -5.507260 92 132 77 0 -0.119285 0.793758 -0.596423
-1.395200 1.002780 -5.523924 154 201 149 0 0.422036 -0.293123 0.857884
-1.375412 0.778343 -5.659836 146 188 127 0 0.182486 -0.110485 0.976981
-1.417592 0.919463 -5.561937 132 179 123 0 0.206215 -0.714775 0.668260
-1.688895 0.836145 -5.521320 118 161 91 0 0.158843 -0.639909 0.751855
-1.387910 0.912693 -5.590578 145 189 127 0 0.475410 -0.705609 0.525453
-1.345730 0.963725 -5.563499 129 174 112 0 0.427871 -0.680930 0.594357
-1.361352 0.725749 -5.662960 132 181 116 0 -0.157638 -0.157638 0.974834
-1.502471 0.871555 -5.557772 139 186 127 0 0.096368 -0.832795 0.545129
-1.508200 0.742934 -5.637965 146 191 131 0 0.411724 -0.513425 0.752913
-1.560273 0.790841 -5.587974 130 175 121 0 0.159333 -0.705619 0.690445
-1.658171 0.839269 -5.526007 126 171 96 0 0.706002 -0.492365 0.509056
-1.345730 0.874679 -5.657232 165 201 140 0 0.664827 -0.269438 0.696713
-1.702434 0.800214 -5.541629 123 165 95 0 -0.188589 0.094911 0.977459
-1.395200 0.839269 -5.633799 150 193 138 0 0.536915 -0.253673 0.804594
-1.532674 0.828334 -5.575477 137 180 126 0 -0.016835 -0.389796 0.920747
-1.489974 0.830417 -5.591619 127 174 117 0 0.223552 -0.556567 0.800161
-1.626927 0.745537 -5.583288 131 176 122 0 0.001100 -0.135260 0.990809
-1.685770 0.798131 -5.549961 119 166 96 0 -0.198669 0.284805 0.937772
-1.346772 0.991324 -5.542670 170 203 158 0 0.054336 0.087602 0.994673
-1.430089 0.735643 -5.660877 140 186 123 0 0.056098 -0.127080 0.990305
-1.539964 0.697630 -5.650983 142 182 138 0 0.230877 -0.293199 0.927756
-1.532153 0.944979 -5.495284 140 183 136 0 0.286007 -0.627937 0.723806
-1.404053 0.936126 -5.554126 141 188 124 0 0.397890 -0.602613 0.691767
-1.527987 0.669510 -5.658794 119 141 100 0 -0.325572 0.134860 -0.935850
-1.593600 0.814274 -5.558292 129 178 115 0 0.397057 -0.451713 0.798937
-1.329067 0.888739 -5.671292 167 203 143 0 0.781257 0.046790 0.622453
-1.431651 1.047043 -5.486431 159 200 135 0 -0.014981 -0.183224 0.982957
-1.562356 0.724187 -5.631195 111 131 82 0 -0.165311 0.986241 0.001125
-1.619116 0.735122 -5.591619 141 187 130 0 0.516418 -0.459961 0.722321
-1.624844 0.799173 -5.549961 135 173 122 0 0.556548 -0.563315 0.610681
-1.382702 0.689298 -5.671813 137 178 115 0 -0.475377 0.863920 0.166308
-1.373329 0.948624 -5.561937 137 182 120 0 0.468457 -0.636362 0.612855
-1.527467 0.676800 -5.648900 105 127 90 0 -0.674959 -0.159260 0.720462
-1.606098 0.910610 -5.486952 143 189 129 0 0.435138 -0.497536 0.750408
-1.434255 0.840311 -5.609324 124 169 106 0 0.276375 -0.650200 0.707712
-1.520697 0.893426 -5.537983 114 164 104 0 0.117777 -0.206427 0.971348
-1.644111 0.675759 -5.574956 167 206 147 0 0.897317 0.221036 0.382055
-1.401449 0.921025 -5.570269 126 174 108 0 0.529102 -0.702687 0.475691
-1.468103 1.066310 -5.477057 147 184 121 0 0.072190 -0.111149 0.991178
-1.545172 0.703878 -5.647338 155 187 156 0 0.277825 -0.324864 0.904034
-1.351979 0.819482 -5.664522 152 198 141 0 0.346980 -0.078436 0.934587
-1.719618 0.748662 -5.552564 145 188 135 0 0.285206 0.413320 0.864769
-1.500388 0.947582 -5.505178 143 187 134 0 0.475656 -0.610117 0.633647
-1.476956 0.968933 -5.505698 146 192 141 0 0.499785 -0.167584 0.849783
-1.360311 0.942896 -5.580684 129 174 108 0 0.618548 -0.608435 0.497198
-1.443108 0.863744 -5.587974 136 183 119 0 0.371138 -0.473964 0.798508
-1.325422 0.862182 -5.681706 165 202 144 0 0.588371 -0.238782 0.772530
-1.347813 0.908006 -5.635361 140 183 116 0 0.609447 -0.572306 0.548671
-1.441025 0.682007 -5.683269 141 188 127 0 0.293691 -0.694908 0.656391
-1.579020 0.830938 -5.554647 128 176 116 0 -0.706734 -0.032445 0.706734
-1.512365 0.662740 -5.656711 164 204 148 0 0.829527 0.087394 0.551586
-1.510283 0.873117 -5.554126 144 186 137 0 0.277787 -0.753992 0.595257
-1.439463 0.805942 -5.627550 142 188 122 0 0.316993 -0.574449 0.754668
-1.670148 0.783551 -5.554647 135 175 107 0 0.183171 -0.561624 0.806862
-1.456647 0.811671 -5.616615 138 181 132 0 0.437456 -0.523297 0.731295
-1.361873 0.864265 -5.645776 153 197 135 0 0.477494 -0.302152 0.825047
-1.602973 0.852809 -5.541629 149 192 118 0 -0.015366 -0.691490 0.722223
-1.674314 0.701275 -5.551002 155 199 145 0 0.881346 0.102941 0.461120
-1.555066 0.831458 -5.572873 136 180 118 0 0.032258 -0.626932 0.778406
-1.548817 0.770532 -5.606200 133 180 114 0 0.441869 -0.491148 0.750684
-1.411864 1.026213 -5.510385 164 204 152 0 0.596490 -0.023637 0.802272
-1.556107 0.877283 -5.538505 129 176 109 0 0.086210 -0.720364 0.688218
-1.572250 0.738247 -5.612449 174 185 156 0 0.378197 -0.471540 0.796629
-1.393117 0.726270 -5.665043 130 178 111 0 0.015401 -0.221544 0.975029
-1.550379 0.967891 -5.474454 142 185 135 0 -0.094848 -0.870617 0.482732
-1.658692 0.905403 -5.443210 173 195 145 0 -0.095812 -0.948937 0.300562
-1.688895 0.789279 -5.547878 130 173 105 0 -0.245420 -0.157865 0.956477
-1.489453 0.892384 -5.549440 109 162 105 0 0.001377 -0.648407 0.761293
-1.404573 0.867389 -5.610366 152 195 138 0 0.506804 -0.617930 0.601093
-1.709724 0.812712 -5.541108 120 163 85 0 0.889513 0.452318 0.064617
-1.389472 0.897071 -5.597868 142 172 126 0 0.497977 -0.458271 0.736211
-1.538402 0.927794 -5.503094 133 180 123 0 -0.189279 -0.348672 0.917933
-1.378537 0.829896 -5.647338 158 199 137 0 0.499367 -0.315473 0.806913
-1.405615 0.768970 -5.656190 161 194 144 0 -0.072257 -0.070034 0.994924
-1.515490 0.938209 -5.506219 138 183 129 0 0.286092 -0.720824 0.631320
-1.408219 0.687736 -5.682748 109 153 87 0 -0.182364 -0.632910 0.752442
-1.584748 0.993407 -5.444772 182 216 172 0 0.182146 -0.537405 0.823419
-1.431651 0.999135 -5.510905 153 196 145 0 0.517459 -0.228787 0.824556
-1.428006 0.838749 -5.615052 150 182 134 0 0.402396 -0.402396 0.822287
-1.525384 0.818440 -5.584850 126 169 114 0 0.254430 -0.452490 0.854703
-1.348334 0.755431 -5.658794 131 179 111 0 -0.094924 0.150197 0.984089
-1.515490 0.759597 -5.618698 163 162 139 0 0.126800 -0.720524 0.681738
-1.438942 0.911131 -5.558292 120 168 108 0 0.292461 -0.380351 0.877383
-1.329067 0.763242 -5.656190 124 167 100 0 -0.062902 0.167344 -0.983890
-1.678480 0.869993 -5.459873 126 169 89 0 -0.175177 0.142410 0.974183
-1.399887 0.697109 -5.675457 124 171 100 0 -0.102941 -0.461120 0.881346
-1.467062 0.852288 -5.587453 139 186 132 0 0.136349 -0.666763 0.732691
-1.736282 0.756993 -5.558813 176 201 139 0 0.150327 0.293883 0.943946
-1.594642 0.926232 -5.475495 139 182 126 0 -0.023837 -0.752971 0.657622
-1.610784 0.829896 -5.540067 135 182 116 0 0.333016 -0.635166 0.696896
-1.407698 0.704920 -5.671813 140 187 118 0 0.079784 -0.482906 0.872030
-1.376974 0.978826 -5.536942 151 197 139 0 0.338713 -0.442690 0.830240
-1.480080 1.027776 -5.482265 162 203 155 0 0.435362 -0.222917 0.872220
-1.582665 0.993407 -5.435920 191 211 178 0 0.014975 -0.848133 0.529572
-1.530591 0.772095 -5.612449 121 169 110 0 0.040479 -0.158447 0.986537
-1.373329 0.889260 -5.619739 143 187 126 0 0.630782 -0.427733 0.647425
-1.530591 0.866868 -5.554126 123 169 102 0 0.316742 -0.167362 0.933630
-1.406136 0.926753 -5.562458 131 179 119 0 0.451514 -0.551481 0.701430
-1.512886 0.695026 -5.661398 150 190 144 0 0.371844 -0.079201 0.924911
-1.408739 0.825730 -5.632236 139 184 122 0 0.443190 -0.189939 0.876074
-1.538923 0.711169 -5.654108 86 114 55 0 0.682610 0.721277 0.117486
-1.667544 0.773136 -5.558292 135 181 118 0 0.167272 -0.103782 0.980433
-1.453002 1.067351 -5.477578 133 178 103 0 0.080387 -0.087180 0.992944
-1.412905 0.908527 -5.573915 150 194 138 0 0.561161 -0.513976 0.648789
-1.446232 0.849684 -5.596306 120 169 105 0 0.674220 -0.286664 0.680626
-1.607660 0.768449 -5.576518 154 179 141 0 0.252995 -0.476858 0.841784
-1.587872 0.784072 -5.577559 136 185 122 0 0.285497 -0.610869 0.738465
-1.393117 0.994969 -5.525486 151 197 146 0 0.231191 -0.270423 0.934571
-1.399366 1.039752 -5.515071 169 213 157 0 0.372663 -0.040535 0.927081
-1.456647 0.888219 -5.565062 126 173 120 0 0.205892 -0.244071 0.947649
-1.498826 0.941334 -5.510905 146 190 133 0 0.189742 -0.683379 0.704976
-1.403011 1.049126 -5.510385 168 211 137 0 0.316786 -0.149479 0.936644
-1.375933 0.954352 -5.556210 133 182 116 0 0.420081 -0.609366 0.672462
-1.423320 0.941334 -5.543191 133 181 120 0 0.404269 -0.562676 0.721084
-1.708162 0.761680 -5.556210 130 180 124 0 0.365926 0.276312 0.888679
-1.489453 1.052250 -5.472371 181 219 170 0 0.259157 -0.259157 0.930417
-1.435817 0.721583 -5.663481 136 180 124 0 0.101596 -0.299510 0.948669
-1.463416 0.864785 -5.579122 134 182 125 0 0.276533 -0.663360 0.695329
-1.313965 0.792403 -5.675457 148 176 136 0 0.119258 0.489965 0.863546
-1.340523 0.721063 -5.662439 132 181 107 0 -0.118663 -0.406246 0.906026
-1.531112 0.901237 -5.526007 130 174 116 0 0.149632 -0.663518 0.733044
-1.370205 0.902799 -5.613490 147 189 122 0 0.492365 -0.509056 0.706002
-1.334795 0.949145 -5.599431 153 190 130 0 0.442815 -0.797066 0.410610
-1.543089 0.800735 -5.593702 115 161 106 0 -0.102444 -0.442052 0.891120
-1.528508 0.967370 -5.482265 144 186 139 0 0.102716 -0.545407 0.831854
-1.601932 0.813753 -5.553606 118 162 98 0 0.347762 -0.504816 0.790077
-1.661816 0.760118 -5.565583 138 180 118 0 0.228564 -0.353765 0.906978
-1.539444 0.660137 -5.666084 102 94 74 0 0.744653 -0.663681 -0.070850
-1.673793 0.840311 -5.504136 126 175 99 0 0.110985 -0.744341 0.658512
-1.574854 0.955914 -5.465081 162 202 156 0 0.285940 0.246108 0.926104
-1.353021 0.971015 -5.549961 134 181 117 0 0.461767 -0.691818 0.555121
-1.639425 0.821044 -5.531735 127 176 104 0 0.385358 -0.726441 0.569018
-1.575374 0.693984 -5.635882 149 194 133 0 0.452866 -0.404517 0.794530
-1.558711 0.975181 -5.466643 149 192 142 0 0.588698 -0.467940 0.659141
-1.487891 0.911131 -5.529652 120 169 115 0 0.299627 -0.481599 0.823581
-1.590476 0.948103 -5.457270 154 196 149 0 0.810648 -0.183343 0.556089
-1.703996 0.811671 -5.533297 123 163 90 0 -0.399188 0.470298 0.787063
-1.645153 0.862703 -5.501532 127 172 103 0 0.398124 -0.586448 0.705390
-1.570688 0.922066 -5.492159 143 185 129 0 0.292576 -0.846767 0.444282
-1.520697 0.748141 -5.625988 114 148 100 0 -0.395037 -0.492577 0.775444
-1.558711 0.777823 -5.597347 135 182 120 0 0.674443 -0.244821 0.696556
-1.600370 0.968933 -5.439565 173 207 165 0 0.024979 0.911070 -0.411494
-1.405615 0.722104 -5.665043 145 188 124 0 -0.023488 -0.285567 0.958071
-1.347292 0.924149 -5.622343 129 173 108 0 0.740466 -0.516182 0.430427
-1.382702 0.790841 -5.657753 135 183 127 0 0.079229 -0.188932 0.978789
-1.661816 0.743975 -5.570269 150 193 138 0 0.411079 0.181572 0.893334
-1.397283 0.893426 -5.595264 139 185 122 0 0.498730 -0.545749 0.673370
-1.612867 0.865827 -5.519758 142 188 124 0 0.555026 -0.230359 0.799300
-1.383223 0.971015 -5.539546 146 193 131 0 0.260480 -0.402012 0.877802
-1.485808 0.692422 -5.669730 151 193 135 0 0.227927 -0.219738 0.948559
-1.555066 0.863744 -5.549961 129 175 114 0 0.119353 -0.599711 0.791265
-1.636821 0.671072 -5.593182 159 199 140 0 0.920908 -0.079551 0.381577
-1.485287 1.039752 -5.477578 155 200 146 0 0.595098 -0.214854 0.774400
-1.473831 0.751786 -5.645776 117 163 100 0 0.324396 -0.237891 0.915519
-1.658171 0.879366 -5.480182 137 180 105 0 0.390611 -0.802119 0.451694
-1.648277 0.887177 -5.475495 147 192 118 0 0.428099 -0.674630 0.601337
-1.543089 0.952790 -5.487473 133 183 125 0 0.422581 -0.422581 0.801779
-1.611826 0.877804 -5.512989 147 189 118 0 0.441316 -0.735527 0.514043
-1.477476 0.903320 -5.551002 170 194 154 0 0.635568 0.652163 0.413202
-1.436338 1.082453 -5.462477 148 180 112 0 0.142083 -0.785194 0.602730
-1.426444 0.852288 -5.605679 144 189 126 0 0.402863 -0.554142 0.728442
-1.488412 0.768449 -5.629633 134 179 117 0 0.204793 -0.514258 0.832825
-1.479038 1.056937 -5.476016 165 204 152 0 0.443975 -0.243959 0.862189
-1.524863 0.994969 -5.467164 166 205 156 0 0.119546 -0.783691 0.609538
-1.735240 0.755952 -5.548919 119 159 86 0 -0.403956 0.812702 -0.419923
-1.392596 0.678362 -5.685873 81 94 82 0 -0.006935 -0.744860 0.667184
-1.340523 0.905924 -5.648379 149 191 124 0 0.728813 -0.324815 0.602766
-1.645674 0.851767 -5.515071 132 177 101 0 0.348727 -0.569317 0.744492
-1.643591 0.667948 -5.577039 191 202 162 0 0.436328 0.173656 0.882871
-1.492057 0.874159 -5.561937 118 162 108 0 0.871462 -0.149851 0.467010
-1.474873 1.001739 -5.491117 156 200 145 0 0.521119 -0.284962 0.804507
-1.726388 0.757514 -5.560375 179 211 154 0 0.650991 -0.136184 0.746769
-1.518094 0.926232 -5.516634 139 185 118 0 0.815613 -0.387855 0.429354
-1.428006 0.719500 -5.664522 135 179 118 0 0.015319 -0.213285 0.976870
-1.681084 0.804380 -5.539025 119 166 93 0 -0.206099 -0.816762 0.538910
-1.431651 0.947582 -5.537983 131 179 119 0 0.064838 -0.467664 0.881525
-1.380099 1.000177 -5.529131 144 191 135 0 0.199087 -0.191176 0.961154
-1.731595 0.791883 -5.547878 137 172 95 0 -0.031406 -0.506591 0.861614
-1.747217 0.767929 -5.559334 196 195 174 0 0.357695 0.143356 0.922769
-1.499347 0.825210 -5.587974 166 176 151 0 0.587623 -0.510171 0.628032
-1.357707 0.844477 -5.655149 153 198 135 0 0.578118 -0.259917 0.773449
-1.471748 0.779385 -5.628592 132 180 115 0 0.268872 -0.459388 0.846564
-1.417592 1.052771 -5.493200 166 206 132 0 0.713271 -0.507104 0.483827
