-1.120797 -1.038856 -6.041050 46 54 32 0 0.347611 0.713174 0.608728
-1.605561 -1.026479 -6.024547 140 141 110 0 0.434034 -0.900850 -0.009179
-1.289949 -0.837731 -6.359756 165 195 82 0 0.008232 0.974949 0.222274
-0.950614 -0.916118 -6.317468 115 132 87 0 0.055761 0.744904 0.664837
-1.360085 -0.930558 -6.109123 141 184 75 0 -0.204074 0.917618 0.341074
-1.103263 -0.830511 -6.477338 125 145 62 0 0.087017 0.967273 0.238350
-1.145551 -0.917149 -6.216390 194 231 137 0 0.317219 0.785874 0.530824
-1.481791 -0.858359 -6.265898 55 60 33 0 -0.460894 0.856809 -0.231203
-0.953708 -1.028542 -6.151411 119 127 104 0 0.452505 0.592765 0.666235
-1.275509 -0.816071 -6.539222 156 165 86 0 0.308707 0.848558 0.429708
-1.281697 -1.024416 -5.995668 51 60 28 0 0.333969 0.650017 0.682600
-1.520985 -0.936746 -6.129752 133 148 68 0 -0.974640 0.189409 0.119165
-1.444661 -1.011008 -6.013202 179 213 111 0 0.054651 0.545109 0.836582
-1.283760 -0.880018 -6.220516 162 201 96 0 0.221749 0.876578 0.427127
-1.086760 -0.878987 -6.340160 203 193 88 0 -0.095485 -0.950930 -0.294304
-1.416813 -0.827416 -6.419579 50 65 21 0 0.229763 -0.957569 0.173983
-1.221875 -0.954280 -6.104997 178 209 104 0 0.317642 0.730414 0.604648
-1.067163 -0.983160 -6.143160 181 213 121 0 0.253271 0.893112 0.371760
-1.181650 -0.844950 -6.393793 146 184 66 0 0.118233 0.970023 0.212312
-1.037253 -0.935715 -6.245270 176 209 97 0 0.380143 0.843198 0.380143
-1.372462 -0.854233 -6.289620 143 179 65 0 -0.063941 0.940844 0.332753
-1.427127 -0.889301 -6.180291 164 201 73 0 -0.175433 0.911397 0.372261
-0.907294 -0.980066 -6.246301 58 66 42 0 0.348688 0.782539 0.515801
-1.207436 -0.867642 -6.289620 172 189 93 0 0.125945 0.970663 0.204819
-1.021781 -0.866610 -6.431956 62 32 24 0 0.315309 0.948461 -0.031658
-1.325017 -0.821228 -6.455678 154 184 62 0 0.030562 0.966970 0.253050
-1.182682 -0.818134 -6.530971 163 193 66 0 -0.030940 0.997537 0.062946
-1.355959 -0.983160 -6.034862 162 200 99 0 0.148863 0.844539 0.514387
-1.522017 -0.989348 -6.053427 158 190 69 0 0.698034 -0.159681 0.698034
-1.442598 -0.949123 -6.076118 155 196 98 0 0.078724 0.562521 0.823027
-1.235284 -0.824322 -6.458772 160 191 78 0 0.110078 0.983444 0.143948
-1.203310 -1.023385 -6.024547 189 217 135 0 0.427421 0.666909 0.610363
-1.443629 -0.834636 -6.341191 159 181 75 0 0.197282 -0.979237 0.046630
-1.508608 -0.850107 -6.188542 151 184 53 0 -0.636114 -0.770919 0.032297
-1.141425 -0.986254 -6.100872 187 221 139 0 0.514867 0.531637 0.672513
-1.025907 -1.037825 -6.097778 64 71 55 0 0.514590 0.632693 0.578703
-1.217750 -0.910961 -6.182353 169 206 99 0 0.268426 0.830102 0.488752
-0.983619 -0.975940 -6.202981 192 222 118 0 0.366084 0.804107 0.468396
-1.295106 -0.913024 -6.151411 144 185 84 0 0.062368 0.874539 0.480927
-1.011467 -0.881050 -6.358725 150 191 85 0 0.086156 0.865796 0.492925
-1.292012 -0.964594 -6.068898 178 216 108 0 0.206870 0.841068 0.499809
-1.353896 -0.880018 -6.185448 151 181 51 0 -0.127103 -0.884009 -0.449859
-1.161022 -0.940872 -6.150379 163 191 65 0 -0.230024 -0.727627 -0.646258
-1.359053 -0.834636 -6.368008 150 180 59 0 0.001065 0.995500 0.094759
-1.276540 -0.860422 -6.286527 155 193 76 0 -0.070669 0.970772 0.229365
-1.140394 -0.882081 -6.283432 194 175 124 0 0.046263 0.825728 0.562168
-1.116671 -0.852170 -6.405138 157 166 62 0 -0.150794 -0.911811 -0.381918
-1.089855 -0.942935 -6.197825 181 215 116 0 0.078164 0.903691 0.420991
-1.037253 -0.907867 -6.303029 176 213 110 0 0.119952 0.953024 0.278130
-1.172368 -0.829479 -6.461867 164 195 78 0 -0.062902 0.983890 0.167344
-0.962991 -0.946029 -6.264867 188 223 120 0 0.181596 0.869596 0.459158
-1.463226 -0.918181 -6.124594 155 194 73 0 0.111781 0.914948 0.387783
-1.145551 -0.863516 -6.341191 166 208 92 0 0.149479 0.936644 0.316786
-1.233221 -0.848045 -6.341191 159 198 80 0 0.127765 0.942774 0.307982
-1.096043 -0.910961 -6.254552 178 216 117 0 0.286747 0.857174 0.427820
-1.083666 -1.013071 -6.093652 189 221 128 0 0.332496 0.879064 0.341605
-1.404436 -0.867642 -6.241144 162 191 76 0 -0.047164 0.949647 0.309751
-1.228064 -0.881050 -6.235987 155 182 88 0 0.378429 0.735561 0.561909
-1.065101 -0.878987 -6.395856 139 172 41 0 0.461675 -0.538343 -0.705013
-1.330174 -0.863516 -6.251458 149 187 74 0 0.039623 0.944563 0.325932
-1.234252 -0.993474 -6.065804 190 218 101 0 0.348852 -0.825563 0.443563
-1.239409 -0.834636 -6.404108 155 191 76 0 -0.048346 0.998805 0.007200
-1.000122 -1.000694 -6.154506 194 226 135 0 0.181988 0.766185 0.616312
-1.410624 -0.914055 -6.133877 154 196 77 0 -0.056243 0.882055 0.467777
-1.553990 -1.016165 -6.019390 168 180 75 0 0.389393 -0.920739 -0.024744
-1.498294 -0.893427 -6.160694 145 181 63 0 -0.031247 0.956146 0.291218
-1.033127 -0.964594 -6.190605 184 218 125 0 0.285644 0.822591 0.491682
-1.434347 -0.851139 -6.286527 158 192 69 0 0.125437 0.940106 0.316965
-1.321923 -0.816071 -6.515500 99 108 59 0 -0.064428 0.777427 0.625664
-1.499326 -0.953249 -6.083337 154 190 70 0 -0.230603 0.723183 0.651021
-1.181650 -0.991411 -6.068898 192 222 126 0 0.396861 0.713033 0.578001
-1.389996 -1.007914 -6.004950 103 120 80 0 0.006742 0.516466 0.856281
-1.329142 -0.843919 -6.315405 155 191 81 0 0.183285 0.965822 0.183285
-1.387933 -0.952217 -6.071992 159 201 89 0 -0.205356 0.858899 0.469172
-1.297169 -0.827416 -6.413390 156 187 62 0 -0.142509 0.988294 -0.054455
-1.462195 -0.872799 -6.213296 163 198 84 0 0.117840 0.935944 0.331847
-1.375556 -0.823291 -6.456709 133 146 74 0 0.205221 0.773050 0.600232
-1.332237 -1.014102 -6.002887 194 221 150 0 0.055795 0.736777 0.673829
-1.066132 -0.843919 -6.432987 143 181 71 0 -0.094028 0.990194 0.103315
-0.939268 -1.008945 -6.194730 164 188 57 0 0.397181 -0.802401 0.445421
-1.112546 -0.963563 -6.140066 169 199 62 0 -0.355737 -0.805593 -0.473784
-1.173399 -0.892395 -6.248363 159 199 91 0 0.292701 0.862780 0.412234
-1.297169 -0.934683 -6.108092 167 208 98 0 0.141839 0.792807 0.592739
-1.238378 -0.816071 -6.506217 154 185 63 0 -0.047748 0.986409 0.157220
-0.920703 -0.943966 -6.287557 45 51 17 0 0.143272 0.707312 0.692231
-0.964022 -0.888270 -6.359756 66 72 37 0 0.245489 0.888225 0.388319
-1.485917 -0.991411 -6.000825 176 189 94 0 0.506938 0.799341 -0.322597
-1.297169 -0.994505 -6.028673 189 224 134 0 0.001351 0.838844 0.544370
-1.237347 -0.927463 -6.143160 179 210 117 0 -0.080009 0.915355 0.394620
-0.991870 -0.922306 -6.296840 158 194 74 0 0.199711 0.851398 0.485012
-1.394121 -0.842888 -6.328814 145 178 54 0 -0.190792 0.956627 0.220144
-1.265195 -0.895490 -6.181322 149 175 54 0 -0.238601 -0.871870 -0.427682
-1.404436 -0.979034 -6.038987 157 201 95 0 -0.032187 0.799081 0.600361
-1.406498 -0.836699 -6.376259 149 177 50 0 -0.205128 0.978211 -0.032014
-1.348739 -0.826385 -6.417516 148 177 58 0 0.016449 0.940146 0.340376
-1.283760 -0.818134 -6.491777 151 179 57 0 0.001044 0.997400 -0.072063
-1.092949 -0.894458 -6.295808 170 207 90 0 0.221698 0.894132 0.389072
-1.335331 -0.956343 -6.068898 168 203 96 0 -0.038307 0.713646 0.699458
-0.990839 -1.031636 -6.124594 148 164 102 0 0.601337 0.674630 0.428099
-1.245598 -1.015134 -6.027641 169 176 108 0 -0.418850 0.839269 0.346689
-1.228064 -0.814008 -6.547474 65 68 40 0 0.182346 0.885473 0.427419
-1.139362 -1.011008 -6.066835 193 223 125 0 0.024044 0.945328 0.325233
-1.343582 -0.903741 -6.152442 161 201 87 0 -0.088366 0.917646 0.387450
-1.144519 -0.825354 -6.492809 158 195 68 0 0.087407 0.976255 0.198206
-1.465289 -0.979034 -6.058584 124 166 64 0 0.459520 0.159009 0.873818
-1.185776 -0.907867 -6.208139 170 207 105 0 0.315416 0.830126 0.459786
-1.307483 -0.892395 -6.189573 157 201 95 0 0.087265 0.952105 0.293055
-1.163085 -1.025448 -6.036924 197 230 139 0 0.355889 0.809129 0.467603
-1.141425 -0.839793 -6.435050 153 195 79 0 0.031658 0.948461 0.315309
-1.184745 -0.860422 -6.322626 159 192 82 0 -0.046541 0.957237 0.285536
-1.048598 -0.893427 -6.339128 164 163 66 0 -0.244317 -0.924404 -0.292895
-1.125954 -0.940872 -6.180291 190 219 118 0 0.475007 0.729889 0.491558
-1.382776 -0.900647 -6.160694 160 199 85 0 0.024812 0.918050 0.395688
-1.173399 -0.963563 -6.109123 185 218 114 0 0.396492 0.718949 0.570882
-1.274477 -0.822259 -6.451553 147 180 60 0 -0.023827 0.988261 0.150906
-1.353896 -0.804725 -6.494872 125 164 38 0 0.402205 -0.806012 -0.434253
-1.203310 -0.836699 -6.425767 155 193 73 0 0.118502 0.946682 0.299583
-1.260038 -0.956343 -6.090558 186 224 126 0 0.580650 0.587421 0.563721
-1.277572 -0.848045 -6.323658 158 193 80 0 0.039209 0.952409 0.302292
-0.943394 -0.975940 -6.231861 188 213 101 0 0.000978 0.999999 0.000978
-1.079540 -1.037825 -6.063741 64 72 45 0 0.333037 0.609214 0.719684
-1.199184 -0.933652 -6.148317 179 214 104 0 0.144048 0.862835 0.484526
-1.041378 -1.005851 -6.125626 200 226 130 0 0.222963 0.753083 0.618994
-1.358022 -0.876924 -6.223610 159 198 81 0 0.040186 0.970564 0.237466
-1.415781 -0.933652 -6.097778 169 205 101 0 0.054063 0.860852 0.505976
-1.065101 -0.911992 -6.276212 182 216 121 0 0.324022 0.814007 0.482082
-0.993933 -0.955312 -6.232893 173 206 97 0 0.222663 0.846726 0.483194
-1.043441 -0.849076 -6.403076 117 126 52 0 0.554148 0.719565 0.418506
-1.008373 -0.901678 -6.325720 157 199 82 0 0.071161 0.872073 0.484175
-1.469415 -0.841856 -6.296840 156 169 100 0 0.332878 -0.918629 0.212870
-1.502420 -0.903741 -6.125626 156 189 59 0 -0.118461 -0.969343 -0.215268
-1.142457 -0.854233 -6.376259 161 201 84 0 0.259340 0.961986 0.085595
-1.117703 -0.878987 -6.317468 214 186 113 0 -0.181776 -0.951967 -0.246407
-1.085729 -0.961500 -6.166883 182 214 122 0 0.339240 0.807486 0.482580
-1.187839 -0.852170 -6.357694 157 195 75 0 0.118502 0.946682 0.299583
-1.139362 -0.902710 -6.253521 181 217 117 0 0.309566 0.899076 0.309566
-1.403404 -0.882081 -6.206076 152 190 75 0 -0.014975 0.848133 0.529572
-1.110483 -0.923338 -6.219485 173 205 104 0 0.357483 0.858887 0.366768
-1.326048 -0.836699 -6.354599 156 188 69 0 0.087550 0.965591 0.244887
-1.381744 -0.828448 -6.405138 157 185 56 0 -0.056207 0.997945 0.030755
-1.208467 -0.820197 -6.488683 153 188 67 0 0.165311 0.986241 0.001125
-1.156896 -0.924369 -6.184416 178 213 101 0 0.110317 0.863912 0.491413
-1.520985 -1.006882 -6.014233 52 54 22 0 0.569902 -0.813099 -0.118668
-1.253849 -0.870736 -6.256615 162 201 84 0 0.048288 0.933129 0.356285
-1.221875 -0.841856 -6.375228 157 196 72 0 0.165402 0.950727 0.262223
-1.497263 -0.856296 -6.220516 156 176 70 0 0.705858 -0.696904 -0.126845
-1.034158 -0.983160 -6.161725 194 223 126 0 0.301248 0.769855 0.562648
-0.972273 -0.996568 -6.178228 194 225 125 0 0.213778 0.795130 0.567510
-1.017656 -0.925401 -6.275181 177 196 101 0 0.127700 0.873815 0.469191
-1.497263 -0.881050 -6.197825 162 187 76 0 -0.015073 0.831745 0.554953
-1.111514 -0.990380 -6.115312 197 229 154 0 0.214952 0.879080 0.425457
-1.553990 -0.998631 -6.050333 148 157 87 0 0.698261 -0.707156 -0.111188
-1.297169 -0.867642 -6.252490 154 192 78 0 0.046803 0.910647 0.410526
-1.492106 -0.994505 -6.040019 134 176 58 0 -0.142977 0.702846 0.696825
-1.467352 -0.886207 -6.183385 156 198 74 0 0.022945 0.875957 0.481844
-1.449818 -0.859390 -6.257647 149 183 65 0 0.086102 0.981078 0.173417
-0.915546 -1.001725 -6.216390 59 64 45 0 0.331160 0.816015 0.473764
-1.235284 -0.858359 -6.304060 156 195 81 0 0.134846 0.990726 0.016716
-1.207436 -0.978003 -6.083337 190 221 123 0 0.347541 0.690187 0.634711
-1.345645 -0.901678 -6.112217 161 191 57 0 -0.620847 -0.499706 0.604022
-1.320891 -0.880018 -6.216390 155 192 86 0 0.104367 0.928458 0.356474
-1.308514 -0.855265 -6.287557 142 181 75 0 0.001100 0.990809 0.135260
-1.074383 -0.927463 -6.237019 176 211 97 0 0.340953 0.869967 0.356243
-1.108420 -1.020291 -6.064773 182 213 101 0 0.174976 0.777502 0.604048
-1.266226 -0.926432 -6.128720 178 217 103 0 0.198935 0.760271 0.618395
-1.432284 -0.969751 -6.052396 148 188 83 0 -0.056675 0.869472 0.490720
-1.206404 -1.000694 -6.047238 190 222 124 0 0.001378 0.657235 0.753685
-1.235284 -0.892395 -6.201951 180 188 107 0 0.579901 0.776848 0.245403
-1.145551 -0.963563 -6.124594 186 213 101 0 -0.236795 -0.838714 -0.490395
-1.317797 -0.832574 -6.389668 150 183 59 0 -0.134823 0.982628 0.127535
-1.171336 -0.874861 -6.281369 153 136 65 0 0.103706 0.964077 0.244540
-1.269320 -0.831542 -6.393793 159 194 74 0 0.237101 0.965065 0.111502
-1.320891 -0.919212 -6.133877 139 180 71 0 0.237895 0.859151 0.453062
-0.932048 -0.963563 -6.258678 176 202 75 0 -0.181596 -0.869596 -0.459158
-1.458069 -0.900647 -6.150379 166 204 88 0 0.047522 0.892055 0.449422
-1.529237 -0.956343 -6.074056 78 85 44 0 0.712351 0.166266 0.681844
-1.262101 -0.991411 -6.040019 181 213 119 0 0.160173 0.809848 0.564349
-1.531299 -0.979034 -6.023516 129 163 50 0 0.700175 0.587617 0.405539
-1.497263 -0.931589 -6.104997 149 188 67 0 0.166266 0.712351 0.681844
-1.058912 -0.950155 -6.198856 183 212 110 0 0.300538 0.731255 0.612326
-1.404436 -0.853202 -6.291683 155 189 63 0 0.205413 0.975404 -0.079951
-1.079540 -0.837731 -6.459804 70 82 36 0 0.150971 0.976942 0.150971
-0.975368 -0.901678 -6.335002 165 205 105 0 0.158216 0.878171 0.451424
-1.106357 -0.866610 -6.359756 157 198 89 0 0.158460 0.954752 0.251671
-1.204342 -0.878987 -6.261772 168 205 107 0 0.008324 0.971560 0.236647
-0.948551 -0.934683 -6.293746 179 219 130 0 0.117911 0.885040 0.450334
-1.326048 -0.987285 -6.031767 179 214 111 0 0.182790 0.729624 0.658966
-1.368336 -0.916118 -6.133877 155 199 105 0 -0.031818 0.831416 0.554739
-1.149677 -0.869704 -6.312312 176 176 89 0 0.071490 0.966993 0.244570
-1.086760 -0.863516 -6.382448 160 166 82 0 0.149985 0.934313 0.323363
-1.334299 -0.936746 -6.095715 172 206 98 0 -0.110885 0.896903 0.428099
-1.377619 -0.866610 -6.253521 153 190 71 0 0.039560 0.945619 0.322863
-1.491074 -0.965626 -6.054459 163 191 58 0 -0.435656 -0.894975 -0.096039
-1.321923 -0.817102 -6.484558 159 186 59 0 -0.030847 0.988255 0.149666
-1.391027 -0.821228 -6.431956 150 174 74 0 0.151050 -0.966978 -0.205273
-1.019719 -0.955312 -6.219485 177 210 97 0 0.311121 0.714127 0.627078
-1.343582 -0.853202 -6.286527 152 192 65 0 -0.268591 0.948841 0.166013
-1.032095 -0.861453 -6.379354 165 184 102 0 0.315224 0.687027 0.654696
-1.189902 -0.918181 -6.178228 179 216 116 0 0.031247 0.956146 0.291218
-1.386902 -0.936746 -6.099841 154 193 78 0 0.269285 0.709064 0.651701
-1.361116 -1.005851 -6.007013 181 215 117 0 -0.079205 0.603401 0.793494
-1.260038 -0.914055 -6.159662 175 210 95 0 0.403956 0.812702 0.419923
-1.366273 -0.838762 -6.335002 154 184 62 0 -0.030670 0.989393 0.141991
-1.434347 -0.837731 -6.369039 75 78 48 0 0.047812 0.942031 0.332101
-1.437441 -0.871767 -6.227736 164 198 77 0 0.230423 0.911549 0.340563
-1.210530 -0.892395 -6.216390 152 183 64 0 0.111400 -0.988525 0.102019
-1.250755 -1.026479 -6.001856 74 84 51 0 0.245530 0.570818 0.783506
-1.099137 -0.843919 -6.425767 149 193 69 0 -0.079522 0.947744 0.308962
-1.447755 -0.988317 -6.029705 147 188 76 0 -0.239295 0.602149 0.761679
-0.993933 -0.937778 -6.266930 173 207 101 0 0.174826 0.894356 0.411780
-1.510671 -0.901678 -6.184416 125 136 66 0 0.428670 -0.635499 0.642171
-1.428158 -0.844950 -6.320563 156 188 64 0 0.087918 0.988199 0.125430
-1.263132 -0.827416 -6.426798 153 184 75 0 0.307689 0.917290 0.252796
-1.077478 -0.855265 -6.407201 135 180 78 0 0.093998 0.943952 0.316416
-1.464258 -0.939840 -6.090558 153 192 78 0 -0.198237 0.779116 0.594710
-1.067163 -0.897552 -6.305091 155 186 56 0 -0.410595 -0.907704 -0.086513
-1.146582 -0.848045 -6.409265 167 190 86 0 0.056081 0.965842 0.252988
-1.060975 -0.867642 -6.371102 251 159 166 0 0.379647 0.856917 0.348655
-1.081603 -0.997600 -6.116343 182 212 109 0 0.420072 0.786622 0.452510
-1.583901 -1.016165 -6.037956 75 80 54 0 0.636526 -0.771254 0.001375
-1.118734 -0.895490 -6.273118 166 205 100 0 0.451445 0.822106 0.346900
-1.199184 -0.947060 -6.124594 184 216 119 0 0.213996 0.799022 0.561933
-1.445692 -0.927463 -6.106029 151 190 76 0 -0.009122 0.908265 0.418297
-1.264163 -0.838762 -6.368008 157 195 71 0 0.109971 0.947337 0.300763
-1.525111 -0.929526 -6.103966 93 99 64 0 0.420201 -0.895954 -0.143865
-1.379682 -0.967689 -6.051364 170 208 98 0 0.040708 0.801521 0.596579
-1.309546 -0.947060 -6.087463 172 210 98 0 -0.096288 0.834974 0.541799
-1.177525 -0.835668 -6.436081 163 186 79 0 0.086608 0.979523 0.181754
-1.138331 -0.832574 -6.460834 158 198 79 0 0.093853 0.972318 0.213985
-1.183713 -0.820197 -6.504154 153 188 65 0 0.078215 0.988783 0.127246
-1.349771 -0.820197 -6.465992 147 174 51 0 -0.157685 0.987489 0.001118
-1.301294 -0.843919 -6.335002 160 194 73 0 0.212806 0.893786 0.394792
-1.058912 -1.015134 -6.102934 187 218 117 0 0.420833 0.676993 0.603804
-1.272415 -1.007914 -6.014233 188 218 122 0 0.166180 0.669292 0.724177
-1.254881 -0.976971 -6.067867 186 222 138 0 -0.031985 0.821872 0.568774
-1.473540 -0.958406 -6.073024 144 184 74 0 -0.315325 0.776308 0.545817
-1.214656 -0.815039 -6.524783 150 177 55 0 0.001050 0.996891 0.078785
-1.319860 -0.970783 -6.051364 173 208 102 0 0.244528 0.720965 0.648395
-1.257975 -0.885176 -6.219485 155 182 66 0 -0.196638 -0.553331 -0.809418
-1.400310 -0.890333 -6.177196 152 189 68 0 0.094728 0.956363 0.276398
-1.428158 -0.903741 -6.150379 161 198 83 0 0.110615 0.854755 0.507107
-1.421970 -0.999662 -6.019390 177 218 116 0 0.126951 0.736314 0.664624
-1.517891 -0.965626 -6.096746 157 182 78 0 0.300690 0.852726 -0.427134
-1.469415 -1.018228 -6.010108 81 94 57 0 0.270079 0.917114 0.293188
-1.474572 -0.860422 -6.241144 148 179 63 0 -0.491636 0.870237 0.031323
-1.130080 -0.950155 -6.153474 183 211 105 0 0.414110 0.761111 0.499223
-1.519954 -0.897552 -6.147285 85 91 57 0 0.444907 -0.814866 -0.371553
-1.215687 -0.857327 -6.324688 160 200 81 0 0.109830 0.978602 0.174001
-1.334299 -0.894458 -6.177196 160 200 77 0 -0.039748 0.942411 0.332088
-1.056849 -0.971814 -6.165851 187 219 121 0 0.158766 0.769635 0.618430
-1.441566 -0.880018 -6.199888 155 192 83 0 0.119879 0.853595 0.506957
-1.124923 -0.825354 -6.509311 121 136 77 0 -0.047586 0.972458 0.228168
-1.408561 -0.811945 -6.382448 154 178 57 0 0.882903 0.022845 0.469000
-1.221875 -1.031636 -6.009077 154 165 131 0 -0.237849 0.694645 0.678893
-1.016624 -1.012039 -6.125626 195 222 115 0 -0.014851 0.865392 0.500875
-1.315734 -0.899615 -6.157600 174 181 86 0 -0.047055 -0.998603 0.024050
-1.246629 -0.938809 -6.118406 188 226 130 0 0.420873 0.761503 0.492930
-1.307483 -1.018228 -5.999794 125 144 92 0 0.363884 0.579278 0.729401
-1.402373 -0.861453 -6.267961 156 192 59 0 -0.008193 0.977270 0.211839
-1.113577 -1.002757 -6.093652 189 222 133 0 0.214608 0.779690 0.588241
-0.942362 -0.991411 -6.212265 190 207 91 0 -0.357731 -0.833656 -0.420768
-1.197121 -0.828448 -6.458772 165 202 81 0 0.284989 0.910504 0.299604
-1.454975 -0.833605 -6.315405 152 183 72 0 0.071012 -0.997349 0.015898
-1.158959 -0.819165 -6.538191 94 103 53 0 -0.381918 0.911811 0.150794
-0.972273 -0.932621 -6.283432 174 211 104 0 0.174475 0.839567 0.514477
-1.163085 -0.984191 -6.083337 181 213 105 0 0.293299 -0.008590 0.955982
-1.280666 -0.979034 -6.050333 189 228 141 0 0.086513 0.907704 0.410595
-1.233221 -0.965626 -6.086432 193 214 129 0 -0.079429 0.789959 0.607994
-1.227033 -0.870736 -6.275181 158 199 85 0 0.110909 0.956424 0.270095
-1.162053 -0.903741 -6.229799 178 216 117 0 0.307400 0.837939 0.450958
-0.969179 -1.011008 -6.158631 187 215 116 0 0.378429 0.735561 0.561909
-1.319860 -0.824322 -6.431956 162 191 63 0 0.189895 0.967559 0.166642
-1.353896 -0.842888 -6.306123 150 185 67 0 -0.342158 0.785517 -0.515646
-1.090886 -0.978003 -6.142128 177 211 99 0 0.191069 0.834985 0.516036
-1.283760 -0.951186 -6.089526 172 211 102 0 0.189742 0.683379 0.704976
-1.216718 -0.922306 -6.160694 170 208 98 0 0.134079 0.826572 0.546628
-1.011467 -0.942935 -6.244238 184 204 115 0 0.213137 0.848014 0.485227
-1.016624 -0.982128 -6.178228 179 205 114 0 0.326735 0.684356 0.651845
-1.376587 -0.988317 -6.023516 162 203 102 0 -0.120100 0.644981 0.754702
-0.969179 -0.970783 -6.221548 193 222 134 0 0.198104 0.865401 0.460256
-1.042410 -0.877956 -6.359756 187 185 111 0 0.213137 0.848014 0.485227
-1.436409 -0.917149 -6.125626 151 191 71 0 0.159286 0.826205 0.540383
-1.380713 -0.873830 -6.230830 161 197 83 0 -0.032302 0.934184 0.355326
-1.184745 -0.976971 -6.090558 187 221 118 0 -0.023143 0.856301 0.515959
-1.026938 -0.997600 -6.144191 184 212 109 0 0.285745 0.907056 0.309190
-1.183713 -1.007914 -6.046207 188 220 129 0 0.158843 0.639909 0.751855
-1.251786 -0.811945 -6.548505 77 81 53 0 0.222688 0.903852 0.365325
-0.987745 -0.883113 -6.358725 68 74 52 0 0.284444 0.809329 0.513885
-1.165148 -0.851139 -6.370071 157 198 76 0 0.142886 0.960878 0.237270
-1.286855 -0.901678 -6.174102 180 181 108 0 0.055387 0.791038 0.609255
-1.223938 -0.940872 -6.124594 165 192 94 0 0.245183 0.873935 0.419669
-1.269320 -0.874861 -6.238050 168 206 91 0 0.452587 0.824750 0.339046
-1.336362 -0.833605 -6.375228 155 185 61 0 -0.007458 0.996241 0.086305
-1.384839 -0.924369 -6.119438 158 200 99 0 0.126986 0.842198 0.524002
-1.207436 -0.839793 -6.403076 159 197 75 0 0.126436 0.989448 0.070758
-1.365242 -0.955312 -6.067867 164 206 96 0 0.103490 0.808970 0.578669
-1.168242 -0.952217 -6.128720 176 211 102 0 0.173507 0.921138 0.348424
-1.236315 -0.997600 -6.043113 190 221 118 0 0.449988 0.718984 0.529691
-1.468383 -0.839793 -6.268992 148 176 53 0 0.988525 -0.102019 0.111400
-1.041378 -0.949123 -6.214327 178 210 92 0 0.212813 0.816040 0.537392
-1.124923 -0.930558 -6.202981 191 208 124 0 0.001296 0.908224 0.418483
-1.383807 -0.847013 -6.308186 148 183 58 0 -0.071283 0.918606 0.388693
-0.973305 -1.028542 -6.139034 177 195 129 0 0.435822 0.652898 0.619502
-1.282729 -0.818134 -6.517563 152 179 55 0 0.001079 0.993804 -0.111142
-1.110483 -0.860422 -6.381416 154 196 79 0 0.095734 0.990793 0.095734
-1.404436 -0.838762 -6.353569 154 183 55 0 0.024050 0.998603 0.047055
-1.262101 -0.819165 -6.484558 149 180 60 0 0.047817 0.969821 0.239084
-1.088823 -0.930558 -6.219485 177 210 109 0 0.428924 0.791487 0.435399
-1.352865 -0.868673 -6.244238 158 196 75 0 -0.102769 0.919441 0.379561
-1.261069 -0.854233 -6.309217 152 188 82 0 0.246407 0.951967 0.181776
-1.362148 -0.941903 -6.089526 158 201 90 0 0.039830 0.861144 0.506798
-1.169273 -0.858359 -6.339128 163 204 87 0 0.252784 0.847208 0.467267
-1.071289 -0.889301 -6.325720 167 203 84 0 0.811146 0.001363 0.584843
-1.408561 -0.948092 -6.080244 138 184 70 0 0.157524 0.796623 0.583590
-1.380713 -0.835668 -6.374196 152 182 54 0 -0.071490 0.966993 0.244570
-1.118734 -0.905804 -6.245270 177 202 105 0 0.509768 0.786362 0.348958
-1.243535 -0.827416 -6.438144 155 193 78 0 0.125472 0.985853 -0.111133
-1.245598 -0.862484 -6.284463 160 192 79 0 0.140893 0.948677 0.283127
-1.519954 -1.009977 -6.045176 139 177 69 0 -0.444292 0.516964 0.731678
-1.123891 -0.863516 -6.346348 159 199 85 0 -0.031142 0.957943 0.285265
-1.276540 -0.866610 -6.260741 159 199 77 0 0.118525 0.959919 0.253981
-1.100169 -1.037825 -6.049301 54 63 38 0 0.453112 0.633688 0.627000
-1.464258 -0.991411 -6.015265 136 155 56 0 -0.190928 -0.792734 -0.578895
-1.184745 -0.896521 -6.229799 164 206 97 0 0.363227 0.893983 0.262413
-1.290980 -0.834636 -6.381416 161 194 67 0 -0.016812 0.989675 0.142343
-1.497263 -0.853202 -6.242176 102 109 76 0 0.561474 -0.774611 -0.291076
-1.182682 -0.824322 -6.480432 157 190 71 0 0.117950 0.989149 0.087587
-1.507577 -0.880018 -6.175134 144 168 84 0 0.434530 -0.890430 -0.135345
-1.044472 -0.915087 -6.282401 178 216 97 0 0.126461 0.890910 0.436219
-0.992902 -0.991411 -6.174102 194 225 135 0 0.308519 0.864161 0.397545
-1.407530 -0.901678 -6.156568 160 196 86 0 0.230359 0.799300 0.555026
-1.212593 -0.850107 -6.347380 169 191 84 0 0.191761 0.904015 0.382080
-1.195059 -0.811945 -6.547474 86 90 67 0 -0.167340 0.880355 0.443815
-1.170305 -0.869704 -6.306123 165 203 91 0 0.182644 0.918881 0.349713
-1.085729 -0.875893 -6.364914 129 141 42 0 -0.330430 -0.820542 -0.466397
-1.478697 -0.859390 -6.210202 153 186 53 0 -0.144100 -0.809633 -0.568972
-1.004247 -0.971814 -6.198856 188 213 113 0 0.316077 0.802106 0.506677
-1.306451 -0.872799 -6.233924 155 191 78 0 -0.197648 0.907450 0.370770
-1.510671 -0.976971 -6.028673 163 197 65 0 -0.413051 -0.732301 0.541409
-1.443629 -0.894458 -6.164819 161 199 84 0 0.207024 0.904826 0.372064
-1.581839 -1.026479 -6.019390 186 196 102 0 0.364328 -0.881342 -0.300835
-1.246629 -0.905804 -6.180291 172 211 110 0 0.142373 0.774811 0.615952
-0.991870 -1.017196 -6.140066 195 221 123 0 0.205869 0.895018 0.395677
-1.360085 -0.824322 -6.442270 156 182 57 0 -0.127080 0.990305 0.056098
-1.223938 -0.832574 -6.427830 147 183 67 0 0.141586 0.988800 0.047195
-1.183713 -1.030605 -6.021453 202 220 154 0 0.354854 0.606686 0.711344
-1.310577 -1.003788 -6.015265 183 218 130 0 0.443362 0.794827 0.414342
-1.109451 -0.950155 -6.171008 181 210 116 0 0.412864 0.785251 0.461436
-0.979493 -0.950155 -6.247333 175 208 102 0 0.379754 0.893974 0.237901
-1.051692 -0.924369 -6.255584 178 210 105 0 0.379647 0.856917 0.348655
-1.161022 -0.886207 -6.266930 175 204 105 0 0.348485 0.813131 0.466237
-0.949582 -1.016165 -6.167913 210 232 151 0 0.325827 0.611129 0.721359
-1.063038 -1.033699 -6.076118 186 206 152 0 0.466911 0.563975 0.681121
-1.490043 -0.867642 -6.183385 150 184 51 0 -0.101791 -0.511823 0.853039
-1.420938 -0.843919 -6.340160 155 185 60 0 -0.016304 0.994521 0.103256
-1.259006 -0.843919 -6.348411 162 198 79 0 0.062379 0.974830 0.214047
-1.295106 -0.822259 -6.454647 146 180 55 0 -0.007103 0.999480 0.031456
-1.512734 -0.970783 -6.055490 143 170 56 0 0.314526 -0.488385 -0.813974
-1.182682 -0.930558 -6.160694 183 217 111 0 0.206420 0.805804 0.555041
-1.236315 -0.916118 -6.163788 182 199 102 0 0.198558 0.771143 0.604908
-1.477666 -0.926432 -6.112217 144 184 71 0 -0.046982 0.721813 0.690492
-1.497263 -1.000694 -6.015265 81 88 27 0 0.587995 -0.756904 -0.285233
-1.162053 -0.826385 -6.479401 162 198 74 0 0.126260 0.984828 0.119045
-1.522017 -0.909929 -6.126657 71 75 55 0 0.181495 -0.832479 -0.523487
-1.326048 -0.926432 -6.115312 161 196 82 0 0.453112 0.627000 0.633688
-1.199184 -0.864547 -6.308186 157 198 85 0 0.126549 0.916436 0.379646
-1.158959 -1.011008 -6.060647 189 221 122 0 0.236892 0.729501 0.641647
-1.145551 -0.939840 -6.163788 177 211 94 0 0.245847 0.870269 0.426839
-1.240441 -0.821228 -6.478369 151 185 61 0 -0.086654 0.993712 0.070899
-1.244567 -0.852170 -6.324688 152 193 77 0 0.229595 0.949627 0.213293
-1.303357 -0.913024 -6.125626 159 191 51 0 -0.465932 -0.879780 -0.094312
-1.471477 -0.994505 -6.033830 149 189 74 0 -0.275846 0.655334 0.703169
-0.940300 -0.952217 -6.273118 173 202 69 0 -0.205047 -0.766228 -0.608974
-0.920703 -0.984191 -6.231861 210 231 164 0 0.733972 0.556637 0.389153
-1.310577 -0.859390 -6.267961 148 187 69 0 0.152074 0.905338 0.396530
-0.970211 -0.915087 -6.313343 167 208 97 0 0.198005 0.784345 0.587875
-1.043441 -0.882081 -6.401013 242 204 162 0 0.411079 -0.893334 0.181572
-1.017656 -0.910961 -6.305091 183 203 98 0 0.381421 0.851580 0.359625
-1.234252 -0.873830 -6.253521 167 209 96 0 0.032749 0.990388 0.134386
-1.143488 -0.998631 -6.085401 181 217 115 0 0.166308 0.863920 0.475377
-1.516860 -0.995537 -6.031767 150 180 63 0 0.597438 -0.380188 -0.706063
-1.254881 -0.825354 -6.458772 163 194 66 0 0.046625 0.798281 0.600477
-1.095012 -0.884144 -6.312312 165 206 99 0 0.374364 0.769795 0.516978
-1.110483 -0.938809 -6.192667 175 203 103 0 0.438330 0.777262 0.451366
-1.341519 -0.884144 -6.199888 145 185 64 0 -0.078436 0.934587 0.346980
-0.994965 -0.892395 -6.343254 161 200 96 0 0.126062 0.853452 0.505696
-1.214656 -0.829479 -6.450521 170 198 88 0 -0.024099 0.942412 0.333586
-1.120797 -0.832574 -6.469087 152 192 69 0 0.001139 0.983039 0.183394
-1.428158 -0.987285 -6.032799 164 204 93 0 -0.268306 0.611229 0.744588
-1.130080 -0.918181 -6.227736 187 218 122 0 0.245416 0.825772 0.507811
-1.451881 -0.849076 -6.299935 153 184 60 0 -0.015557 0.998789 0.046672
-1.086760 -1.022354 -6.077149 199 227 145 0 0.330259 0.765235 0.552580
-1.202278 -0.818134 -6.508280 160 193 69 0 0.101768 0.979671 0.172883
-1.200216 -0.988317 -6.065804 197 225 131 0 -0.436469 0.865386 0.246174
-1.138331 -1.034730 -6.034862 149 161 123 0 0.158538 0.623583 0.765513
-1.168242 -0.913024 -6.202981 178 215 110 0 0.174570 0.843007 0.508788
-1.369368 -0.888270 -6.192667 142 185 66 0 0.055737 0.983109 0.174327
-1.305420 -0.817102 -6.524783 156 168 83 0 0.492219 0.643412 0.586295
-1.448786 -0.848045 -6.328814 154 177 63 0 0.189822 0.976404 -0.102975
-1.290980 -1.008945 -6.011139 191 223 123 0 -0.015148 0.816607 0.576995
-1.297169 -0.851139 -6.301998 161 179 83 0 -0.214151 0.833824 0.508800
-1.476634 -0.909929 -6.134909 163 200 88 0 -0.151444 0.848380 0.507264
-1.347708 -0.838762 -6.338097 156 188 68 0 0.087791 0.947352 0.307922
-0.962991 -0.981097 -6.207107 194 219 121 0 0.213925 0.792601 0.570981
-1.295106 -0.825354 -6.431956 157 187 63 0 0.243515 0.908442 0.339754
-1.432284 -0.938809 -6.090558 156 197 90 0 -0.071576 0.857515 0.509456
-1.277572 -0.841856 -6.346348 159 194 75 0 0.166583 0.909800 0.380151
-1.288917 -0.820197 -6.472180 147 178 58 0 0.000978 0.999999 0.000978
-1.097075 -0.836699 -6.453615 146 189 69 0 0.078618 0.992409 0.094569
-1.201247 -0.908898 -6.197825 173 211 114 0 0.204087 0.796399 0.569295
-1.021781 -0.895490 -6.337065 159 198 72 0 -0.840189 -0.299735 0.451931
-1.299231 -0.886207 -6.205045 156 191 83 0 0.182133 0.641292 0.745368
-1.065101 -0.958406 -6.183385 187 218 120 0 0.398000 0.810385 0.429968
-1.427127 -0.956343 -6.068898 142 187 69 0 0.031915 0.828410 0.559212
-1.361116 -0.829479 -6.404108 158 188 60 0 0.015153 0.980288 0.196990
-1.042410 -1.033699 -6.090558 142 157 103 0 0.199204 0.435297 0.877972
-1.096043 -0.999662 -6.104997 199 225 143 0 0.268379 0.798859 0.538328
-0.927923 -0.933652 -6.300966 127 142 98 0 0.103966 0.780479 0.616476
-1.497263 -0.904772 -6.146254 166 202 80 0 0.064869 0.736618 0.673191
-0.946488 -0.962532 -6.247333 187 215 106 0 0.326476 0.700056 0.635086
-1.307483 -0.838762 -6.351505 155 188 71 0 0.008363 0.968902 0.247303
-1.374524 -0.826385 -6.425767 153 179 51 0 -0.111142 0.993804 0.001079
-1.049629 -0.843919 -6.419579 141 154 73 0 0.008867 0.999960 0.000985
-1.053755 -0.884144 -6.382448 208 153 122 0 0.142790 -0.840547 0.522582
-1.405467 -0.821228 -6.397919 159 185 74 0 0.545455 -0.838005 -0.015038
-1.195059 -0.855265 -6.341191 158 188 77 0 0.167679 0.977506 0.127933
-1.347708 -0.992443 -6.021453 175 210 103 0 0.126824 0.652025 0.747516
-1.270352 -0.886207 -6.206076 167 193 94 0 0.119053 0.926425 0.357159
-1.512734 -0.944997 -6.092620 148 175 71 0 -0.079931 0.704844 0.704844
-1.204342 -0.884144 -6.244238 220 182 129 0 0.403912 0.760402 0.508570
-1.273446 -0.915087 -6.147285 164 203 94 0 0.284848 0.832753 0.474747
-1.154834 -0.971814 -6.111186 191 228 145 0 0.299586 0.751368 0.587958
-1.256944 -0.942935 -6.103966 180 220 115 0 0.206720 0.676116 0.707202
-1.477666 -0.877956 -6.195762 165 202 79 0 -0.110349 0.784215 0.610599
-1.311608 -0.848045 -6.315405 150 187 77 0 0.135678 0.972571 0.188935
-1.183713 -0.841856 -6.411327 160 201 82 0 0.140893 0.948677 0.283127
-1.083666 -0.841856 -6.436081 149 192 71 0 -0.040247 0.987769 0.150638
-1.459100 -0.866610 -6.229799 159 193 74 0 0.110184 0.960545 0.255368
-1.130080 -0.845982 -6.422673 148 189 76 0 0.079837 0.964380 0.252184
-1.450849 -0.854233 -6.280338 154 188 72 0 -0.292607 0.933823 0.205805
-1.434347 -0.865579 -6.244238 165 197 73 0 0.142623 0.907987 0.393979
-1.430221 -0.827416 -6.350474 152 180 59 0 0.654229 -0.725713 0.212896
-1.428158 -0.849076 -6.303029 158 190 64 0 -0.111197 0.981218 0.157630
-1.219813 -0.817102 -6.506217 155 184 59 0 -0.008031 0.983189 0.182412
-1.382776 -0.908898 -6.141098 157 191 82 0 -0.364613 0.791869 0.489899
-1.190933 -0.961500 -6.108092 185 217 115 0 0.101747 0.694534 0.712229
-1.329142 -0.808851 -6.501060 150 161 57 0 -0.237253 -0.963274 -0.125757
-1.389996 -0.831542 -6.388636 153 179 54 0 -0.188677 0.932202 0.308870
-1.417844 -0.925401 -6.113249 158 198 90 0 0.001323 0.879960 0.475046
-1.204342 -0.848045 -6.362851 152 193 78 0 0.054455 0.988294 0.142509
-1.181650 -0.848045 -6.375228 151 193 67 0 -0.103326 0.974753 0.197938
-1.262101 -0.816071 -6.527877 152 182 54 0 -0.007795 0.989919 -0.141417
-1.113577 -0.886207 -6.301998 166 200 83 0 0.149562 0.970234 0.190467
-1.507577 -0.954280 -6.067867 158 187 56 0 0.585638 -0.626144 -0.514754
-0.950614 -1.003788 -6.180291 201 228 143 0 0.355692 0.680241 0.640902
-1.459100 -0.876924 -6.195762 162 200 79 0 0.473023 0.693655 0.543224
-1.268289 -0.815039 -6.508280 159 186 59 0 0.001079 0.993804 -0.111142
-1.348739 -0.948092 -6.080244 164 208 105 0 0.088188 0.799478 0.594187
-1.125954 -0.993474 -6.106029 187 220 119 0 0.364720 0.769965 0.523576
-1.506545 -0.867642 -6.204013 52 55 38 0 0.773712 -0.633537 0.001374
-1.420938 -0.873830 -6.222579 157 194 78 0 0.261126 0.908837 0.325314
-1.058912 -0.993474 -6.131814 188 218 124 0 0.301232 0.835022 0.460432
-1.244567 -0.832574 -6.420610 151 187 59 0 0.316183 0.916785 0.243995
-1.469415 -0.891364 -6.166883 159 198 83 0 -0.040238 0.933257 0.356948
-1.397216 -0.874861 -6.225673 164 199 82 0 0.062201 0.930374 0.361297
-1.503451 -0.920244 -6.120469 156 189 75 0 0.023611 0.601387 0.798609
-1.211561 -0.966657 -6.095715 183 217 118 0 0.285803 0.745642 0.601942
-1.336362 -0.830511 -6.406171 153 184 60 0 -0.095485 0.950930 0.294304
-0.972273 -0.924369 -6.298903 169 206 102 0 0.125718 0.862685 0.489866
-1.108420 -0.960469 -6.156568 183 217 110 0 0.405823 0.664225 0.627784
-1.126985 -1.021322 -6.060647 200 229 139 0 0.341174 0.683981 0.644803
-1.416813 -0.833605 -6.389668 124 131 71 0 0.529882 0.697037 0.483078
-1.186808 -0.872799 -6.288589 164 200 94 0 0.181686 0.936169 0.300961
-1.281697 -0.829479 -6.406171 153 185 70 0 0.110417 0.993750 -0.016399
-1.311608 -0.818134 -6.465992 149 180 59 0 0.166050 0.969271 0.181497
-1.187839 -0.939840 -6.136971 176 207 89 0 0.309011 0.894190 0.323939
-1.235284 -1.018228 -6.014233 195 222 134 0 0.355014 0.672399 0.649495
-0.998059 -0.961500 -6.217422 182 208 113 0 0.371263 0.773329 0.513932
-1.147614 -0.907867 -6.238050 184 224 120 0 0.380351 0.877383 0.292461
-0.958865 -0.904772 -6.331909 53 59 35 0 0.182133 0.745368 0.641292
-1.048598 -0.964594 -6.183385 192 222 131 0 0.362917 0.807370 0.465237
-1.030033 -0.887238 -6.352537 149 187 84 0 0.127765 0.942774 0.307982
-1.234252 -0.815039 -6.522720 159 185 62 0 -0.015898 0.997349 -0.071012
-1.480760 -0.943966 -6.090558 150 188 74 0 -0.006930 0.752644 0.658391
-1.346676 -0.909929 -6.136971 169 185 100 0 0.165728 0.869704 0.464918
-1.050661 -0.901678 -6.311280 175 215 106 0 0.014508 0.900830 0.433929
-1.065101 -0.857327 -6.395856 116 150 58 0 -0.174329 0.940279 0.292379
-1.096043 -0.949123 -6.183385 178 215 119 0 0.245416 0.825772 0.507811
-1.092949 -0.857327 -6.396887 159 176 80 0 0.142623 0.907987 0.393979
-1.409593 -0.990380 -6.027641 163 206 98 0 0.126800 0.720524 0.681738
-1.250755 -0.835668 -6.391730 156 191 83 0 0.197613 0.972960 0.119575
-1.300263 -0.827416 -6.396887 157 187 66 0 -0.007836 0.988483 0.151127
-1.360085 -0.883113 -6.208139 155 188 76 0 0.229185 0.873300 0.429909
-1.148645 -0.850107 -6.392762 159 199 84 0 0.310014 0.906535 0.286506
-1.142457 -0.926432 -6.192667 184 223 117 0 0.341549 0.832623 0.435986
-1.281697 -1.000694 -6.027641 178 213 122 0 0.382487 0.785955 0.485775
-1.383807 -0.894458 -6.176165 152 193 72 0 0.022745 0.973244 0.228646
-1.047567 -0.939840 -6.226704 180 215 110 0 0.158815 0.917755 0.364010
-1.260038 -0.858359 -6.291683 167 188 83 0 0.207342 0.886716 0.413213
-0.990839 -0.914055 -6.311280 170 211 106 0 0.134079 0.826572 0.546628
-1.298200 -0.818134 -6.500028 159 184 59 0 0.014983 0.999863 -0.006992
-1.109451 -1.013071 -6.081275 196 228 135 0 0.315198 0.719298 0.619081
-1.007341 -0.870736 -6.371102 157 191 98 0 0.015292 0.649226 0.760442
-1.247661 -0.838762 -6.370071 167 191 80 0 0.071230 0.968481 0.238684
-1.396184 -0.968720 -6.050333 163 203 93 0 0.001381 0.711237 0.702951
-1.110483 -0.870736 -6.329845 204 146 107 0 0.276875 0.876016 0.394888
-1.006310 -1.026479 -6.126657 180 201 71 0 0.793821 0.347998 -0.498744
-1.156896 -0.837731 -6.440207 151 191 73 0 0.062958 0.971535 0.228379
-1.310577 -0.900647 -6.142128 159 191 54 0 -0.602613 -0.691767 -0.397890
-1.134205 -0.872799 -6.308186 215 136 112 0 0.364191 0.736548 0.569967
-1.196090 -1.003788 -6.062710 155 194 67 0 -0.324359 0.811690 0.485748
-1.270352 -0.971814 -6.067867 182 220 117 0 0.387452 0.595192 0.704008
-1.233221 -0.974908 -6.073024 180 209 114 0 0.276601 0.682709 0.676314
-1.364210 -0.818134 -6.473212 112 121 74 0 0.493524 0.737810 0.460512
-1.285823 -0.929526 -6.118406 169 208 96 0 0.119285 0.793758 0.596423
-1.338425 -0.858359 -6.272087 154 193 75 0 0.086262 0.971387 0.221281
-1.114609 -0.828448 -6.488683 141 169 67 0 -0.197953 0.905961 0.374233
-1.275509 -0.853202 -6.300966 169 187 86 0 0.015997 0.958613 0.284261
-1.500357 -0.985223 -6.050333 136 174 67 0 -0.204753 0.586549 0.783605
-1.535425 -0.982128 -6.058584 153 171 70 0 0.370369 -0.663372 -0.650203
-1.403404 -0.830511 -6.411327 145 156 76 0 0.204819 0.970663 0.125945
-1.259006 -0.849076 -6.330877 157 193 75 0 -0.047586 0.972458 0.228168
-1.134205 -0.852170 -6.398950 160 189 86 0 -0.085776 0.973373 0.212576
-1.515828 -0.957375 -6.083337 152 182 66 0 -0.166063 0.928001 0.333522
-1.190933 -0.883113 -6.252490 229 190 145 0 0.260227 0.768063 0.585116
-1.449818 -0.913024 -6.132846 152 192 78 0 0.032258 0.778406 0.626932
-1.078509 -0.904772 -6.280338 174 212 102 0 0.262671 0.863929 0.429687
-1.474572 -0.854233 -6.279306 58 63 38 0 0.087721 0.992275 0.087721
-1.196090 -1.013071 -6.037956 210 239 158 0 0.442838 0.800328 0.404190
-1.492106 -0.988317 -6.023516 143 174 62 0 0.469083 -0.539194 -0.699450
-1.358022 -0.964594 -6.057552 167 209 105 0 0.198157 0.833469 0.515813
-1.092949 -0.916118 -6.240112 187 222 116 0 0.452909 0.715033 0.532542
-1.279635 -0.823291 -6.432987 159 187 66 0 -0.167272 0.980433 0.103782
-1.242504 -0.887238 -6.218453 172 165 87 0 0.023087 0.865072 0.501117
-0.918640 -0.969751 -6.253521 206 232 147 0 0.608767 0.595277 0.524450
-1.560179 -1.005851 -6.037956 153 174 65 0 0.063673 -0.830580 -0.553248
-1.350802 -0.897552 -6.164819 162 203 88 0 -0.015211 0.792378 0.609841
-0.956802 -0.923338 -6.305091 177 218 115 0 0.317041 0.815475 0.484237
-1.161022 -0.996568 -6.074056 194 226 142 0 0.260655 0.759849 0.595557
-1.082635 -0.868673 -6.351505 246 171 161 0 0.245401 0.929121 0.276609
-1.124923 -0.835668 -6.453615 154 191 72 0 0.001215 0.958392 0.285453
-1.316765 -0.832574 -6.374196 159 191 61 0 0.094569 0.992409 0.078618
-1.158959 -0.871767 -6.295808 160 182 79 0 0.166642 0.967559 0.189895
-1.260038 -0.831542 -6.406171 154 189 76 0 0.102649 0.987554 0.119167
-1.295106 -0.981097 -6.045176 178 216 117 0 -0.093669 0.828614 0.551929
-1.063038 -0.906835 -6.290652 172 208 93 0 0.341354 0.892886 0.293654
-1.491074 -0.978003 -6.063741 145 186 70 0 -0.571848 0.817129 -0.072729
-1.276540 -0.893427 -6.191636 166 161 76 0 0.325008 0.738949 0.590189
-1.271383 -0.958406 -6.080244 180 218 126 0 0.001337 0.862174 0.506611
-1.062006 -0.934683 -6.228767 183 217 111 0 0.340465 0.861176 0.377438
-1.319860 -0.888270 -6.197825 144 186 73 0 0.174065 0.918439 0.355205
-1.133174 -0.826385 -6.482494 151 187 62 0 0.015997 0.958613 0.284261
-1.166179 -0.821228 -6.524783 159 193 75 0 0.126225 0.987389 -0.095554
-1.203310 -0.842888 -6.388636 159 198 80 0 0.284805 0.937772 0.198669
-1.339457 -0.820197 -6.477338 155 182 58 0 -0.071453 0.997142 -0.024529
-1.012499 -1.008945 -6.140066 193 225 131 0 0.175594 0.823939 0.538787
-1.333268 -0.996568 -6.018359 176 211 112 0 0.189525 0.657946 0.728826
-1.204342 -0.823291 -6.474243 159 195 77 0 0.167318 0.960433 0.222652
-1.103263 -0.984191 -6.126657 197 230 139 0 0.006910 0.631566 0.775292
-0.931017 -0.985223 -6.220516 205 229 140 0 0.426628 0.688914 0.585992
-1.045504 -1.014102 -6.110155 200 227 140 0 0.221545 0.785478 0.577877
-1.339457 -0.931589 -6.109123 160 200 98 0 0.023837 0.752971 0.657622
-1.482823 -0.870736 -6.219485 158 191 68 0 0.133631 0.953942 0.268586
-1.395153 -0.863516 -6.252490 156 190 69 0 0.047586 0.972458 0.228168
-1.370399 -0.861453 -6.265898 153 192 71 0 0.110184 0.960545 0.255368
-1.297169 -0.953249 -6.081275 178 217 112 0 0.181801 0.759287 0.624846
-1.157928 -0.832574 -6.458772 153 192 71 0 0.032541 0.972600 0.230194
-1.487980 -0.861453 -6.252490 75 87 42 0 0.001085 0.992979 0.118289
-1.220844 -1.019259 -6.018359 202 227 135 0 0.385884 0.449931 0.805392
-1.334299 -0.916118 -6.108092 163 194 57 0 -0.641633 -0.496803 0.584375
-1.367305 -0.842888 -6.320563 149 183 62 0 0.001219 0.956644 0.291258
-1.459100 -0.958406 -6.068898 147 187 83 0 0.110985 0.658512 0.744341
-1.329142 -0.853202 -6.290652 150 189 71 0 -0.117573 0.986903 0.110448
-1.269320 -0.906835 -6.168945 157 194 94 0 0.293908 0.815712 0.498229
-1.288917 -0.861453 -6.278275 150 189 73 0 0.141526 0.964715 0.222027
-1.054787 -1.003788 -6.119438 195 225 131 0 0.340377 0.714954 0.610724
-1.169273 -1.032668 -6.024547 132 138 116 0 -0.070471 0.616984 0.783814
-1.030033 -0.926432 -6.266930 174 210 99 0 0.222688 0.903852 0.365325
-1.336362 -0.848045 -6.303029 152 180 77 0 0.271507 0.795689 0.541445
-1.436409 -0.997600 -6.022484 158 198 85 0 -0.046849 0.648790 0.759524
-1.067163 -0.923338 -6.249395 177 213 103 0 0.001327 0.874782 0.484515
-1.244567 -0.816071 -6.536129 163 191 61 0 -0.047748 0.986409 -0.157220
-1.005279 -0.925401 -6.283432 167 200 92 0 0.539535 0.751437 0.379794
-1.490043 -1.003788 -6.028673 139 178 57 0 -0.142874 0.726400 0.672258
-1.023844 -0.918181 -6.286527 180 196 93 0 0.047952 0.875468 0.480891
-1.377619 -0.836699 -6.359756 150 178 58 0 -0.118005 0.991012 0.063012
-1.320891 -0.827416 -6.417516 156 188 62 0 0.007795 0.989919 0.141417
-1.297169 -0.920244 -6.136971 156 195 94 0 0.332824 0.893999 0.299990
-1.071289 -1.006882 -6.111186 194 225 122 0 -0.014508 0.900830 0.433929
-1.145551 -0.854233 -6.361820 161 202 84 0 0.277509 0.940218 0.197432
-1.272415 -0.821228 -6.474243 152 185 68 0 0.101712 0.993652 0.048062
-1.398247 -0.885176 -6.192667 150 190 70 0 0.245849 0.918700 0.309109
-1.540582 -1.011008 -6.022484 170 183 76 0 0.221797 -0.770860 -0.597145
-1.250755 -0.922306 -6.146254 178 215 111 0 0.552663 0.711989 0.433168
-1.097075 -0.867642 -6.348411 147 130 66 0 0.102019 0.988525 0.111400
-1.026938 -0.958406 -6.207107 176 210 103 0 0.221150 0.880149 0.420037
-1.571524 -1.013071 -6.030736 161 186 70 0 0.102716 -0.831854 -0.545407
-1.019719 -0.994505 -6.156568 205 233 148 0 0.183565 0.799496 0.571935
-1.354928 -0.971814 -6.045176 171 212 111 0 0.063357 0.843355 0.533609
-1.315734 -0.843919 -6.328814 159 195 71 0 0.230035 0.943556 0.238299
-1.447755 -0.890333 -6.178228 162 202 77 0 0.128053 0.902002 0.412304
-1.406498 -0.841856 -6.339128 158 188 61 0 -0.064403 0.960991 0.268977
-1.141425 -0.867642 -6.327783 167 207 96 0 0.110619 0.924557 0.364633
-1.345645 -0.880018 -6.213296 161 191 87 0 0.253880 0.808365 0.531122
-1.362148 -0.992443 -6.019390 168 206 102 0 0.032445 0.709550 0.703908
-1.244567 -0.983160 -6.059616 175 210 114 0 0.276375 0.650200 0.707712
-1.369368 -0.978003 -6.036924 171 211 105 0 0.079106 0.806885 0.585387
-1.316765 -0.939840 -6.097778 160 199 90 0 0.300569 0.816730 0.492556
-1.309546 -0.915087 -6.143160 147 185 84 0 -0.031053 0.884345 0.465800
-1.310577 -0.980066 -6.045176 176 210 116 0 0.199324 0.746307 0.635056
-1.046535 -0.860422 -6.379354 202 138 117 0 0.071819 0.513995 0.854781
-1.474572 -0.902710 -6.147285 166 202 89 0 0.040557 0.815326 0.577581
-1.341519 -0.842888 -6.325720 159 193 71 0 -0.095554 0.987389 0.126225
-1.060975 -0.887238 -6.343254 163 192 84 0 -0.619033 0.691280 0.372733
-1.327080 -0.875893 -6.228767 156 194 77 0 -0.141141 0.918118 0.370322
-1.083666 -0.891364 -6.307154 176 213 103 0 0.001351 0.838844 0.544370
-1.101200 -0.970783 -6.134909 173 201 76 0 0.125627 -0.899148 -0.419226
-1.300263 -0.901678 -6.158631 177 191 97 0 0.925063 0.338301 -0.172660
-0.978462 -0.944997 -6.260741 180 211 119 0 0.173507 0.921138 0.348424
-1.462195 -0.907867 -6.138003 158 196 80 0 0.015177 0.809894 0.586380
-1.121828 -1.016165 -6.073024 199 229 133 0 0.221281 0.971387 0.086262
-1.099137 -0.968720 -6.149349 187 220 119 0 0.332420 0.885953 0.323395
-0.948551 -0.941903 -6.281369 180 214 108 0 0.135100 0.861443 0.489555
-1.386902 -0.997600 -6.014233 171 208 105 0 0.166709 0.554195 0.815522
-1.029001 -0.940872 -6.234955 175 212 105 0 0.214970 0.824815 0.522942
-1.115640 -0.890333 -6.288589 168 203 88 0 0.299089 0.759718 0.577386
-1.125954 -0.867642 -6.332940 164 204 98 0 0.008411 0.967289 0.253538
-1.340488 -0.831542 -6.388636 144 176 55 0 -0.079355 0.966112 0.245622
-1.415781 -0.859390 -6.272087 151 185 59 0 -0.014820 0.986131 0.165305
-1.401341 -0.954280 -6.067867 151 196 88 0 0.054993 0.824888 0.562616
-1.490043 -0.913024 -6.131814 159 198 83 0 -0.086927 0.847896 0.522988
-1.256944 -1.000694 -6.030736 185 217 123 0 0.135872 0.845910 0.515728
-1.187839 -0.911992 -6.194730 174 208 100 0 -0.024174 0.940223 0.339702
-1.347708 -1.008945 -6.003919 191 221 133 0 0.278472 0.794509 0.539637
-1.345645 -0.864547 -6.255584 156 195 73 0 0.261450 0.827667 0.496600
-0.934111 -0.942935 -6.283432 185 221 123 0 0.355101 0.813708 0.460199
-1.077478 -0.975940 -6.149349 186 216 122 0 0.087461 0.833029 0.546272
-1.111514 -0.848045 -6.417516 154 192 80 0 -0.111237 0.921478 0.372162
-1.070258 -0.971814 -6.161725 183 217 105 0 0.228787 0.824556 0.517459
-1.072321 -0.867642 -6.362851 246 169 160 0 0.196929 0.955175 0.221043
-1.419907 -0.896521 -6.160694 165 202 77 0 0.046572 0.803010 0.594143
-1.420938 -0.829479 -6.360788 154 177 58 0 -0.213692 -0.968653 0.126680
-1.470446 -0.860422 -6.254552 151 186 59 0 0.040518 0.995427 0.086511
-1.152771 -1.032668 -6.030736 133 148 106 0 0.254685 0.659649 0.707106
-1.395153 -0.918181 -6.126657 159 203 92 0 -0.014935 0.854025 0.520018
-1.333268 -0.909929 -6.145223 176 190 109 0 -0.030800 0.895870 0.443248
-1.285823 -0.939840 -6.101903 170 211 103 0 0.085757 0.774720 0.626462
-1.271383 -0.834636 -6.380384 154 183 78 0 0.054165 0.978582 0.198605
-1.380713 -0.839793 -6.330877 154 184 60 0 -0.031561 0.995797 0.085976
-0.989808 -0.981097 -6.191636 184 216 121 0 0.158926 0.897714 0.410915
-1.100169 -0.880018 -6.330877 202 184 93 0 -0.086593 -0.936535 -0.339711
-1.254881 -0.901678 -6.190605 163 199 103 0 0.682071 0.730283 0.038287
-1.198153 -0.922306 -6.167913 181 216 109 0 0.313890 0.851987 0.419035
-1.393090 -0.839793 -6.342223 150 177 57 0 -0.125945 0.970663 0.204819
-1.439504 -0.848045 -6.313343 157 187 62 0 0.023931 0.948412 0.316137
-1.365242 -0.835668 -6.348411 154 183 63 0 0.228081 0.956341 0.182732
-1.371430 -0.897552 -6.167913 155 195 76 0 -0.086386 0.856776 0.508401
-1.477666 -0.992443 -6.012170 172 190 86 0 0.938978 0.340622 0.047920
-1.016624 -0.948092 -6.230830 180 213 105 0 0.191264 0.775767 0.601334
-1.227033 -0.820197 -6.481464 160 193 67 0 0.135143 0.978235 0.157460
-1.213624 -1.007914 -6.037956 198 227 133 0 0.039830 0.861144 0.506798
-1.237347 -0.836699 -6.388636 157 197 77 0 0.080393 0.982710 0.166785
-1.388964 -0.861453 -6.264867 153 190 63 0 0.001270 0.928213 0.372047
-1.316765 -0.819165 -6.503123 160 188 57 0 -0.062577 0.973016 -0.222088
-1.167211 -0.864547 -6.318500 171 187 85 0 0.095000 0.910076 0.403407
-1.413718 -1.006882 -6.011139 144 162 108 0 -0.046964 0.653232 0.755700
-1.305420 -0.927463 -6.116343 164 204 93 0 0.054297 0.856228 0.513737
-1.229095 -1.011008 -6.025579 198 226 135 0 0.165348 0.895756 0.412652
-1.135237 -0.859390 -6.354599 164 203 93 0 0.174474 0.971708 0.159192
-1.134205 -0.981097 -6.111186 184 215 134 0 0.363212 0.776466 0.514954
-1.060975 -0.896521 -6.318500 168 203 95 0 0.119309 0.955786 0.268774
-1.482823 -0.892395 -6.164819 156 195 74 0 -0.047856 0.881909 0.468984
-1.109451 -0.857327 -6.394825 164 172 82 0 -0.070518 0.886318 0.457677
-1.430221 -0.877956 -6.207107 155 192 77 0 0.103676 0.873436 0.475774
-1.202278 -0.902710 -6.213296 167 202 96 0 0.103936 0.791963 0.601658
-1.071289 -0.944997 -6.200919 173 208 102 0 0.262736 0.816191 0.514589
-1.361116 -0.891364 -6.182353 150 190 74 0 0.117601 0.917284 0.380472
-1.497263 -0.962532 -6.070961 153 185 72 0 0.055949 0.690042 0.721603
-1.464258 -0.839793 -6.284463 153 180 71 0 0.457448 -0.885697 -0.079254
-1.144519 -0.931589 -6.180291 187 224 132 0 0.363306 0.898705 0.245636
-1.463226 -0.853202 -6.286527 154 184 64 0 0.006992 0.999863 0.014983
-1.297169 -0.881050 -6.219485 159 198 88 0 0.031658 0.948461 0.315309
-1.039315 -0.902710 -6.318500 164 179 79 0 -0.547885 -0.632175 0.547885
-1.368336 -0.830511 -6.392762 162 192 61 0 -0.308766 0.951098 0.008680
-1.402373 -0.934683 -6.098809 164 194 105 0 0.286664 0.674220 0.680626
-1.142457 -0.949123 -6.148317 185 217 108 0 0.174001 0.978602 0.109830
-1.211561 -0.863516 -6.303029 163 198 87 0 0.150112 0.916106 0.371774
-1.423001 -0.917149 -6.126657 150 190 72 0 -0.064443 0.935084 0.348519
-1.518922 -0.905804 -6.114280 164 191 67 0 0.095082 -0.633391 -0.767968
-1.089855 -0.835668 -6.468055 161 189 80 0 -0.071917 0.942772 0.325590
-1.060975 -0.918181 -6.262804 172 208 91 0 0.184288 0.912869 0.364291
-1.030033 -1.003788 -6.132846 202 230 135 0 0.175140 0.759955 0.625935
-1.497263 -0.861453 -6.196794 151 182 53 0 0.134643 -0.979557 0.149466
-1.374524 -0.949123 -6.075086 161 202 97 0 0.064598 0.759391 0.647420
-1.279635 -0.870736 -6.245270 161 198 83 0 0.111518 0.973587 0.199228
-1.595247 -1.027511 -6.016296 152 153 80 0 0.102183 -0.894454 -0.435329
-1.447755 -0.872799 -6.219485 166 201 74 0 0.275305 0.868505 0.412197
-1.071289 -0.998631 -6.124594 191 222 123 0 0.126845 0.696904 0.705858
-1.480760 -0.848045 -6.257647 159 177 87 0 0.362078 -0.884912 -0.292968
-1.156896 -0.843919 -6.416484 160 173 73 0 0.269220 0.931697 0.243848
-1.151739 -0.900647 -6.248363 181 221 116 0 0.403913 0.713854 0.572072
-1.152771 -0.825354 -6.503123 154 190 72 0 0.007500 0.995414 0.095363
-1.507577 -0.923338 -6.104997 155 186 57 0 0.759230 -0.490302 -0.427989
-1.118734 -0.913024 -6.231861 188 203 111 0 0.493130 0.769804 0.405246
-1.355959 -0.856296 -6.283432 144 183 57 0 -0.040479 0.986537 0.158447
-0.976399 -1.002757 -6.165851 200 232 148 0 0.412821 0.674771 0.611770
-1.188870 -0.831542 -6.441238 160 190 77 0 -0.022501 0.977014 0.211983
-1.200216 -0.816071 -6.536129 161 186 64 0 0.039483 0.997737 0.054422
-1.196090 -0.972846 -6.095715 186 219 114 0 0.095792 0.898220 0.428980
-1.179587 -0.923338 -6.172039 177 210 113 0 0.159262 0.832034 0.531371
-1.197121 -0.838762 -6.414421 159 199 81 0 0.038828 0.982462 0.182373
-0.990839 -1.008945 -6.150379 192 223 128 0 0.443204 0.633865 0.633865
-1.185776 -0.826385 -6.464962 154 193 83 0 0.001300 0.903843 0.427862
-1.504483 -0.998631 -6.038987 133 172 66 0 -0.126611 0.656888 0.743282
-1.359053 -0.866610 -6.255584 152 190 75 0 -0.157460 0.978235 0.135143
-1.128017 -0.870736 -6.319532 171 142 77 0 0.317350 0.885873 0.338406
-1.517891 -0.919212 -6.118406 60 64 43 0 0.078711 0.571011 -0.817161
-1.192996 -0.842888 -6.399981 164 202 87 0 0.110098 0.970638 0.213869
-1.097075 -0.850107 -6.414421 151 196 82 0 0.070518 0.886318 0.457677
-1.046535 -1.024416 -6.098809 187 212 101 0 -0.450034 -0.286104 0.845940
-1.451881 -0.935715 -6.091589 153 194 76 0 0.040258 0.837097 0.545571
-1.465289 -0.865579 -6.197825 147 176 58 0 -0.213149 -0.805060 -0.553575
-1.228064 -0.836699 -6.397919 151 191 73 0 0.134147 0.986514 0.093784
-1.054787 -0.878987 -6.355631 157 174 86 0 0.104015 0.777918 0.619697
-1.218781 -0.888270 -6.225673 188 183 99 0 0.419891 -0.698712 0.579217
-0.933080 -1.014102 -6.184416 93 106 61 0 0.270364 0.807967 0.523538
-1.236315 -0.900647 -6.186479 181 193 104 0 0.338406 0.885873 0.317350
-1.247661 -0.892395 -6.206076 174 159 74 0 0.072267 -0.904023 -0.421332
-1.249724 -0.898584 -6.169976 144 185 55 0 0.358002 0.593401 0.720909
-1.184745 -0.984191 -6.079212 190 222 121 0 0.308834 0.514723 0.799801
-1.429189 -0.931589 -6.100872 152 195 88 0 0.063473 0.833613 0.548690
-1.262101 -0.818134 -6.467023 158 186 73 0 0.095837 0.981424 -0.166199
-0.994965 -0.931589 -6.278275 169 206 96 0 0.270120 0.838144 0.473868
-0.958865 -0.967689 -6.228767 194 223 114 0 0.442838 0.800328 0.404190
-1.121828 -0.859390 -6.375228 156 198 85 0 0.205630 0.969398 0.134106
-1.395153 -0.847013 -6.314374 145 177 53 0 -0.166612 0.925466 0.340224
-1.346676 -0.831542 -6.365945 158 188 62 0 -0.159437 0.975451 0.151904
-1.459100 -0.967689 -6.058584 131 173 67 0 0.103863 0.610012 0.785555
-1.510671 -0.885176 -6.163788 118 128 74 0 0.386582 -0.781252 -0.490102
-0.947520 -0.982128 -6.219485 186 208 96 0 -0.501801 -0.771377 -0.391373
-1.383807 -0.941903 -6.088495 153 195 82 0 -0.015001 0.844128 0.535932
-1.162053 -0.927463 -6.173070 174 204 91 0 0.079106 0.585387 -0.806885
-1.323985 -1.003788 -6.013202 178 216 118 0 0.134933 0.799219 0.585698
-1.191965 -0.891364 -6.239082 154 188 91 0 0.135192 0.856218 0.498612
-1.322954 -1.019259 -5.995668 65 69 60 0 -0.038253 0.667300 0.743806
-1.371430 -0.936746 -6.096746 143 186 78 0 -0.324458 0.835441 0.443583
-1.503451 -0.976971 -6.041050 143 178 54 0 0.389394 -0.790097 -0.473412
-1.283760 -0.850107 -6.310249 160 196 87 0 0.095734 0.990793 0.095734
-1.024876 -0.973877 -6.193699 165 191 58 0 0.564768 -0.628832 0.534423
-1.380713 -0.857327 -6.280338 145 184 56 0 0.001209 0.960928 0.276796
-1.135237 -0.995537 -6.094683 195 232 157 0 0.468315 0.729777 0.498102
-1.129048 -0.893427 -6.265898 195 194 116 0 0.207342 0.886716 0.413213
-1.317797 -0.857327 -6.278275 159 198 78 0 -0.261603 0.924902 0.275898
-1.005279 -0.988317 -6.174102 192 218 123 0 0.276051 0.722839 0.633482
-1.085729 -0.970783 -6.157600 185 214 126 0 0.064484 0.783836 0.617611
-1.326048 -0.944997 -6.090558 162 198 84 0 0.421758 0.722778 0.547459
-1.393090 -0.959437 -6.059616 163 204 94 0 0.079470 0.787478 0.611198
-1.161022 -0.863516 -6.330877 156 196 82 0 0.285973 0.936039 0.205064
-1.344614 -0.979034 -6.038987 162 199 98 0 -0.095219 0.757356 0.646023
-1.260038 -0.866610 -6.266930 155 195 79 0 0.157865 0.956477 0.245420
-1.212593 -0.928495 -6.150379 179 215 106 0 0.150077 0.824678 0.545328
-1.236315 -0.818134 -6.493840 147 179 59 0 -0.054500 0.956924 0.285176
-1.005279 -0.913024 -6.307154 166 204 92 0 0.181815 0.867687 0.462668
-1.133174 -1.006882 -6.077149 188 223 120 0 0.373412 0.777537 0.505965
-1.223938 -0.989348 -6.059616 186 216 116 0 -0.077939 0.522898 0.848824
-1.506545 -0.996568 -6.024547 153 180 66 0 0.300835 -0.364328 -0.881342
-0.928954 -0.954280 -6.267961 189 221 120 0 0.646187 0.694773 0.315806
-1.294074 -0.815039 -6.529940 110 117 67 0 0.198918 0.818447 0.539051
-1.248692 -0.848045 -6.338097 148 186 64 0 0.150112 0.916106 0.371774
-1.076446 -1.027511 -6.071992 216 241 180 0 0.086877 0.900489 0.426112
-0.945457 -0.998631 -6.190605 199 223 134 0 0.410053 0.736119 0.538503
-1.170305 -0.847013 -6.388636 153 193 73 0 0.039848 0.974465 0.220975
-1.277572 -0.863516 -6.273118 158 198 78 0 0.174245 0.949567 0.260692
-1.393090 -0.907867 -6.148317 157 189 88 0 -0.006755 0.852426 0.522804
-1.019719 -0.987285 -6.166883 192 222 126 0 0.294195 0.870391 0.394801
-0.987745 -0.898584 -6.335002 162 204 95 0 0.214630 0.911817 0.350034
-1.103263 -0.904772 -6.262804 174 213 110 0 0.222739 0.850044 0.477297
-1.083666 -0.950155 -6.189573 186 218 121 0 0.324168 0.817536 0.475973
-1.190933 -0.837731 -6.427830 149 187 70 0 0.056244 0.963639 0.261220
-1.240441 -0.880018 -6.238050 163 202 98 0 0.300188 0.891602 0.339018
-1.430221 -0.924369 -6.111186 156 198 85 0 -0.244507 0.877525 0.412512
-1.212593 -0.834636 -6.434018 161 197 72 0 0.134152 0.962511 0.235744
-0.931017 -0.976971 -6.233924 200 227 126 0 0.175458 0.746076 0.642327
-1.282729 -0.987285 -6.041050 188 225 133 0 0.119296 0.866692 0.484370
-1.175462 -1.005851 -6.055490 187 222 124 0 0.405138 0.776109 0.483237
-1.335331 -0.840825 -6.339128 160 191 72 0 0.174001 0.978602 0.109830
-1.235284 -0.840825 -6.371102 156 190 76 0 0.237908 0.933330 0.268878
-1.359053 -0.826385 -6.424736 156 186 57 0 0.000993 0.999889 -0.014894
-1.249724 -0.858359 -6.298903 167 183 89 0 0.103315 0.990194 0.094028
-1.353896 -0.818134 -6.480432 64 69 35 0 0.221970 0.856168 0.466589
-0.981556 -0.956343 -6.234955 187 221 114 0 0.285052 0.879286 0.381577
-1.348739 -0.890333 -6.180291 151 191 75 0 -0.031025 0.987044 0.157421
-1.148645 -0.834636 -6.450521 151 193 73 0 0.111823 0.936352 0.332776
-1.184745 -0.969751 -6.100872 188 219 123 0 0.110172 0.791768 0.600804
-1.033127 -1.013071 -6.119438 197 225 120 0 0.396861 0.713033 0.578001
-1.114609 -1.031636 -6.049301 200 224 150 0 0.040960 0.637004 0.769772
-1.080572 -0.920244 -6.245270 190 224 134 0 0.365645 0.784445 0.500949
-1.462195 -0.999662 -6.024547 149 190 76 0 -0.158244 0.610370 0.776149
-1.161022 -0.948092 -6.140066 181 216 109 0 0.402153 0.773371 0.490073
-1.048598 -0.895490 -6.326751 161 199 92 0 0.229771 0.900059 0.370268
-1.288917 -0.863516 -6.265898 157 194 81 0 0.071744 0.945716 0.316978
-1.029001 -0.931589 -6.255584 175 210 102 0 0.198756 0.856294 0.476715
-1.348739 -0.816071 -6.493840 106 116 67 0 0.482400 0.799726 0.357392
-1.524080 -0.967689 -6.073024 153 174 79 0 0.372633 0.488779 0.788822
-1.250755 -0.992443 -6.045176 184 217 123 0 0.428670 0.635499 0.642171
-1.487980 -0.936746 -6.097778 148 186 70 0 -0.172442 0.749281 0.639407
-1.146582 -0.895490 -6.260741 170 211 111 0 0.309465 0.841310 0.443204
-1.263132 -0.823291 -6.446395 155 190 69 0 0.094032 0.995437 -0.016212
-1.314703 -0.992443 -6.030736 182 217 118 0 0.014880 0.861665 0.507260
-1.368336 -1.013071 -5.999794 78 91 59 0 0.261616 0.418889 0.869534
-1.409593 -0.872799 -6.227736 159 196 75 0 0.077817 0.940398 0.331052
-1.055818 -0.984191 -6.148317 187 218 123 0 0.322432 0.774800 0.543804
-1.308514 -0.828448 -6.406171 155 185 61 0 -0.062836 0.995448 0.071655
-1.430221 -0.854233 -6.275181 155 189 73 0 0.220326 0.925371 0.308457
-1.205373 -0.911992 -6.186479 173 212 105 0 0.086680 0.854015 0.512977
-1.069226 -0.848045 -6.421641 138 177 69 0 0.047110 0.903172 0.426685
-1.245598 -0.948092 -6.103966 173 205 105 0 0.119214 0.796233 0.593128
-1.117703 -0.862484 -6.363882 158 199 87 0 0.172392 0.961973 0.211871
-1.155865 -0.850107 -6.378322 155 194 75 0 0.197293 0.971192 0.133650
-1.372462 -0.931589 -6.108092 148 183 84 0 0.070626 0.928799 0.363791
-1.214656 -0.871767 -6.276212 158 192 82 0 0.134448 0.898677 0.417496
-1.209498 -1.030605 -6.010108 186 206 145 0 0.419240 0.584948 0.694315
-1.276540 -0.837731 -6.366977 156 192 68 0 0.157266 0.965692 0.206655
-1.074383 -0.880018 -6.341191 178 207 102 0 0.428099 0.601337 0.674630
-1.063038 -1.022354 -6.093652 196 227 135 0 0.395896 0.737583 0.547027
-0.951645 -0.949123 -6.268992 186 219 115 0 0.284397 0.770573 0.570383
-1.477666 -0.872799 -6.207107 160 195 75 0 0.135169 0.918313 0.372063
-1.293043 -0.841856 -6.348411 167 198 73 0 -0.087642 0.983271 0.159677
-1.329142 -0.823291 -6.440207 158 185 61 0 -0.135001 0.985628 0.101550
-1.306451 -0.826385 -6.421641 152 182 61 0 -0.111133 0.985853 0.125472
-1.304388 -0.963563 -6.067867 175 212 115 0 0.046850 0.773740 0.631769
-1.149677 -0.827416 -6.480432 162 200 77 0 0.167528 0.943876 0.284661
-1.476634 -0.918181 -6.125626 146 186 71 0 0.001323 0.879960 0.475046
-1.457038 -0.890333 -6.169976 159 199 81 0 0.165337 0.941465 0.293781
-1.333268 -0.900647 -6.158631 162 202 103 0 0.172703 0.863517 0.473827
-1.330174 -0.828448 -6.394825 152 180 68 0 -0.095228 0.953581 0.285683
-1.270352 -0.906835 -6.181322 155 188 102 0 -0.739124 0.467946 0.484482
-1.295106 -0.893427 -6.189573 153 192 83 0 -0.229561 0.961533 0.150854
-1.484886 -0.853202 -6.243207 145 171 65 0 0.126060 -0.991746 0.023427
-1.412687 -0.890333 -6.176165 160 194 77 0 0.151179 0.951226 0.268912
-1.304388 -0.939840 -6.098809 168 209 97 0 -0.006835 0.821582 0.570049
-1.336362 -0.826385 -6.418547 154 182 56 0 0.001168 0.975327 0.220763
-1.174430 -0.934683 -6.152442 174 206 89 0 -0.191555 0.767752 0.611443
-1.212593 -0.880018 -6.252490 154 188 77 0 -0.143948 0.983444 0.110078
-1.304388 -0.832574 -6.374196 150 185 61 0 0.001149 0.980491 0.196558
-1.182682 -0.818134 -6.518594 161 192 65 0 0.103644 0.992023 0.071754
-1.456006 -0.984191 -6.037956 150 193 79 0 -0.229112 0.759032 0.609408
-1.465289 -0.850107 -6.305091 67 68 49 0 -0.030847 -0.149666 0.988255
-1.525111 -0.951186 -6.088495 84 90 64 0 0.753279 -0.626962 0.198718
-1.147614 -0.920244 -6.201951 189 225 133 0 0.309779 0.926507 0.213592
-1.522017 -0.976971 -6.050333 140 166 53 0 0.531610 -0.419692 -0.735696
-1.343582 -0.941903 -6.089526 166 208 100 0 0.031496 0.855857 0.516253
-1.293043 -0.908898 -6.139034 154 187 52 0 -0.149530 -0.947021 -0.284241
-1.051692 -0.934683 -6.237019 180 215 106 0 0.286224 0.818008 0.498938
-0.989808 -0.942935 -6.256615 172 207 98 0 0.277868 0.852026 0.443668
-1.347708 -0.913024 -6.108092 155 189 50 0 0.924765 0.151578 -0.349047
-1.223938 -0.862484 -6.301998 164 203 87 0 0.086102 0.981078 0.173417
-1.407530 -0.938809 -6.088495 171 194 107 0 0.126611 0.743282 0.656888
-1.325017 -0.960469 -6.063741 160 199 92 0 0.157615 0.886406 0.435250
-1.392059 -0.870736 -6.235987 159 195 78 0 0.117601 0.917284 0.380472
-1.073352 -0.866610 -6.405138 150 183 53 0 -0.668004 -0.651591 -0.359442
-1.194027 -0.822259 -6.484558 165 196 75 0 -0.039969 0.939905 0.339088
-1.281697 -0.875893 -6.231861 167 205 83 0 0.206192 0.876686 0.434634
-1.169273 -0.897552 -6.238050 164 204 102 0 0.165348 0.895756 0.412652
-1.210530 -0.824322 -6.460834 167 203 81 0 0.135313 0.947191 0.290722
-1.195059 -0.979034 -6.084369 191 224 132 0 0.001357 0.826370 0.563126
-1.417844 -0.847013 -6.314374 161 193 72 0 0.158413 0.962264 0.221255
-1.502420 -0.974908 -6.060647 145 185 71 0 -0.199896 0.677166 0.708158
-1.018687 -0.873830 -6.368008 144 187 77 0 -0.189688 0.673931 0.714028
-1.133174 -0.857327 -6.369039 162 203 89 0 0.270423 0.934571 0.231191
-1.510671 -0.904772 -6.144191 154 174 81 0 0.080074 0.720669 0.688639
-1.128017 -1.029573 -6.044144 198 224 145 0 0.477831 0.652197 0.588486
-0.976399 -1.035762 -6.129752 61 67 50 0 0.397638 0.697930 0.595633
-1.373493 -0.870736 -6.240112 159 198 77 0 0.056251 0.935330 0.349277
-1.384839 -0.983160 -6.030736 168 209 104 0 -0.070895 0.736439 0.672779
-1.207436 -0.993474 -6.057552 188 217 115 0 0.150440 0.817737 0.555584
-1.373493 -0.923338 -6.125626 166 207 115 0 0.071161 0.872073 0.484175
-1.302326 -0.987285 -6.036924 184 218 117 0 0.015204 0.803048 0.595721
-1.059944 -0.891364 -6.331909 167 206 88 0 0.144362 0.858879 0.491413
-1.466320 -0.837731 -6.314374 97 104 71 0 0.333612 -0.817429 -0.469587
-1.185776 -0.876924 -6.277244 158 158 70 0 0.418568 0.902494 0.101513
-1.077478 -0.984191 -6.136971 189 222 126 0 0.142083 0.785194 0.602730
-1.315734 -0.910961 -6.153474 174 190 93 0 0.370189 0.679502 0.633434
-1.336362 -1.004820 -6.010108 179 215 118 0 0.199503 0.700581 0.685116
-1.012499 -0.936746 -6.254552 182 203 109 0 0.174034 0.901813 0.395532
-1.315734 -0.835668 -6.360788 162 193 70 0 -0.031367 0.983993 0.175423
-1.135237 -0.962532 -6.130783 189 214 121 0 0.444091 0.706887 0.550540
-0.925860 -0.995537 -6.215358 196 215 138 0 0.516538 0.506508 0.690389
-1.073352 -0.900647 -6.291683 178 211 100 0 0.127328 0.944905 0.301565
-1.472509 -0.964594 -6.062710 142 185 77 0 -0.102964 0.825166 0.555428
-1.508608 -1.004820 -6.015265 85 95 26 0 0.109459 -0.877091 -0.467687
-1.290980 -0.822259 -6.443302 158 188 65 0 0.221879 0.957934 0.182021
-1.215687 -0.835668 -6.419579 160 196 78 0 0.070899 0.993712 0.086654
-1.223938 -0.934683 -6.134909 168 198 102 0 0.213925 0.792601 0.570981
-1.191965 -0.848045 -6.369039 157 194 72 0 0.214358 0.965262 0.149401
-1.260038 -0.962532 -6.080244 182 222 125 0 0.340325 0.821529 0.457460
-1.541613 -0.990380 -6.052396 161 177 66 0 0.347611 -0.713174 -0.608728
-1.287886 -1.016165 -6.001856 198 229 136 0 0.055453 0.794828 0.604296
-1.410624 -0.907867 -6.144191 152 192 69 0 0.055838 0.751669 0.657173
-1.076446 -1.020291 -6.087463 192 224 134 0 0.317041 0.815475 0.484237
-1.011467 -0.964594 -6.205045 187 216 115 0 0.299735 0.840189 0.451931
-1.312640 -0.841856 -6.340160 155 190 72 0 0.039610 0.975843 0.214853
-1.114609 -0.972846 -6.132846 192 227 144 0 0.110349 0.610599 0.784215
-1.219813 -0.844950 -6.363882 155 193 75 0 0.183218 0.975916 0.118406
-1.429189 -0.943966 -6.080244 156 190 98 0 0.144100 0.809633 0.568972
-1.124923 -0.842888 -6.432987 160 197 82 0 -0.016129 0.954113 0.299013
-0.945457 -0.925401 -6.308186 195 228 141 0 0.095475 0.683012 0.724140
-1.417844 -0.887238 -6.187510 153 192 74 0 0.001296 0.908224 0.418483
-1.410624 -0.884144 -6.196794 146 187 71 0 0.048282 0.983301 0.175463
-1.248692 -1.013071 -6.016296 201 225 129 0 0.150979 0.854568 0.496910
-1.411655 -0.972846 -6.046207 158 201 87 0 0.048557 0.855991 0.514705
-1.227033 -0.986254 -6.071992 191 217 107 0 0.330699 -0.559768 0.759801
-0.987745 -0.969751 -6.212265 186 219 129 0 0.243882 0.806209 0.539026
-1.095012 -0.934683 -6.210202 176 211 113 0 0.231203 0.856809 0.460894
-1.337394 -0.890333 -6.190605 152 192 80 0 0.198456 0.927537 0.316686
-1.149677 -0.910961 -6.225673 185 223 120 0 0.546673 0.784357 0.293143
-1.035190 -0.944997 -6.223610 173 210 102 0 0.364080 0.800334 0.476351
-0.983619 -0.889301 -6.349442 146 161 102 0 0.174808 0.835193 0.521435
-1.506545 -0.874861 -6.193699 69 75 54 0 0.745071 -0.666198 0.032394
-1.205373 -0.860422 -6.317468 163 203 88 0 0.126751 0.975101 0.181969
-1.320891 -0.933652 -6.107060 160 199 83 0 0.222243 0.823067 0.522655
-1.072321 -1.016165 -6.097778 196 229 139 0 0.064577 0.762011 0.644337
-1.520985 -0.942935 -6.100872 114 125 85 0 0.031764 0.841068 0.539996
-1.264163 -0.862484 -6.281369 160 198 77 0 0.046892 0.977512 0.205602
-1.226001 -0.873830 -6.263835 165 205 92 0 0.276164 0.910318 0.308310
-1.490043 -0.880018 -6.188542 156 193 74 0 0.070518 0.886318 0.457677
-1.376587 -0.848045 -6.298903 153 190 74 0 -0.205697 0.962977 0.174253
-1.114609 -0.901678 -6.263835 173 210 104 0 0.300466 0.870893 0.388928
-1.054787 -0.852170 -6.402045 93 125 29 0 -0.429708 0.848558 0.308707
-1.174430 -0.843919 -6.403076 147 187 64 0 0.143476 0.976887 0.158448
-1.512734 -0.904772 -6.131814 102 117 54 0 0.934313 -0.323363 -0.149985
-1.062006 -0.928495 -6.240112 178 214 109 0 0.397034 0.723227 0.565073
-0.973305 -0.989348 -6.187510 197 224 146 0 0.197375 0.871120 0.449658
-1.222907 -0.961500 -6.095715 182 214 105 0 0.055642 0.626334 0.777567
-1.103263 -0.911992 -6.245270 174 212 110 0 0.254323 0.911203 0.324080
-1.156896 -0.860422 -6.342223 161 202 87 0 0.158319 0.934773 0.318016
-1.394121 -0.850107 -6.303029 151 184 55 0 -0.158221 0.968623 0.191666
-1.351834 -1.000694 -6.012170 169 204 102 0 0.055072 0.909353 0.412365
-1.423001 -0.908898 -6.141098 145 186 67 0 0.001366 0.802126 0.597153
-1.300263 -0.858359 -6.278275 152 191 66 0 0.189942 0.952402 0.238437
-1.130080 -0.957375 -6.144191 179 207 103 0 0.434399 0.755690 0.490133
-0.940300 -1.016165 -6.175134 213 235 166 0 0.515261 0.679742 0.521975
-1.282729 -0.818134 -6.529940 155 177 59 0 -0.143415 0.987583 0.064129
-1.454975 -0.836699 -6.304060 152 179 55 0 0.142886 -0.960878 -0.237270
-1.121828 -0.935715 -6.192667 185 198 109 0 -0.054756 0.917490 0.393973
-1.501388 -0.870736 -6.183385 144 174 65 0 0.888679 -0.365926 0.276312
-1.511702 -0.984191 -6.055490 150 181 73 0 -0.183343 0.556089 0.810648
-1.233221 -0.854233 -6.322626 162 199 90 0 0.141713 0.954905 0.260910
-1.370399 -0.833605 -6.379354 155 184 57 0 -0.316754 0.930727 0.182796
-1.265195 -1.004820 -6.023516 190 220 125 0 0.046989 0.906208 0.420212
-0.973305 -0.963563 -6.229799 190 219 119 0 0.300640 0.705781 0.641473
-1.348739 -0.824322 -6.429893 157 185 58 0 -0.014820 0.986131 0.165305
-1.288917 -0.884144 -6.210202 159 189 82 0 -0.158221 0.968623 0.191666
-1.269320 -0.840825 -6.357694 162 197 77 0 0.103323 0.965622 0.238535
-1.408561 -0.855265 -6.280338 155 190 69 0 -0.039513 0.878819 0.475516
-1.012499 -0.973877 -6.185448 192 218 120 0 0.292696 0.824870 0.483652
-1.194027 -0.928495 -6.158631 174 211 101 0 0.294287 0.855127 0.426793
-1.256944 -0.890333 -6.188542 151 185 94 0 -0.688449 0.715214 -0.120441
-1.251786 -0.826385 -6.446395 150 185 72 0 0.355943 0.934189 0.024415
-0.918640 -0.961500 -6.261772 184 215 120 0 0.458484 0.688560 0.561852
-1.271383 -0.827416 -6.418547 158 189 68 0 0.125867 0.952617 0.276908
-1.274477 -0.909929 -6.157600 162 202 93 0 0.181572 0.893334 0.411079
-1.093980 -1.034730 -6.058584 172 190 123 0 0.409502 0.531202 0.741709
-1.436409 -0.873830 -6.216390 168 204 86 0 0.118916 0.967949 0.221209
