-3.64718199 0.40472999 -8.35017681 62 91 38 0.000000 0.365926 0.001266 0.930643
-3.51863289 0.12418000 -8.33367443 56 85 27 0.000000 0.365926 0.001266 0.930643
-3.40137506 0.39691299 -8.41966343 90 85 51 0.000000 0.344659 0.001253 0.938727
-3.68626904 0.21711700 -8.29371929 84 109 67 0.000000 0.716707 0.001381 0.697373
-3.39876890 0.23014601 -8.39968586 97 112 65 0.000000 0.487672 0.001329 0.873026
-3.54208493 0.28486699 -8.35799408 57 81 29 0.000000 0.449834 0.001311 0.893111
-3.74533200 0.32569000 -8.29979992 112 109 91 0.000000 0.584843 0.001363 0.811146
-3.52992511 0.40386200 -8.38144588 78 86 48 0.000000 0.188635 0.001143 0.982047
-3.41961503 0.12852301 -8.37189102 84 107 68 0.000000 0.657235 0.001378 0.753685
-3.61243892 0.14241999 -8.30414200 67 89 39 0.000000 0.456129 0.001314 0.889912
-3.44654107 0.31179199 -8.38492012 57 87 27 0.000000 0.108776 0.001077 0.994066
-3.64805102 0.31179199 -8.33193684 57 86 33 0.000000 0.365926 0.001266 0.930643
-3.48736405 0.20756300 -8.35973167 56 85 27 0.000000 0.326641 0.001242 0.945148
-3.60462189 0.22406600 -8.33280563 61 84 27 0.000000 0.487672 0.001329 0.873026
-3.58377600 0.35001001 -8.36233711 54 82 27 0.000000 0.157685 0.001118 0.987489
-3.72014308 0.38040999 -8.33627987 59 78 35 0.000000 0.347682 0.001255 0.937612
-3.46825600 0.37780401 -8.39794922 57 83 28 0.000000 0.234487 0.001178 0.972119
-3.55337596 0.18498001 -8.33801746 54 84 22 0.000000 0.106419 0.001075 0.994321
-3.59419894 0.41341600 -8.38492012 93 99 70 0.000000 0.125512 0.001091 0.992091
-3.51255298 0.33958700 -8.37623405 54 81 23 0.000000 0.220763 0.001168 0.975327
-3.71493196 0.27357501 -8.28677082 90 113 71 0.000000 0.711237 0.001381 0.702951
-3.48562694 0.26836401 -8.37102318 57 86 27 0.000000 0.191268 0.001145 0.981537
-3.47259808 0.15023699 -8.35886288 44 72 21 0.000000 0.350710 0.001257 0.936483
-3.42830110 0.18324301 -8.38318253 50 81 29 0.000000 0.842882 0.001349 0.538096
-3.65673709 0.25794101 -8.32064533 54 80 26 0.000000 0.311788 0.001232 0.950151
-3.55858803 0.10333400 -8.30153656 67 92 43 0.000000 -0.399807 0.001286 0.916599
-3.66542292 0.15805399 -8.30240536 105 95 41 0.000000 0.804402 0.001366 0.594083
-3.41006088 0.34653601 -8.40142345 98 82 60 0.000000 0.294171 0.001221 0.955752
-3.60288501 0.28660399 -8.34149075 59 84 27 0.000000 0.387428 0.001279 0.921899
-3.67063403 0.35869601 -8.33801746 62 91 34 0.000000 0.522373 0.001343 0.852716
-3.46043801 0.09985900 -8.35365105 39 64 25 0.000000 -0.072063 0.001044 0.997400
-3.40571809 0.28312901 -8.39621162 58 43 27 0.000000 0.651358 0.001377 0.758770
-3.54816508 0.23275200 -8.35017681 52 79 21 0.000000 0.178186 0.001135 0.983996
-3.44132900 0.24143800 -8.37970829 61 90 28 0.000000 0.160219 0.001120 0.987081
-3.69061089 0.31526700 -8.31717110 64 93 36 0.000000 0.311788 0.001232 0.950151
-3.65065694 0.20148300 -8.31630230 63 86 35 0.000000 0.421606 0.001297 0.906778
-3.49778700 0.08769900 -8.32151413 80 105 67 0.000000 0.591008 0.001365 0.806665
-3.62546802 0.35695899 -8.35191441 60 91 40 0.000000 0.362873 0.001264 0.931838
-3.57074809 0.31266099 -8.35538864 52 79 20 0.000000 0.074296 0.001046 0.997236
-3.57161593 0.15110600 -8.32759380 69 95 39 0.000000 0.268202 0.001203 0.963362
-3.69321704 0.40907300 -8.33975410 71 83 45 0.000000 0.063217 0.001036 0.997999
-3.56553602 0.38822699 -8.37623405 46 73 21 0.000000 0.097074 0.001067 0.995277
-3.58117104 0.25533500 -8.34409714 55 80 23 0.000000 0.074296 0.001046 0.997236
-3.60375404 0.17282000 -8.32498837 69 97 46 0.000000 0.268202 0.001203 0.963362
-3.51342201 0.18411100 -8.34757137 62 93 39 0.000000 -0.039563 0.001014 0.999217
-3.47780991 0.34393001 -8.38752556 60 86 29 0.000000 0.323658 0.001240 0.946173
-3.74185801 0.35435301 -8.32238293 72 77 48 0.000000 0.279674 0.001211 0.960094
-3.49431300 0.30310699 -8.37449741 56 86 23 0.000000 0.218041 0.001166 0.975939
-3.43525004 0.40386200 -8.41097736 73 88 38 0.000000 0.228974 0.001174 0.973432
-3.45175195 0.27531201 -8.37970829 53 81 23 0.000000 0.332624 0.001246 0.943059
-3.54990196 0.34566700 -8.36668015 51 78 20 0.000000 0.196558 0.001149 0.980491
-3.62112498 0.25880900 -8.33280563 59 88 27 0.000000 0.285453 0.001215 0.958392
-3.45956993 0.18498001 -8.37015438 49 79 24 0.000000 0.506611 0.001337 0.862174
-3.40919209 0.15805399 -8.39534283 107 109 82 0.000000 0.732842 0.001380 0.680398
-3.51602697 0.37259299 -8.38231468 56 84 24 0.000000 0.273924 0.001207 0.961751
-3.68626904 0.26836401 -8.30848503 72 99 48 0.000000 0.421606 0.001297 0.906778
-3.60201597 0.38388401 -8.37102318 68 97 44 0.000000 0.273924 0.001207 0.961751
-3.50907898 0.23275200 -8.36407471 53 81 21 0.000000 0.302950 0.001227 0.953006
-3.62633705 0.40994200 -8.37710285 93 105 66 0.000000 0.700167 0.001381 0.713977
-3.39876890 0.19713999 -8.39881706 92 100 69 0.000000 0.531813 0.001346 0.846861
-3.61765099 0.31787199 -8.34322834 57 85 34 0.000000 0.282560 0.001213 0.959249
-3.70798302 0.24143800 -8.28763962 76 98 53 0.000000 0.248404 0.001189 0.968656
-3.67671394 0.18411100 -8.28590202 51 63 35 0.000000 0.196558 0.001149 0.980491
-3.70885205 0.35174701 -8.32672501 58 84 35 0.000000 0.113516 0.001081 0.993536
-3.63849711 0.23188300 -8.32325077 58 86 30 0.000000 0.372047 0.001270 0.928213
-3.53774190 0.15718600 -8.33888531 66 95 38 0.000000 0.234487 0.001178 0.972119
-3.57943296 0.12591700 -8.30501080 51 77 20 0.000000 0.516071 0.001340 0.856545
-3.50126100 0.15023699 -8.34844017 61 90 37 0.000000 0.314746 0.001234 0.949175
-3.52471304 0.09464800 -8.30935383 69 81 52 0.000000 0.022971 0.000999 0.999736
-3.42395806 0.21624900 -8.39013195 59 90 31 0.000000 0.265352 0.001201 0.964151
-3.72187996 0.30745000 -8.30240536 92 111 70 0.000000 0.688930 0.001381 0.724826
-3.49257588 0.11549400 -8.34409714 60 91 44 0.000000 0.531813 0.001346 0.846861
-3.43611789 0.15197399 -8.37623405 52 82 31 0.000000 0.553762 0.001354 0.832674
-3.52818704 0.21190600 -8.34930801 56 84 27 0.000000 0.259673 0.001197 0.965696
-3.54295301 0.31613499 -8.36233711 62 91 34 0.000000 0.297091 0.001223 0.954848
-3.46043801 0.22146000 -8.37275982 57 86 28 0.000000 0.242814 0.001184 0.970072
-3.42482710 0.26402101 -8.38752556 58 88 27 0.000000 0.188635 0.001143 0.982047
-3.48649597 0.39951900 -8.39708042 120 116 88 0.000000 0.402911 0.001287 0.915238
-3.62459898 0.19192900 -8.32672501 79 95 45 0.000000 0.362873 0.001264 0.931838
-3.51602697 0.27704901 -8.36581135 53 81 22 0.000000 0.262509 0.001199 0.964929
-3.48910093 0.17282000 -8.35973167 48 76 21 0.000000 0.603278 0.001368 0.797530
-3.67671394 0.38562199 -8.33975410 55 84 33 0.000000 0.344659 0.001253 0.938727
-3.66802812 0.33090100 -8.33106804 56 84 29 0.000000 0.409130 0.001291 0.912475
-3.63936496 0.16152801 -8.30935383 89 98 67 0.000000 0.191268 0.001145 0.981537
-3.57769608 0.22840901 -8.34322834 59 84 32 0.000000 0.199215 0.001152 0.979955
-3.43611789 0.34479800 -8.39447403 54 86 25 0.000000 0.101730 0.001071 0.994811
-3.54208493 0.36998701 -8.37536621 51 80 22 0.000000 0.155160 0.001116 0.987889
-3.58203912 0.18671700 -8.33193684 60 88 29 0.000000 0.175594 0.001133 0.984462
-3.43525004 0.11462500 -8.35538864 66 95 50 0.000000 0.566240 0.001358 0.824239
-3.39876890 0.25794101 -8.40142345 87 68 46 0.000000 0.347682 0.001255 0.937612
-3.48215294 0.24230599 -8.37189102 57 87 24 0.000000 0.421606 0.001297 0.906778
-3.66629100 0.42123300 -8.34409714 77 88 50 0.000000 0.207235 0.001158 0.978290
-3.55077100 0.25794101 -8.35538864 63 88 34 0.000000 0.259673 0.001197 0.965696
-3.63849711 0.28834099 -8.33106804 56 83 32 0.000000 0.381263 0.001275 0.924466
-3.56727290 0.20582600 -8.34062290 65 96 45 0.000000 0.123096 0.001089 0.992394
-3.44567299 0.20235200 -8.38144588 59 87 27 0.000000 0.506611 0.001337 0.862174
-3.46999311 0.31961000 -8.38405132 56 84 23 0.000000 0.204554 0.001156 0.978855
-3.68018794 0.24491200 -8.30501080 69 96 42 0.000000 0.528668 0.001345 0.848828
-3.42482710 0.30050099 -8.38492012 57 77 28 0.000000 0.207235 0.001158 0.978290
-3.64718199 0.34827301 -8.34496593 64 95 43 0.000000 0.223492 0.001170 0.974705
-3.69495392 0.29094699 -8.31109142 68 96 44 0.000000 0.326641 0.001242 0.945148
-3.52297592 0.25186101 -8.35973167 57 87 26 0.000000 0.120688 0.001087 0.992690
-3.58117104 0.28139201 -8.35017681 58 84 24 0.000000 0.186011 0.001141 0.982547
-3.42656398 0.32395300 -8.38665771 65 82 34 0.000000 0.242814 0.001184 0.970072
-3.41179800 0.36911899 -8.40750313 105 110 72 0.000000 0.575560 0.001361 0.817758
-3.65673709 0.17890000 -8.30761623 103 115 94 0.000000 0.799835 0.001367 0.600218
-3.66021109 0.22232901 -8.31369686 75 101 48 0.000000 0.443546 0.001308 0.896251
-3.71753693 0.33263800 -8.31717110 66 89 41 0.000000 0.223492 0.001170 0.974705
-3.67323995 0.30050099 -8.32064533 59 87 35 0.000000 0.500299 0.001334 0.865851
-3.44567299 0.37519899 -8.40142345 60 89 30 0.000000 0.150135 0.001112 0.988665
-3.55858803 0.12418000 -8.31456566 52 83 22 0.000000 0.254023 0.001193 0.967197
-3.59419894 0.15284300 -8.31890774 60 88 33 0.000000 0.314746 0.001234 0.949175
-3.69842911 0.37346101 -8.33454227 55 82 28 0.000000 -0.008867 0.000985 0.999960
-3.59159398 0.30484399 -8.35104561 51 77 21 0.000000 0.262509 0.001199 0.964929
-3.63415408 0.42731300 -8.36494255 51 42 31 0.000000 0.984462 0.001133 0.175594
-3.56119299 0.40820500 -8.38318253 82 87 56 0.000000 -0.035367 0.001010 0.999374
-3.45435810 0.39517599 -8.40663433 73 91 40 0.000000 0.228974 0.001174 0.973432
-3.48041606 0.09812200 -8.34235954 60 86 41 0.000000 0.368984 0.001268 0.929435
-3.42308998 0.24317500 -8.39013195 57 83 26 0.000000 0.381263 0.001275 0.924466
-3.48823309 0.37519899 -8.39186859 60 87 30 0.000000 0.294171 0.001221 0.955752
-3.60201597 0.25446600 -8.33888531 60 87 30 0.000000 0.231726 0.001176 0.972780
-3.49604988 0.32742700 -8.37710285 57 83 26 0.000000 0.427862 0.001300 0.903843
-3.65499997 0.36998701 -8.34496593 56 86 32 0.000000 0.254023 0.001193 0.967197
-3.45870090 0.11983700 -8.35712528 45 73 22 0.000000 0.254023 0.001193 0.967197
-3.64023399 0.26836401 -8.32585716 53 82 26 0.000000 0.226229 0.001172 0.974073
-3.69756007 0.25533500 -8.29806232 80 109 61 0.000000 0.630540 0.001374 0.776155
-3.46565008 0.26141500 -8.37536621 57 87 28 0.000000 0.341642 0.001251 0.939829
-3.62633705 0.33785000 -8.34583378 63 93 40 0.000000 0.130369 0.001096 0.991465
-3.57595897 0.37172401 -8.37189102 50 77 25 0.000000 0.090153 0.001061 0.995927
-3.41961503 0.39170200 -8.41271496 61 89 27 0.000000 0.083307 0.001055 0.996523
-3.48562694 0.13807701 -8.35017681 61 91 38 0.000000 0.452981 0.001313 0.891519
-3.60288501 0.19192900 -8.33019924 56 83 27 0.000000 0.167869 0.001127 0.985809
-3.59419894 0.33437499 -8.35625744 61 89 40 0.000000 0.462431 0.001317 0.886654
-3.59767389 0.36390701 -8.36320591 66 95 46 0.000000 0.335625 0.001248 0.941995
-3.52123904 0.32308400 -8.37015438 53 81 22 0.000000 0.209925 0.001160 0.977717
-3.62720490 0.21624900 -8.32672501 64 91 33 0.000000 0.276796 0.001209 0.960928
-3.57161593 0.17021400 -8.33193684 58 87 28 0.000000 0.183394 0.001139 0.983039
-3.54555893 0.20495699 -8.34409714 55 86 29 0.000000 0.265352 0.001201 0.964151
-3.71406293 0.29181501 -8.29545689 98 120 79 0.000000 0.828486 0.001356 0.560008
-3.56640506 0.24491200 -8.34930801 56 80 26 0.000000 0.271059 0.001205 0.962562
-3.51255298 0.30571201 -8.37102318 61 87 29 0.000000 0.350710 0.001257 0.936483
-3.49691892 0.28312901 -8.37015438 54 83 22 0.000000 0.160219 0.001120 0.987081
-3.64370799 0.38648999 -8.35017681 70 101 51 0.000000 0.487672 0.001329 0.873026
-3.55771899 0.27704901 -8.35191441 63 90 35 0.000000 0.087863 0.001059 0.996132
-3.53166199 0.38562199 -8.37970829 50 77 21 0.000000 0.048051 0.001022 0.998844
-3.55511308 0.15718600 -8.33280563 66 94 40 0.000000 0.406019 0.001289 0.913864
-3.52731895 0.14241999 -8.33627987 59 89 32 0.000000 0.326641 0.001242 0.945148
-3.53079295 0.26836401 -8.35973167 55 80 28 0.000000 0.155160 0.001116 0.987889
-3.50039291 0.39170200 -8.38839436 60 82 31 0.000000 0.356781 0.001261 0.934187
-3.66542292 0.20061401 -8.30587959 83 105 64 0.000000 0.509765 0.001338 0.860313
-3.41787791 0.19627200 -8.39013195 49 77 25 0.000000 0.415362 0.001294 0.909655
-3.49952412 0.36303899 -8.38492012 58 86 25 0.000000 0.285453 0.001215 0.958392
-3.46738696 0.28399801 -8.37797165 53 83 22 0.000000 0.500299 0.001334 0.865851
-3.45435810 0.32742700 -8.38752556 58 88 26 0.000000 0.016879 0.000993 0.999857
-3.51168394 0.21103700 -8.35538864 55 83 29 0.000000 0.294171 0.001221 0.955752
-3.42222095 0.14241999 -8.38231468 59 84 37 0.000000 0.418483 0.001296 0.908224
-3.54295301 0.10854500 -8.30761623 54 83 24 0.000000 0.372047 0.001270 0.928213
-3.74185801 0.33785000 -8.31195927 67 76 52 0.000000 0.173011 0.001131 0.984919
-3.63936496 0.18671700 -8.31890774 94 113 68 0.000000 0.406019 0.001289 0.913864
-3.46304393 0.30397499 -8.38057709 55 78 21 0.000000 0.127937 0.001093 0.991782
-3.54555893 0.39691299 -8.37797165 55 77 26 0.000000 0.155160 0.001116 0.987889
-3.66368604 0.40386200 -8.34496593 52 78 27 0.000000 0.279674 0.001211 0.960094
-3.47867799 0.36043301 -8.39273739 58 88 31 0.000000 0.356781 0.001261 0.934187
-3.69234896 0.34827301 -8.32933140 58 86 35 0.000000 0.065416 0.001038 0.997858
-3.62894201 0.39951900 -8.36407471 79 108 60 0.000000 0.594083 0.001366 0.804402
-3.68887401 0.33090100 -8.32325077 59 85 33 0.000000 0.300017 0.001225 0.953933
-3.43872404 0.12852301 -8.36407471 48 78 24 0.000000 0.285453 0.001215 0.958392
-3.47780991 0.12331100 -8.34930801 58 91 40 0.000000 0.058843 0.001032 0.998267
-3.52992511 0.18671700 -8.34757137 54 83 24 0.000000 0.372047 0.001270 0.928213
-3.48996997 0.19106001 -8.35973167 54 84 28 0.000000 0.160219 0.001120 0.987081
-3.52905607 0.11636200 -8.32325077 55 84 32 0.000000 0.459279 0.001316 0.888291
-3.59333110 0.13460299 -8.30240536 63 89 36 0.000000 0.031203 0.001007 0.999513
-3.71927500 0.36564401 -8.32933140 64 86 43 0.000000 0.268202 0.001203 0.963362
-3.65847397 0.24230599 -8.31630230 56 82 28 0.000000 0.356781 0.001261 0.934187
-3.60983396 0.41167900 -8.38144588 96 111 65 0.000000 0.186011 0.001141 0.982547
-3.43698692 0.29007801 -8.38318253 56 83 24 0.000000 0.183394 0.001139 0.983039
-3.55858803 0.35869601 -8.37015438 49 78 20 0.000000 0.223492 0.001170 0.974705
-3.60027909 0.20930000 -8.33627987 61 84 29 0.000000 0.234487 0.001178 0.972119
-3.46651793 0.24317500 -8.37362862 57 87 25 0.000000 0.209925 0.001160 0.977717
-3.46912408 0.39691299 -8.40142345 102 104 68 0.000000 0.209925 0.001160 0.977717
-3.64023399 0.33090100 -8.34409714 47 76 21 0.000000 0.135260 0.001100 0.990809
-3.66368604 0.27183801 -8.31977654 51 79 25 0.000000 0.365926 0.001266 0.930643
-3.60722804 0.30136999 -8.34322834 56 84 27 0.000000 0.406019 0.001289 0.913864
-3.60462189 0.39778200 -8.37710285 59 86 33 0.000000 0.534955 0.001347 0.844879
-3.62633705 0.23883200 -8.32933140 60 87 30 0.000000 0.285453 0.001215 0.958392
-3.50386691 0.11202000 -8.33454227 55 83 34 0.000000 0.665988 0.001379 0.745961
-3.42743206 0.16326600 -8.38144588 54 81 33 0.000000 0.421606 0.001297 0.906778
-3.47259808 0.10854500 -8.35104561 52 84 36 0.000000 0.065416 0.001038 0.997858
-3.57769608 0.39691299 -8.37797165 51 77 20 0.000000 -0.099398 0.001069 0.995047
-3.52905607 0.23883200 -8.35538864 53 81 23 0.000000 0.125512 0.001091 0.992091
-3.72622299 0.32047799 -8.30848503 91 108 72 0.000000 0.406019 0.001289 0.913864
-3.52731895 0.16587099 -8.34496593 55 84 24 0.000000 0.226229 0.001172 0.974073
-3.67758298 0.41167900 -8.34322834 57 75 30 0.000000 0.183394 0.001139 0.983039
-3.51950192 0.10593900 -8.31890774 69 99 53 0.000000 0.713977 0.001381 0.700167
-3.44654107 0.22493500 -8.37623405 55 85 29 0.000000 0.193909 0.001147 0.981019
-3.66021109 0.30310699 -8.32672501 53 82 28 0.000000 0.285453 0.001215 0.958392
-3.60114789 0.32308400 -8.35017681 56 84 32 0.000000 0.399807 0.001286 0.916599
-3.50126100 0.17890000 -8.35451984 48 76 21 0.000000 0.449834 0.001311 0.893111
-3.66194797 0.31787199 -8.32933140 54 82 28 0.000000 0.254023 0.001193 0.967197
-3.62286210 0.30484399 -8.33975410 63 91 38 0.000000 0.265352 0.001201 0.964151
-3.62720490 0.16500300 -8.31630230 67 86 43 0.000000 0.223492 0.001170 0.974705
-3.50820994 0.13981400 -8.34149075 59 89 35 0.000000 0.335625 0.001248 0.941995
-3.67150307 0.22146000 -8.30501080 75 99 51 0.000000 0.560008 0.001356 0.828486
-3.67584610 0.25880900 -8.31022263 77 102 48 0.000000 0.639507 0.001375 0.768784
-3.71753693 0.25186101 -8.28590202 89 93 64 0.000000 0.350710 0.001257 0.936483
-3.55858803 0.13547100 -8.32325077 60 89 31 0.000000 0.440405 0.001307 0.897798
-3.44219804 0.26575801 -8.38405132 60 90 28 0.000000 0.104070 0.001073 0.994569
-3.56553602 0.11462500 -8.30674839 59 87 35 0.000000 0.215328 0.001164 0.976541
-3.41092896 0.22059201 -8.39360619 58 87 29 0.000000 0.285453 0.001215 0.958392
-3.57422209 0.33958700 -8.36146832 53 82 26 0.000000 0.170436 0.001129 0.985368
-3.48041606 0.30223799 -8.37710285 53 79 23 0.000000 0.160219 0.001120 0.987081
-3.70971990 0.38996401 -8.33627987 62 84 40 0.000000 -0.212622 0.001162 0.977134
-3.46912408 0.13199700 -8.35625744 50 80 27 0.000000 0.412244 0.001292 0.911072
-3.72448611 0.29963201 -8.29024506 107 121 90 0.000000 0.822094 0.001359 0.569351
-3.70971990 0.30831799 -8.30935383 70 95 47 0.000000 0.387428 0.001279 0.921899
-3.50994706 0.09377900 -8.32498837 66 94 47 0.000000 -0.418483 0.001296 0.908224
-3.43177509 0.23275200 -8.38665771 60 89 31 0.000000 0.326641 0.001242 0.945148
-3.46825600 0.21016900 -8.37015438 59 88 32 0.000000 0.459279 0.001316 0.888291
-3.67150307 0.19279701 -8.29545689 87 108 71 0.000000 0.727510 0.001380 0.686096
-3.54903293 0.16847700 -8.33801746 53 81 29 0.000000 0.359825 0.001263 0.933019
-3.68540001 0.36911899 -8.33541107 57 86 35 0.000000 0.228974 0.001174 0.973432
-3.61157107 0.16326600 -8.31890774 63 87 37 0.000000 0.285453 0.001215 0.958392
-3.50820994 0.35348400 -8.38057709 55 81 28 0.000000 0.273924 0.001207 0.961751
-3.68974304 0.38388401 -8.33627987 64 92 41 0.000000 0.130369 0.001096 0.991465
-3.54034805 0.35695899 -8.37189102 53 80 24 0.000000 0.288352 0.001217 0.957524
-3.40919209 0.25099200 -8.39621162 75 95 44 0.000000 0.465583 0.001319 0.885003
-3.58898807 0.23535800 -8.34062290 87 110 59 0.000000 0.372047 0.001270 0.928213
-3.58030200 0.11288800 -8.30153656 71 81 44 0.000000 0.140185 0.001104 0.990125
-3.57856488 0.30136999 -8.35191441 52 78 22 0.000000 0.191268 0.001145 0.981537
-3.66455412 0.37954199 -8.34496593 58 89 39 0.000000 0.248404 0.001189 0.968656
-3.56901097 0.18758599 -8.33541107 59 87 30 0.000000 0.196558 0.001149 0.980491
-3.60549092 0.26749501 -8.33888531 59 87 29 0.000000 0.449834 0.001311 0.893111
-3.61678195 0.22927800 -8.33019924 62 91 34 0.000000 0.199215 0.001152 0.979955
-3.61330795 0.33524400 -8.34757137 59 89 36 0.000000 0.372047 0.001270 0.928213
-3.68105698 0.29094699 -8.31543255 64 91 39 0.000000 0.412244 0.001292 0.911072
-3.63154793 0.20408900 -8.32325077 76 98 41 0.000000 0.320681 0.001238 0.947186
-3.41006088 0.14415701 -8.38752556 78 86 53 0.000000 0.335625 0.001248 0.941995
-3.54382205 0.26923200 -8.35712528 67 90 38 0.000000 0.323658 0.001240 0.946173
-3.53774190 0.25533500 -8.35625744 64 94 40 0.000000 0.320681 0.001238 0.947186
-3.46043801 0.17195100 -8.36754894 45 75 20 0.000000 0.500299 0.001334 0.865851
-3.60809708 0.15197399 -8.31282806 63 91 34 0.000000 0.297091 0.001223 0.954848
-3.70450902 0.40212500 -8.34062290 69 82 43 0.000000 -0.127937 0.001093 0.991782
-3.45349002 0.24664900 -8.37884045 58 89 26 0.000000 0.248404 0.001189 0.968656
-3.65065694 0.28747201 -8.32585716 57 85 32 0.000000 0.323658 0.001240 0.946173
-3.69234896 0.24317500 -8.29806232 72 100 45 0.000000 0.481358 0.001326 0.876523
-3.57769608 0.14241999 -8.31977654 58 87 32 0.000000 0.311788 0.001232 0.950151
-3.47346711 0.27270600 -8.37362862 58 88 29 0.000000 0.207235 0.001158 0.978290
-3.43177509 0.25272900 -8.38752556 60 88 29 0.000000 0.509765 0.001338 0.860313
-3.49257588 0.24751800 -8.36581135 54 83 23 0.000000 0.500299 0.001334 0.865851
-3.64110303 0.42036501 -8.35625744 111 115 83 0.000000 0.609379 0.001369 0.792878
-3.52992511 0.13026001 -8.33106804 58 88 34 0.000000 0.180786 0.001137 0.983522
-3.57422209 0.40907300 -8.38231468 82 89 52 0.000000 -0.008867 0.000985 0.999960
-3.70537710 0.28312901 -8.29979992 81 108 57 0.000000 0.600218 0.001367 0.799835
-3.48475790 0.15197399 -8.35451984 49 76 23 0.000000 0.259673 0.001197 0.965696
-3.63936496 0.15110600 -8.30153656 94 102 58 0.000000 0.186011 0.001141 0.982547
-3.72796011 0.35695899 -8.32498837 84 102 67 0.000000 0.186011 0.001141 0.982547
-3.65586805 0.42818201 -8.34757137 75 96 30 0.000000 0.317711 0.001236 0.948187
-3.44827795 0.15284300 -8.37189102 50 79 27 0.000000 0.300017 0.001225 0.953933
-3.64805102 0.22146000 -8.31803989 61 88 30 0.000000 0.291258 0.001219 0.956644
-3.62633705 0.28920901 -8.33541107 52 81 31 0.000000 0.285453 0.001215 0.958392
-3.59246206 0.37346101 -8.37015438 58 86 36 0.000000 0.083307 0.001055 0.996523
-3.41874599 0.17716300 -8.38926315 58 83 35 0.000000 0.597153 0.001366 0.802126
-3.41527200 0.32829499 -8.39099979 88 99 56 0.000000 0.468736 0.001320 0.883337
-3.60896492 0.36998701 -8.36407471 60 89 37 0.000000 0.365926 0.001266 0.930643
-3.62025690 0.42123300 -8.37797165 111 91 73 0.000000 0.329630 0.001244 0.944109
-3.48736405 0.29094699 -8.37362862 54 83 22 0.000000 0.240031 0.001182 0.970765
-3.44567299 0.33698100 -8.39099979 57 85 22 0.000000 0.050193 0.001024 0.998739
-3.70624590 0.32655799 -8.31717110 67 92 39 0.000000 0.226229 0.001172 0.974073
-3.50299907 0.29442099 -8.37102318 51 81 21 0.000000 0.285453 0.001215 0.958392
-3.62633705 0.17976899 -8.32325077 64 84 35 0.000000 0.188635 0.001143 0.982047
-3.40398097 0.20843200 -8.39621162 64 89 39 0.000000 0.406019 0.001289 0.913864
-3.60462189 0.24230599 -8.33627987 61 88 30 0.000000 0.262509 0.001199 0.964929
-3.64457703 0.17542601 -8.31630230 143 145 112 0.000000 0.387428 0.001279 0.921899
-3.54555893 0.29702699 -8.35886288 61 87 33 0.000000 0.215328 0.001164 0.976541
-3.49691892 0.22927800 -8.36407471 58 85 25 0.000000 0.145143 0.001108 0.989410
-3.40832400 0.23709500 -8.39534283 65 92 35 0.000000 0.335625 0.001248 0.941995
-3.48128390 0.31613499 -8.37970829 51 81 23 0.000000 0.204554 0.001156 0.978855
-3.46130705 0.36738101 -8.39708042 59 90 32 0.000000 0.305890 0.001228 0.952066
-3.66542292 0.34740400 -8.33627987 59 88 36 0.000000 0.443546 0.001308 0.896251
-3.54468989 0.32829499 -8.36494255 61 86 28 0.000000 0.297091 0.001223 0.954848
-3.52558208 0.15371101 -8.34149075 66 93 38 0.000000 0.282560 0.001213 0.959249
-3.60114789 0.34479800 -8.35625744 57 86 33 0.000000 0.399807 0.001286 0.916599
-3.47520399 0.25272900 -8.37189102 55 85 24 0.000000 0.421606 0.001297 0.906778
-3.64892006 0.32395300 -8.33454227 58 88 38 0.000000 0.262509 0.001199 0.964929
