-2.73741007 -0.06224500 -6.60991096 123 139 57 0.000000 -0.294171 0.001221 0.955752
-2.62695289 0.11663700 -7.04000902 132 127 79 0.000000 -0.390517 0.001280 0.920595
-2.87328196 0.06092000 -6.86308193 105 126 76 0.000000 0.372047 0.001270 0.928213
-2.50085592 0.00422500 -6.79368019 162 191 115 0.000000 -0.125512 0.001091 0.992091
-2.69830990 0.02377500 -6.78097200 89 121 47 0.000000 -0.152643 0.001114 0.988281
-2.80583501 0.14596200 -7.01068401 153 175 122 0.000000 0.636526 0.001375 0.771254
-2.48717093 0.05701000 -6.95496702 148 177 110 0.000000 0.132811 0.001098 0.991141
-2.60153794 -0.03878500 -6.68419981 82 95 71 0.000000 0.905318 0.001299 0.424733
-2.70319700 0.06776200 -6.92075396 98 136 53 0.000000 0.446689 0.001310 0.894688
-2.82636189 0.00911200 -6.74969292 67 76 52 0.000000 0.992394 0.001089 -0.123096
-2.59274006 0.03648200 -6.87481213 88 128 43 0.000000 0.135260 0.001100 0.990809
-2.88696694 0.11468200 -6.95496702 59 73 40 0.000000 0.282560 0.001213 0.959249
-2.77357697 0.04821200 -6.84842014 83 121 42 0.000000 0.497143 0.001333 0.867668
-2.60055995 0.00520200 -6.77608490 94 133 54 0.000000 0.639507 0.001375 0.768784
-2.74131989 -0.00359500 -6.69690800 79 116 45 0.000000 0.636526 0.001375 0.771254
-2.58003306 0.07460500 -6.96962881 104 140 58 0.000000 0.201881 0.001154 0.979409
-2.71785998 0.11370400 -7.00286388 112 152 77 0.000000 0.368984 0.001268 0.929435
-2.80094695 0.08829000 -6.92857504 95 135 55 0.000000 0.415362 0.001294 0.909655
-2.46957588 -0.00164000 -6.89045191 82 109 52 0.000000 0.991141 0.001098 0.132811
-2.67289495 -0.02510000 -6.64998817 92 130 40 0.000000 -0.753685 0.001378 0.657235
-2.68267012 0.04234700 -6.85233021 128 152 82 0.000000 0.575560 0.001361 0.817758
-2.65627789 -0.00457300 -6.72036791 89 126 50 0.000000 0.248404 0.001189 0.968656
-2.54582000 -0.02901000 -6.73991823 98 112 77 0.000000 0.550634 0.001353 0.834745
-2.65236807 0.08144700 -6.97451687 134 145 82 0.000000 0.864020 0.001335 0.503455
-2.52920294 0.01888700 -6.85526180 79 118 39 0.000000 0.691755 0.001381 0.722131
-2.83515906 0.03061700 -6.81420803 80 116 39 0.000000 -0.522373 0.001343 0.852716
-2.76869011 0.02377500 -6.78097200 83 121 44 0.000000 0.365926 0.001266 0.930643
-2.54679799 0.04528000 -6.91782188 103 141 59 0.000000 0.427862 0.001300 0.903843
-2.63379502 0.05798700 -6.91879892 89 128 43 0.000000 0.160219 0.001120 0.987081
-2.52627110 0.09513200 -6.99015713 84 107 52 0.000000 -0.087863 0.001059 0.996132
-2.79019499 -0.00066300 -6.66367292 99 103 78 0.000000 0.972119 0.001178 -0.234487
-2.63672805 0.02279700 -6.81909513 81 120 42 0.000000 -0.191268 0.001145 0.981537
-2.73936510 0.09122200 -6.95692205 93 132 59 0.000000 0.288352 0.001217 0.957524
-2.75500488 0.06874000 -6.90413713 87 128 50 0.000000 0.142660 0.001106 0.989771
-2.85959697 0.08926700 -6.91586685 90 130 45 0.000000 0.186011 0.001141 0.982547
-2.55559492 0.00813500 -6.80540991 95 132 53 0.000000 0.142660 0.001106 0.989771
-2.73447704 -0.02901000 -6.65096617 96 132 59 0.000000 0.039563 0.001014 0.999217
-2.83906889 0.11956900 -6.97647190 99 137 62 0.000000 0.273924 0.001207 0.961751
-2.58394289 0.10784000 -7.00970697 102 132 62 0.000000 -0.390517 0.001280 0.920595
-2.82440710 0.06483000 -6.87579012 82 119 46 0.000000 0.323658 0.001240 0.946173
-2.72958994 0.03648200 -6.82691479 98 134 59 0.000000 0.756234 0.001377 0.654300
-2.75402689 0.14009701 -7.02534723 56 74 31 0.000000 0.052343 0.001026 0.998629
-2.79312706 0.00129200 -6.71352482 79 99 51 0.000000 -0.985809 0.001127 0.167869
-2.67191696 0.10881700 -7.02045918 123 157 92 0.000000 0.412244 0.001292 0.911072
-2.48130608 -0.00457300 -6.84255505 66 84 43 0.000000 0.940919 0.001250 0.338631
-2.77846503 0.11174900 -6.97842693 107 147 68 0.000000 0.314746 0.001234 0.949175
-2.71297193 0.00715700 -6.73405313 81 117 45 0.000000 -0.776155 0.001374 0.630540
-2.61131310 -0.01239300 -6.72916508 109 146 75 0.000000 0.490829 0.001330 0.871255
-2.59176302 0.02084200 -6.83082485 87 124 45 0.000000 0.459279 0.001316 0.888291
-2.65334511 0.00813500 -6.76435518 84 122 46 0.000000 0.648407 0.001377 0.761293
-2.69342208 -0.01141500 -6.69495296 82 119 41 0.000000 -0.162760 0.001122 0.986665
-2.46859789 0.02573000 -6.92857504 79 97 54 0.000000 0.920595 0.001280 0.390517
-2.77553201 -0.03878500 -6.61382103 116 117 99 0.000000 0.538096 0.001349 0.842882
-2.53409100 0.06092000 -6.95790005 95 134 54 0.000000 0.248404 0.001189 0.968656
-2.72372508 0.05407700 -6.87579012 85 124 47 0.000000 0.478202 0.001325 0.878249
-2.63965988 0.04137000 -6.87774515 86 122 47 0.000000 0.288352 0.001217 0.957524
-2.51356292 0.02573000 -6.89631701 105 144 66 0.000000 0.615457 0.001371 0.788169
-2.58882999 0.05310000 -6.92173195 101 135 65 0.000000 0.061026 0.001034 0.998136
-2.75989199 0.01204500 -6.74089479 78 115 40 0.000000 -0.317711 0.001236 0.948187
-2.64259291 -0.01923500 -6.68322277 89 125 51 0.000000 0.677534 0.001380 0.735490
-2.69440007 0.08144700 -6.95790005 102 140 58 0.000000 0.226229 0.001172 0.974073
-2.79312706 0.03452700 -6.81127501 76 112 34 0.000000 -0.516071 0.001340 0.856545
-2.62890792 0.09415500 -7.00384188 97 128 55 0.000000 -0.108776 0.001077 0.994066
-2.58101010 -0.03585200 -6.71938992 151 186 116 0.000000 0.575560 0.001361 0.817758
-2.61913300 0.06971700 -6.95301199 107 140 66 0.000000 0.050193 0.001024 0.998739
-2.81560898 0.01009000 -6.78879309 142 158 107 0.000000 -0.022971 0.000999 -0.999736
-2.67973804 0.05407700 -6.88751984 97 125 54 0.000000 0.085581 0.001057 0.996331
-2.53897810 -0.00750500 -6.77608490 106 145 61 0.000000 0.142660 0.001106 0.989771
-2.58003306 -0.01337000 -6.74871492 115 153 79 0.000000 0.209925 0.001160 0.977717
-2.70613003 -0.04758200 -6.62261820 151 178 102 0.000000 -0.245605 0.001186 0.969369
-2.82245207 0.04821200 -6.84353304 88 126 49 0.000000 -0.037461 0.001012 0.999298
-2.55754995 0.03355000 -6.88263178 97 133 57 0.000000 0.584843 0.001363 0.811146
-2.83711410 0.09806500 -6.94225883 98 138 58 0.000000 0.452981 0.001313 0.891519
-2.68657994 0.02964000 -6.81420803 136 165 97 0.000000 0.456129 0.001314 0.889912
-2.79215002 0.06874000 -6.89045191 81 120 46 0.000000 0.512919 0.001339 0.858436
-2.66898489 0.06580700 -6.92759705 162 175 116 0.000000 0.002938 0.000979 0.999995
-2.85373211 0.13520899 -7.00384188 70 84 52 0.000000 0.456129 0.001314 0.889912
-2.86741710 0.03550500 -6.84060001 58 67 43 0.000000 0.999736 0.000999 0.022971
-2.73643208 0.02475200 -6.79270315 83 121 42 0.000000 -0.108776 0.001077 0.994066
-2.71883702 0.13814200 -7.02632380 118 136 94 0.000000 0.677534 0.001380 0.735490
-2.70417500 -0.02216700 -6.66367292 86 123 41 0.000000 -0.399807 0.001286 0.916599
-2.51160789 0.03941500 -6.92662001 114 152 76 0.000000 0.434129 0.001304 0.900850
-2.81169891 0.10784000 -6.96278715 95 134 60 0.000000 0.137718 0.001102 0.990471
-2.79117203 0.01302200 -6.74969292 78 115 39 0.000000 -0.471891 0.001322 0.881656
-2.75207210 0.12152400 -6.99895382 107 150 69 0.000000 0.273924 0.001207 0.961751
-2.64943504 0.03257200 -6.84842014 81 120 41 0.000000 0.106419 0.001075 0.994321
-2.66312003 0.01888700 -6.79270315 82 120 41 0.000000 0.665988 0.001379 0.745961
-2.52529311 0.01009000 -6.82496023 87 124 41 0.000000 0.778585 0.001373 0.627537
-2.75891495 0.08242500 -6.93346214 92 132 59 0.000000 0.378186 0.001273 0.925729
-2.76282501 0.03746000 -6.82007313 88 126 48 0.000000 0.178186 0.001135 0.983996
-2.76086998 -0.01337000 -6.67442608 95 133 65 0.000000 0.399807 0.001286 0.916599
-2.85959697 0.07851500 -6.88654184 111 150 71 0.000000 0.193909 0.001147 0.981019
-2.78042006 0.09513200 -6.95203400 97 137 65 0.000000 0.406019 0.001289 0.913864
-2.87230396 0.13032199 -6.97744894 123 137 81 0.000000 0.624527 0.001373 -0.781002
-2.61326790 0.02964000 -6.85135221 91 127 54 0.000000 0.201881 0.001154 0.979409
-2.55852795 0.02279700 -6.84646511 87 128 46 0.000000 0.730182 0.001380 0.683251
-2.60349298 0.08535700 -6.98624706 96 129 55 0.000000 0.415362 0.001294 0.909655
-2.63086295 0.01106700 -6.78488302 81 119 43 0.000000 0.173011 0.001131 0.984919
-2.67093992 0.13032199 -7.04196405 124 146 78 0.000000 0.697373 0.001381 0.716707
-2.49694610 0.01204500 -6.87481213 110 149 74 0.000000 0.879960 0.001323 0.475046
-2.72568011 0.01400000 -6.76044512 84 122 45 0.000000 -0.196558 0.001149 0.980491
-2.67876005 0.00422500 -6.73796320 78 115 42 0.000000 0.300017 0.001225 0.953933
-2.75500488 0.05994200 -6.87579012 97 135 56 0.000000 -0.069839 0.001042 0.997558
-2.74327493 0.04625700 -6.85135221 86 126 47 0.000000 0.043791 0.001018 0.999040
-2.75402689 -0.05051500 -6.63141584 79 97 53 0.000000 0.982547 0.001141 0.186011
-2.85470891 0.02573000 -6.79270315 60 63 47 0.000000 -0.231726 0.001176 -0.972780
-2.55559492 0.09220000 -6.99015713 97 132 63 0.000000 0.155160 0.001116 0.987889
-2.80876708 0.12347900 -6.98722410 98 136 61 0.000000 0.002938 0.000979 0.999995
-2.62304306 0.00031500 -6.75262499 93 129 56 0.000000 0.399807 0.001286 0.916599
-2.58589792 0.01009000 -6.80443192 86 123 49 0.000000 0.735490 0.001380 0.677534
-2.72958994 0.07460500 -6.93053007 87 126 49 0.000000 0.372047 0.001270 0.928213
-2.68853498 0.09904200 -6.99895382 130 163 96 0.000000 0.347682 0.001255 0.937612
-2.51160789 0.06483000 -6.97549391 91 127 53 0.000000 0.271059 0.001205 0.962562
-2.88207889 0.09220000 -6.93346214 79 95 59 0.000000 0.412244 0.001292 0.911072
-2.71101689 0.04137000 -6.84842014 95 132 56 0.000000 0.639507 0.001375 0.768784
-2.52138305 -0.02803200 -6.75458002 63 74 52 0.000000 0.390517 0.001280 0.920595
-2.62108803 -0.02803200 -6.66660500 65 78 49 0.000000 0.785794 0.001371 0.618487
-2.56634808 -0.00164000 -6.78097200 89 126 52 0.000000 0.150135 0.001112 0.988665
-2.56146002 0.06287500 -6.95105696 106 144 62 0.000000 0.735490 0.001380 0.677534
-2.63183999 -0.01434800 -6.70863819 105 142 68 0.000000 0.506611 0.001337 0.862174
-2.84493399 0.05016700 -6.86014986 145 162 95 0.000000 0.931838 0.001264 -0.362873
-2.49596810 0.01106700 -6.82007313 83 121 39 0.000000 0.999131 0.001016 0.041673
-2.48521590 0.01888700 -6.90804720 129 166 88 0.000000 0.651358 0.001377 0.758770
-2.61228991 0.01693200 -6.80443192 87 126 47 0.000000 0.378186 0.001273 0.925729
-2.72861195 0.10099700 -6.98135900 121 158 81 0.000000 0.294171 0.001221 0.955752
-2.81854200 0.07656000 -6.89925003 97 137 58 0.000000 0.251210 0.001191 0.967932
-2.65432310 0.09024500 -7.01263905 105 104 88 0.000000 0.925729 0.001273 -0.378186
-2.64943504 0.10099700 -7.04098701 127 90 87 0.000000 0.939829 0.001251 -0.341642
-2.76086998 0.00324700 -6.71352482 83 120 49 0.000000 0.101730 0.001071 0.994811
-2.69537711 0.01497700 -6.75555801 96 128 54 0.000000 0.560008 0.001356 0.828486
-2.50672102 0.01009000 -6.84451008 99 137 58 0.000000 0.691755 0.001381 0.722131
-2.72274709 0.06385200 -6.90022707 113 149 72 0.000000 0.578659 0.001362 0.815569
-2.61228991 0.04430200 -6.89045191 84 123 43 0.000000 0.320681 0.001238 0.947186
-2.77651000 0.12934400 -7.00286388 110 152 65 0.000000 0.311788 0.001232 0.950151
-2.77944207 0.07851500 -6.91782188 99 138 62 0.000000 0.396706 0.001284 0.917945
-2.66409802 -0.01239300 -6.69593000 88 126 51 0.000000 0.378186 0.001273 0.925729
-2.69342208 0.12934400 -7.02925682 146 173 120 0.000000 0.475046 0.001323 0.879960
-2.86155200 0.11174900 -6.95692205 120 154 87 0.000000 -0.150135 0.001112 0.988665
-2.66409802 0.02670700 -6.82593679 76 111 36 0.000000 0.456129 0.001314 0.889912
-2.64454794 0.07069500 -6.95105696 91 127 45 0.000000 0.341642 0.001251 0.939829
-2.82342911 0.02866200 -6.77315283 126 153 78 0.000000 0.920595 0.001280 -0.390517
-2.73545504 -0.01434800 -6.67442608 93 131 57 0.000000 -0.137718 0.001102 0.990471
-2.59567308 0.06385200 -6.94519186 82 119 42 0.000000 0.106419 0.001075 0.994321
-2.71688199 -0.00261800 -6.70375109 87 124 48 0.000000 0.279674 0.001211 0.960094
-2.82538390 0.08829000 -6.92173195 95 135 56 0.000000 0.207235 0.001158 0.978290
-2.60251498 0.11468200 -7.02534723 115 140 74 0.000000 -0.645448 0.001376 0.763803
-2.65725493 0.05505500 -6.90804720 92 121 48 0.000000 0.248404 0.001189 0.968656
-2.78042006 -0.00555000 -6.68810987 92 125 61 0.000000 -0.115898 0.001083 0.993261
-2.80583501 0.05701000 -6.86014986 87 125 51 0.000000 0.022971 0.000999 0.999736
-2.69440007 -0.03194200 -6.63923502 93 130 38 0.000000 -0.575560 0.001361 0.817758
-2.57221293 0.04137000 -6.90120506 102 138 65 0.000000 0.375114 0.001272 0.926978
-2.55266309 0.07362700 -6.97158384 96 135 59 0.000000 0.010858 0.000987 0.999941
-2.79312706 0.02475200 -6.78488302 75 113 35 0.000000 -0.550634 0.001353 0.834745
-2.75891495 -0.03096500 -6.65096617 107 131 87 0.000000 0.248404 0.001189 0.968656
-2.74816203 0.01888700 -6.76826477 76 113 38 0.000000 0.251210 0.001191 0.967932
-2.65139008 -0.02119000 -6.66073990 102 133 57 0.000000 0.917945 0.001284 0.396706
-2.67289495 -0.01923500 -6.67442608 81 119 38 0.000000 0.228974 0.001174 0.973432
-2.75598192 0.10197500 -6.97060680 111 147 74 0.000000 0.302950 0.001227 0.953006
-2.67191696 0.08340200 -6.98820210 158 170 94 0.000000 0.916599 0.001286 -0.399807
-2.53213501 0.02768500 -6.88165522 93 132 53 0.000000 0.811146 0.001363 0.584843
-2.71004009 0.02768500 -6.81225300 86 124 46 0.000000 0.356781 0.001261 0.934187
-2.63379502 -0.00652800 -6.73209810 98 136 58 0.000000 0.531813 0.001346 0.846861
-2.83124900 0.13716400 -7.00970697 91 103 73 0.000000 0.099398 0.001069 0.995047
-2.55754995 -0.01532500 -6.75458002 104 142 65 0.000000 0.356781 0.001261 0.934187
-2.69830990 0.09122200 -6.97940397 94 134 56 0.000000 0.509765 0.001338 0.860313
-2.86350703 0.02768500 -6.81909513 61 67 52 0.000000 -0.240031 0.001182 0.970765
-2.47250795 0.03746000 -6.94812393 73 95 46 0.000000 0.572458 0.001360 0.819933
-2.62499809 0.08242500 -6.97842693 88 125 45 0.000000 0.300017 0.001225 0.953933
-2.52333808 -0.00066300 -6.79270315 94 131 50 0.000000 -0.311788 0.001232 0.950151
-2.71688199 0.09024500 -6.96474218 94 134 56 0.000000 0.556887 0.001355 0.830587
-2.51551795 -0.01239300 -6.77021980 127 160 91 0.000000 0.347682 0.001255 0.937612
-2.61424494 0.02182000 -6.82691479 82 120 46 0.000000 0.688930 0.001381 0.724826
-2.87914705 0.08731200 -6.89436197 104 119 85 0.000000 0.956644 0.001219 -0.291258
-2.66605306 0.04234700 -6.86796999 95 124 52 0.000000 0.421606 0.001297 0.906778
-2.70124197 0.05114500 -6.87676716 92 131 56 0.000000 0.437266 0.001305 0.899331
-2.79117203 0.04528000 -6.83473492 76 113 36 0.000000 0.031203 0.001007 0.999513
-2.60935807 -0.02314500 -6.70961523 119 158 83 0.000000 0.844879 0.001347 0.534955
-2.73350000 0.00618000 -6.72525501 76 113 40 0.000000 -0.282560 0.001213 0.959249
-2.72763491 -0.04758200 -6.62848282 121 150 63 0.000000 -0.130369 0.001096 0.991465
-2.81072211 0.00422500 -6.73503017 75 95 44 0.000000 0.201881 0.001154 0.979409
-2.51747298 0.05114500 -6.94421387 100 138 60 0.000000 0.332624 0.001246 0.943059
-2.67289495 0.07753700 -6.95790005 111 142 71 0.000000 0.145143 0.001108 0.989410
-2.60642505 0.10002000 -7.00970697 87 123 43 0.000000 -0.078785 0.001050 0.996891
-2.65139008 0.07362700 -6.99895382 72 78 71 0.000000 0.912475 0.001291 0.409130
-2.67876005 0.06092000 -6.90804720 92 124 48 0.000000 -0.594083 0.001366 0.804402
-2.79606009 0.00911200 -6.68517780 129 139 95 0.000000 0.995277 0.001067 -0.097074
-2.69440007 0.11370400 -7.01459408 121 161 89 0.000000 0.560008 0.001356 0.828486
-2.53213501 0.03452700 -6.90218210 104 143 61 0.000000 0.484515 0.001327 0.874782
-2.57123494 0.01693200 -6.82691479 83 122 43 0.000000 0.130369 0.001096 0.991465
-2.81267691 0.02866200 -6.80540991 78 115 35 0.000000 -0.522373 0.001343 0.852716
-2.78237510 0.14205199 -7.01850414 86 113 54 0.000000 0.031203 0.001007 0.999513
-2.57807803 0.09513200 -6.99406719 86 124 47 0.000000 -0.228974 0.001174 0.973432
-2.70124197 0.00031500 -6.71743488 95 128 58 0.000000 0.097074 0.001067 0.995277
-2.62988496 0.11956900 -7.06053591 80 44 28 0.000000 0.449834 0.001311 0.893111
-2.78042006 0.05701000 -6.86601496 89 128 54 0.000000 0.175594 0.001133 0.984462
-2.63868308 0.10393000 -7.02339220 116 126 65 0.000000 -0.215328 0.001164 0.976541
-2.68071508 0.01595500 -6.77021980 78 115 38 0.000000 0.743362 0.001379 0.668888
-2.63086295 0.04919000 -6.89827204 85 125 42 0.000000 0.115898 0.001083 0.993261
-2.80387902 0.01888700 -6.76826477 80 116 35 0.000000 -0.660161 0.001378 0.751123
-2.75598192 -0.05344700 -6.60795593 166 172 133 0.000000 0.368984 0.001268 -0.929435
-2.77162194 0.06776200 -6.88947487 96 135 54 0.000000 0.305890 0.001228 0.952066
-2.84004688 0.01693200 -6.77608490 66 70 56 0.000000 0.806665 0.001365 0.591008
-2.58882999 -0.02021200 -6.73014307 121 161 91 0.000000 0.544370 0.001351 0.838844
-2.53018093 0.07753700 -6.98038197 127 163 95 0.000000 0.183394 0.001139 0.983039
-2.54093289 0.01595500 -6.83668995 90 130 45 0.000000 0.556887 0.001355 0.830587
-2.71785998 0.08047000 -6.94616890 107 145 67 0.000000 0.418483 0.001296 0.908224
-2.59958291 -0.00848300 -6.74578285 107 144 71 0.000000 0.674661 0.001380 0.738126
-2.62108803 -0.02412200 -6.69299793 109 147 80 0.000000 0.948187 0.001236 0.317711
-2.56537008 0.11370400 -7.00384188 110 127 82 0.000000 -0.341642 0.001251 0.939829
-2.69635510 0.05896500 -6.89827204 90 129 50 0.000000 0.456129 0.001314 0.889912
-2.61522293 0.05407700 -6.91195679 89 128 46 0.000000 0.506611 0.001337 0.862174
-2.85959697 0.09708700 -6.93444014 88 124 49 0.000000 0.031203 0.001007 0.999513
-2.83809209 0.07851500 -6.89533901 96 136 54 0.000000 0.365926 0.001266 0.930643
-2.51551795 0.01888700 -6.87188005 104 144 62 0.000000 0.716707 0.001381 0.697373
-2.65920997 0.00324700 -6.74187279 84 122 47 0.000000 0.633537 0.001374 0.773712
-2.69146800 0.07167200 -6.93639517 93 133 53 0.000000 0.390517 0.001280 0.920595
-2.76966691 0.01693200 -6.75751305 79 115 41 0.000000 0.113516 0.001081 0.993536
-2.53409100 0.04919000 -6.93346214 103 142 64 0.000000 0.627537 0.001373 0.778585
-2.54484296 0.02475200 -6.86601496 92 129 53 0.000000 0.642481 0.001376 0.766300
-2.58198810 0.03061700 -6.85917187 87 124 45 0.000000 0.108776 0.001077 0.994066
-2.72177005 0.01986500 -6.77901697 91 127 50 0.000000 -0.406019 0.001289 0.913864
-2.67387199 -0.00555000 -6.71156979 79 115 44 0.000000 0.654300 0.001377 0.756234
-2.73154497 0.12543400 -7.01068401 125 164 85 0.000000 0.393609 0.001282 0.919277
-2.64063811 0.08731200 -6.98917913 103 128 56 0.000000 0.045917 0.001020 0.998945
-2.71297193 -0.01434800 -6.67931318 97 132 61 0.000000 0.563126 0.001357 0.826370
-2.77259994 -0.02021200 -6.65976286 59 73 44 0.000000 0.449834 0.001311 0.893111
-2.69635510 0.03257200 -6.83082485 98 130 62 0.000000 0.004907 0.000981 0.999987
-2.84004688 0.04039200 -6.84060001 80 115 38 0.000000 -0.183394 0.001139 0.983039
-2.71297193 -0.03487500 -6.64412308 90 127 42 0.000000 -0.237255 0.001180 0.971447
-2.64748001 0.12152400 -7.04880714 106 54 59 0.000000 0.848828 0.001345 0.528668
-2.49499106 0.04137000 -6.93639517 120 161 79 0.000000 0.362873 0.001264 0.931838
-2.60153794 0.07753700 -6.96865177 94 132 49 0.000000 0.054502 0.001028 0.998513
-2.56439304 -0.02412200 -6.73796320 110 148 71 0.000000 0.160219 0.001120 0.987081
-2.59274006 0.04625700 -6.90413713 86 125 46 0.000000 0.506611 0.001337 0.862174
-2.47641802 -0.00457300 -6.86112690 109 128 79 0.000000 0.987889 0.001116 0.155160
-2.59469509 -0.03487500 -6.70570517 146 184 117 0.000000 0.844879 0.001347 0.534955
-2.56634808 0.05701000 -6.93346214 93 131 52 0.000000 0.317711 0.001236 0.948187
-2.62597489 0.06287500 -6.93541718 88 129 45 0.000000 0.402911 0.001287 0.915238
-2.62011003 0.03941500 -6.87383509 83 121 40 0.000000 0.170436 0.001129 0.985368
-2.66214299 0.04723500 -6.88654184 91 125 53 0.000000 0.697373 0.001381 0.716707
-2.58101010 -0.00359500 -6.76924276 94 133 55 0.000000 0.396706 0.001284 0.917945
-2.79312706 0.10490700 -6.96376419 98 138 57 0.000000 0.209925 0.001160 0.977717
-2.81658697 0.03648200 -6.82202721 76 111 34 0.000000 0.067624 0.001040 0.997710
-2.49205804 0.02964000 -6.92173195 112 152 73 0.000000 0.427862 0.001300 0.903843
-2.67973804 -0.04269500 -6.64314604 47 63 15 0.000000 0.108776 0.001077 -0.994066
-2.74229693 0.01497700 -6.74578285 89 127 48 0.000000 0.058843 0.001032 0.998267
-2.80387902 0.01497700 -6.71938992 129 150 81 0.000000 0.683251 0.001380 -0.730182
-2.74425197 0.03452700 -6.81616306 95 132 53 0.000000 0.522373 0.001343 0.852716
-2.49303603 0.00715700 -6.85623980 107 147 69 0.000000 0.956644 0.001219 0.291258
-2.80485702 0.07949200 -6.91098022 97 136 63 0.000000 0.276796 0.001209 0.960928
-2.84200191 0.08731200 -6.91195679 96 136 50 0.000000 0.490829 0.001330 0.871255
-2.83906889 0.01693200 -6.79465818 86 113 48 0.000000 -0.074296 0.001046 0.997236
-2.48521590 0.01204500 -6.89142895 123 162 82 0.000000 0.826370 0.001357 0.563126
-2.78921700 0.12445700 -6.99113417 99 139 60 0.000000 0.259673 0.001197 0.965696
-2.73545504 0.11272700 -6.99308920 111 152 72 0.000000 0.427862 0.001300 0.903843
-2.49401307 0.06678500 -6.97256184 150 181 112 0.000000 -0.465583 0.001319 0.885003
-2.72274709 -0.02216700 -6.66269493 98 134 56 0.000000 0.268202 0.001203 0.963362
-2.86057401 0.04723500 -6.85233021 83 107 51 0.000000 -0.285453 0.001215 0.958392
-2.47055292 0.00911200 -6.90902519 129 143 109 0.000000 0.916599 0.001286 0.399807
-2.79703689 0.09513200 -6.94616890 90 129 53 0.000000 0.265352 0.001201 0.964151
-2.78139710 0.08633500 -6.93346214 96 138 58 0.000000 0.347682 0.001255 0.937612
-2.62792993 0.02670700 -6.83668995 87 125 47 0.000000 0.081042 0.001052 0.996710
-2.70515203 0.10099700 -6.99211216 126 161 85 0.000000 0.421606 0.001297 0.906778
-2.63379502 0.03648200 -6.86210489 83 121 44 0.000000 0.456129 0.001314 0.889912
-2.67973804 0.03159500 -6.83571196 114 138 69 0.000000 0.353743 0.001259 0.935342
-2.68560195 0.02279700 -6.79270315 79 109 38 0.000000 0.802126 0.001366 0.597153
-2.82831693 0.11272700 -6.96474218 105 144 63 0.000000 0.031203 0.001007 0.999513
-2.74131989 0.07167200 -6.91391182 89 129 50 0.000000 0.724826 0.001381 0.688930
-2.73936510 0.05994200 -6.88263178 97 133 58 0.000000 0.645448 0.001376 0.763803
-2.80779004 0.06874000 -6.88360977 86 125 47 0.000000 0.329630 0.001244 0.944109
-2.73741007 0.14009701 -7.02143717 90 105 65 0.000000 -0.308835 0.001230 0.951115
-2.54191089 0.01106700 -6.81518507 86 123 44 0.000000 0.686096 0.001380 0.727510
-2.48130608 0.00422500 -6.87481213 123 158 87 0.000000 0.946173 0.001240 0.323658
-2.82733893 0.05896500 -6.86014986 93 132 53 0.000000 -0.142660 0.001106 0.989771
-2.66898489 0.02182000 -6.80834198 77 115 39 0.000000 0.541234 0.001350 0.840871
-2.60935807 0.05994200 -6.93444014 91 128 50 0.000000 0.165311 0.001125 0.986241
-2.72568011 0.02768500 -6.80540991 87 125 40 0.000000 0.125512 0.001091 0.992091
-2.65041304 0.05994200 -6.92270899 83 119 40 0.000000 0.279674 0.001211 0.960094
-2.59664989 0.02768500 -6.84939718 81 121 39 0.000000 0.516071 0.001340 0.856545
-2.78628397 0.00911200 -6.73405313 72 109 34 0.000000 -0.587928 0.001364 0.808912
-2.84200191 0.10784000 -6.95496702 103 143 64 0.000000 0.196558 0.001149 0.980491
-2.50965309 0.00715700 -6.81127501 83 121 39 0.000000 -0.956644 0.001219 -0.291258
-2.55754995 -0.03585200 -6.72818804 165 189 145 0.000000 0.475046 0.001323 0.879960
-2.67289495 0.09806500 -7.00481892 102 137 67 0.000000 0.341642 0.001251 0.939829
-2.76478004 -0.00457300 -6.69397497 89 126 55 0.000000 -0.074296 0.001046 0.997236
-2.82733893 0.12836701 -6.99602222 112 145 74 0.000000 -0.108776 0.001077 0.994066
-2.65236807 0.01986500 -6.80540991 89 125 49 0.000000 0.478202 0.001325 0.878249
-2.76184702 0.02768500 -6.79563522 82 119 46 0.000000 0.462431 0.001317 0.886654
-2.87914705 0.08731200 -6.91098022 81 95 64 0.000000 0.921899 0.001279 0.387428
-2.57123494 0.08242500 -6.98135900 88 126 49 0.000000 -0.212622 0.001162 0.977134
-2.77944207 0.03159500 -6.80247688 82 120 42 0.000000 0.399807 0.001286 0.916599
-2.58101010 0.00324700 -6.78683805 88 126 53 0.000000 0.519223 0.001342 0.854638
-2.69733191 0.00911200 -6.73893976 97 130 61 0.000000 0.856545 0.001340 0.516071
-2.85079908 0.06776200 -6.87774515 96 133 59 0.000000 0.291258 0.001219 0.956644
-2.81365395 0.09904200 -6.94910192 94 133 56 0.000000 0.167869 0.001127 0.985809
-2.76184702 0.09513200 -6.95692205 95 134 59 0.000000 0.063217 0.001036 0.997999
-2.68267012 0.08829000 -6.97549391 101 141 61 0.000000 0.220763 0.001168 0.975327
-2.51649594 0.07949200 -6.98917913 57 75 25 0.000000 -0.106419 0.001075 0.994321
-2.75402689 0.11077200 -6.98429203 99 139 62 0.000000 0.242814 0.001184 0.970072
-2.66605306 0.01497700 -6.77706194 86 123 42 0.000000 0.440405 0.001307 0.897798
-2.50378799 -0.00555000 -6.77901697 178 204 136 0.000000 0.207235 0.001158 0.978290
-2.62792993 0.01693200 -6.79954481 83 122 41 0.000000 0.362873 0.001264 0.931838
-2.61815500 0.08829000 -6.99211216 116 143 70 0.000000 0.575560 0.001361 -0.817758
-2.85373211 0.03257200 -6.83082485 80 110 39 0.000000 -0.886654 0.001317 0.462431
-2.85275412 0.08535700 -6.90022707 98 138 52 0.000000 0.522373 0.001343 0.852716
-2.72568011 0.04528000 -6.85330677 91 131 51 0.000000 0.677534 0.001380 0.735490
-2.80387902 0.04919000 -6.84353304 86 124 47 0.000000 0.067624 0.001040 0.997710
-2.56341600 0.02670700 -6.86112690 89 128 49 0.000000 0.338631 0.001250 0.940919
-2.70417500 0.02573000 -6.79563522 83 118 48 0.000000 -0.848828 0.001345 0.528668
-2.53018093 0.04039200 -6.91684389 106 146 63 0.000000 0.516071 0.001340 0.856545
-2.80779004 0.02377500 -6.79074812 79 116 34 0.000000 -0.594083 0.001366 0.804402
-2.76184702 -0.03878500 -6.62164116 180 190 128 0.000000 0.778585 0.001373 -0.627537
-2.84982204 0.12543400 -6.99211216 96 120 69 0.000000 -0.012857 0.000989 0.999917
-2.76478004 0.05603200 -6.86405993 94 133 54 0.000000 0.427862 0.001300 0.903843
-2.71004009 0.12054700 -7.01459408 122 161 90 0.000000 0.375114 0.001272 0.926978
-2.82049704 0.01400000 -6.76337814 82 116 36 0.000000 -0.894688 0.001310 0.446689
-2.51160789 0.05798700 -6.95692205 100 139 57 0.000000 0.256844 0.001195 0.966452
-2.68560195 0.00129200 -6.72427797 77 113 41 0.000000 0.636526 0.001375 0.771254
-2.73936510 0.00129200 -6.71156979 83 120 44 0.000000 -0.025017 0.001001 0.999686
-2.66800809 0.11859200 -7.03218889 126 157 103 0.000000 0.519223 0.001342 0.854638
-2.70124197 0.04430200 -6.86014986 98 133 63 0.000000 0.193909 0.001147 0.981019
-2.72274709 -0.05735700 -6.61088800 139 166 84 0.000000 -0.446689 0.001310 0.894688
-2.79801393 0.00031500 -6.69886303 66 73 57 0.000000 0.500299 0.001334 0.865851
-2.81658697 0.01888700 -6.74284983 136 156 84 0.000000 0.915238 0.001287 -0.402911
-2.54875302 0.03843700 -6.90413713 100 136 60 0.000000 0.356781 0.001261 0.934187
-2.53115797 -0.01532500 -6.76533318 116 154 78 0.000000 0.147635 0.001110 0.989041
-2.74522996 0.08731200 -6.94323683 140 172 117 0.000000 0.563126 0.001357 0.826370
-2.53702307 0.00324700 -6.79856682 93 128 53 0.000000 0.090153 0.001061 0.995927
-2.66605306 0.08829000 -6.97353888 101 136 57 0.000000 0.196558 0.001149 0.980491
-2.80387902 0.13520899 -6.99993181 107 143 72 0.000000 0.000978 0.000978 0.999999
-2.68853498 -0.01630300 -6.68126822 82 118 40 0.000000 0.437266 0.001305 0.899331
-2.67484999 0.07362700 -6.94323683 89 122 48 0.000000 -0.624527 0.001373 0.781002
-2.49205804 0.00911200 -6.80540991 97 113 90 0.000000 0.974073 0.001172 0.226229
-2.49401307 0.00715700 -6.83473492 95 131 54 0.000000 0.864020 0.001335 -0.503455
-2.63868308 0.00618000 -6.76826477 78 114 45 0.000000 0.936483 0.001257 0.350710
-2.59371805 0.01595500 -6.81616306 89 126 48 0.000000 0.368984 0.001268 0.929435
-2.87914705 0.04234700 -6.84744215 74 78 63 0.000000 0.008867 0.000985 -0.999960
-2.75793695 0.07460500 -6.91782188 84 123 49 0.000000 0.226229 0.001172 0.974073
-2.75207210 -0.00750500 -6.68517780 83 120 48 0.000000 0.341642 0.001251 0.939829
-2.65920997 0.07362700 -6.94910192 152 161 104 0.000000 0.654300 0.001377 0.756234
-2.76575708 0.00715700 -6.72721100 79 116 41 0.000000 0.004907 0.000981 0.999987
-2.64552498 0.01204500 -6.78195000 79 118 42 0.000000 0.642481 0.001376 0.766300
-2.77944207 0.00520200 -6.72134495 76 112 37 0.000000 0.002938 0.000979 0.999995
-2.87230396 0.11859200 -6.96474218 141 168 115 0.000000 0.359825 0.001263 0.933019
-2.65334511 0.10393000 -7.02045918 147 148 99 0.000000 0.509765 0.001338 0.860313
-2.69146800 -0.04074000 -6.62750578 171 192 121 0.000000 0.092452 0.001063 0.995717
-2.55363989 -0.00750500 -6.77315283 97 136 58 0.000000 0.302950 0.001227 0.953006
-2.74131989 0.10099700 -6.97353888 130 166 94 0.000000 0.446689 0.001310 0.894688
-2.67093992 -0.00066300 -6.72623301 79 115 43 0.000000 0.456129 0.001314 0.889912
-2.56146002 0.04723500 -6.91586685 106 142 65 0.000000 0.341642 0.001251 0.939829
-2.68657994 -0.02510000 -6.65585279 85 123 38 0.000000 -0.083307 0.001055 0.996523
-2.72665691 0.06971700 -6.91684389 91 130 54 0.000000 0.434129 0.001304 0.900850
-2.58589792 0.06971700 -6.95692205 92 132 48 0.000000 0.226229 0.001172 0.974073
-2.70613003 0.07265000 -6.93444014 95 133 52 0.000000 0.478202 0.001325 0.878249
-2.69049001 0.03257200 -6.86014986 144 166 82 0.000000 0.949175 0.001234 -0.314746
-2.71688199 0.00911200 -6.74969292 89 125 53 0.000000 0.396706 0.001284 0.917945
-2.64454794 0.00324700 -6.75360298 82 120 49 0.000000 0.033281 0.001009 0.999445
-2.57514501 0.06189700 -6.94421387 92 131 49 0.000000 0.152643 0.001114 0.988281
-2.66018701 0.09220000 -6.98722410 108 134 62 0.000000 0.560008 0.001356 0.828486
-2.75402689 0.01595500 -6.75458002 81 119 42 0.000000 -0.418483 0.001296 0.908224
-2.56830311 0.00324700 -6.79465818 82 120 46 0.000000 0.178186 0.001135 0.983996
-2.79312706 0.11370400 -6.97549391 105 146 65 0.000000 0.350710 0.001257 0.936483
-2.67973804 0.04723500 -6.86699200 128 151 81 0.000000 0.456129 0.001314 0.889912
-2.66507506 0.03746000 -6.85428476 94 128 50 0.000000 0.353743 0.001259 0.935342
-2.67289495 0.01009000 -6.75946808 82 120 41 0.000000 0.642481 0.001376 0.766300
-2.71199489 0.05798700 -6.89240694 81 120 45 0.000000 0.085581 0.001057 0.996331
-2.59371805 -0.00457300 -6.75849009 104 142 65 0.000000 0.456129 0.001314 0.889912
-2.60642505 0.00129200 -6.76337814 98 137 59 0.000000 0.730182 0.001380 0.683251
-2.54191089 0.08829000 -6.98722410 115 151 79 0.000000 0.160219 0.001120 0.987081
-2.73643208 0.05310000 -6.86894703 83 122 46 0.000000 0.180786 0.001137 0.983522
-2.71004009 0.06385200 -6.90707016 116 152 74 0.000000 -0.127937 0.001093 0.991782
-2.87914705 0.08047000 -6.88165522 115 141 90 0.000000 0.648407 0.001377 0.761293
-2.59078503 0.04234700 -6.89045191 89 127 48 0.000000 0.332624 0.001246 0.943059
-2.63086295 -0.02803200 -6.68322277 147 169 87 0.000000 -0.135260 0.001100 -0.990809
-2.76086998 0.04528000 -6.84255505 84 123 46 0.000000 0.228974 0.001174 0.973432
-2.52627110 0.01302200 -6.84255505 93 131 52 0.000000 0.621510 0.001372 0.783405
-2.57416797 0.01204500 -6.81225300 85 121 47 0.000000 0.544370 0.001351 0.838844
-2.64259291 0.04723500 -6.89045191 98 133 58 0.000000 0.002938 0.000979 0.999995
-2.63281798 0.07265000 -6.95887709 88 125 45 0.000000 0.196558 0.001149 0.980491
-2.83222699 0.03550500 -6.82984686 81 119 36 0.000000 -0.248404 0.001189 0.968656
-2.63965988 -0.00946000 -6.71938992 97 136 61 0.000000 0.660161 0.001378 0.751123
-2.78628397 0.05310000 -6.85233021 91 128 54 0.000000 -0.547504 0.001352 0.836802
-2.77748704 -0.00750500 -6.65585279 161 173 111 0.000000 0.478202 0.001325 -0.878249
-2.61424494 -0.03194200 -6.67833614 116 134 89 0.000000 0.850780 0.001344 0.525521
-2.63672805 -0.02119000 -6.67051601 95 127 56 0.000000 0.919277 0.001282 0.393609
-2.76966691 0.14791700 -7.01948214 194 205 172 0.000000 -0.033281 0.001009 0.999445
-2.83515906 0.07167200 -6.88165522 98 138 60 0.000000 0.199215 0.001152 0.979955
-2.76282501 0.12934400 -7.00579691 108 151 69 0.000000 0.317711 0.001236 0.948187
-2.85959697 0.06092000 -6.86601496 106 143 69 0.000000 -0.120688 0.001087 0.992690
-2.74522996 0.12836701 -7.01068401 111 151 77 0.000000 0.341642 0.001251 0.939829
-2.55754995 0.01693200 -6.82984686 89 127 46 0.000000 0.430994 0.001302 0.902354
-2.76966691 0.10393000 -6.96865177 108 145 69 0.000000 0.157685 0.001118 0.987489
-2.72274709 0.04039200 -6.84060001 92 130 54 0.000000 0.165311 0.001125 0.986241
-2.57514501 0.04821200 -6.91293478 97 131 57 0.000000 0.279674 0.001211 0.960094
-2.78335190 0.04137000 -6.82398176 86 124 45 0.000000 0.434129 0.001304 0.900850
-2.83906889 0.01888700 -6.76240015 68 80 53 0.000000 0.569351 0.001359 -0.822094
-2.65920997 -0.02705500 -6.64901114 92 111 64 0.000000 0.427862 0.001300 0.903843
-2.75109506 -0.01923500 -6.66660500 96 134 62 0.000000 0.201881 0.001154 0.979409
-2.57123494 0.06874000 -6.95887709 109 144 62 0.000000 0.813364 0.001362 0.581753
-2.61717796 0.01009000 -6.78390503 84 123 45 0.000000 0.581753 0.001362 0.813364
-2.84982204 0.02866200 -6.81811810 92 122 51 0.000000 -0.427862 0.001300 0.903843
-2.85275412 0.12054700 -6.97647190 104 138 67 0.000000 0.572458 0.001360 0.819933
-2.63575006 0.03159500 -6.84842014 80 118 45 0.000000 0.732842 0.001380 0.680398
-2.75500488 0.02377500 -6.77999496 86 123 44 0.000000 0.560008 0.001356 0.828486
-2.72568011 -0.01043800 -6.68322277 91 129 55 0.000000 -0.083307 0.001055 0.996523
-2.65236807 0.11468200 -7.03805399 169 159 129 0.000000 0.226229 0.001172 0.974073
-2.82440710 0.01693200 -6.78097200 82 115 36 0.000000 -0.541234 0.001350 0.840871
-2.76869011 0.07167200 -6.91000223 82 120 46 0.000000 0.359825 0.001263 0.933019
-2.82733893 0.02768500 -6.80345488 78 114 34 0.000000 -0.291258 0.001219 0.956644
-2.65334511 0.09317700 -6.99895382 178 182 130 0.000000 0.683251 0.001380 0.730182
-2.74034190 -0.04465000 -6.63239288 114 145 61 0.000000 -0.245605 0.001186 0.969369
-2.60055995 0.09415500 -6.99895382 90 125 46 0.000000 -0.137718 0.001102 0.990471
-2.78921700 0.06287500 -6.87872219 88 126 52 0.000000 0.145143 0.001108 0.989410
-2.71394992 0.00324700 -6.72134495 86 123 48 0.000000 0.947186 0.001238 0.320681
-2.62206507 0.00422500 -6.76533318 90 128 51 0.000000 0.140185 0.001104 0.990125
-2.86546206 0.12445700 -6.98722410 78 89 60 0.000000 0.624527 0.001373 0.781002
-2.81169891 0.06385200 -6.86992502 95 133 55 0.000000 -0.302950 0.001227 0.953006
-2.78139710 0.00324700 -6.70766020 77 111 39 0.000000 0.988665 0.001112 0.150135
-2.51356292 0.00813500 -6.83082485 85 124 43 0.000000 -0.268202 0.001203 0.963362
-2.77846503 -0.01141500 -6.67638111 108 136 81 0.000000 -0.372047 0.001270 0.928213
-2.78823900 0.01888700 -6.77412987 78 115 38 0.000000 -0.076536 0.001048 0.997066
-2.56048298 0.10295200 -6.99602222 117 146 78 0.000000 -0.271059 0.001205 0.962562
-2.65236807 -0.01825700 -6.69201994 103 134 63 0.000000 0.061026 0.001034 0.998136
-2.64259291 -0.00066300 -6.73991823 84 122 51 0.000000 0.719425 0.001381 0.694569
-2.79899192 0.02964000 -6.79856682 81 118 39 0.000000 -0.338631 0.001250 0.940919
-2.70417500 0.08731200 -6.96571922 97 138 59 0.000000 0.512919 0.001339 0.858436
-2.69049001 0.04723500 -6.88458681 84 104 67 0.000000 0.344659 0.001253 0.938727
-2.54679799 0.06385200 -6.95692205 99 137 61 0.000000 0.002938 0.000979 0.999995
-2.53702307 0.05603200 -6.94616890 108 146 67 0.000000 0.320681 0.001238 0.947186
-2.75500488 0.04919000 -6.85623980 79 118 43 0.000000 0.201881 0.001154 0.979409
-2.85079908 0.10099700 -6.94323683 100 138 62 0.000000 -0.072063 0.001044 0.997400
-2.69928694 0.03746000 -6.84451008 133 163 108 0.000000 0.285453 0.001215 0.958392
-2.83711410 0.09220000 -6.92564201 89 130 48 0.000000 0.256844 0.001195 0.966452
-2.70515203 -0.00652800 -6.69984102 103 135 68 0.000000 0.719425 0.001381 0.694569
-2.55363989 0.05505500 -6.93248510 99 138 55 0.000000 0.311788 0.001232 0.950151
-2.80387902 0.00227000 -6.72427797 81 92 65 0.000000 -0.406019 0.001289 0.913864
-2.68657994 -0.00359500 -6.71156979 78 113 40 0.000000 0.522373 0.001343 0.852716
-2.80583501 0.01400000 -6.75653505 79 117 35 0.000000 0.819933 0.001360 0.572458
-2.84395695 0.11272700 -6.96669722 101 141 64 0.000000 0.271059 0.001205 0.962562
-2.70906210 0.03452700 -6.83082485 94 131 60 0.000000 0.409130 0.001291 0.912475
-2.52529311 0.00422500 -6.80443192 86 124 46 0.000000 0.356781 0.001261 0.934187
-2.62108803 0.01986500 -6.81323004 83 121 44 0.000000 0.165311 0.001125 0.986241
-2.61228991 -0.00555000 -6.73991823 99 137 63 0.000000 0.120688 0.001087 0.992690
-2.65139008 0.02573000 -6.82496023 88 126 43 0.000000 0.683251 0.001380 0.730182
-2.58296490 0.02377500 -6.83962202 82 121 43 0.000000 -0.150135 0.001112 0.988665
-2.78432989 0.07362700 -6.90707016 84 123 47 0.000000 0.578659 0.001362 0.815569
-2.81267691 0.08731200 -6.92075396 98 137 62 0.000000 0.362873 0.001264 0.931838
-2.66409802 -0.01630300 -6.68322277 81 118 43 0.000000 0.056668 0.001030 0.998393
-2.68657994 0.07460500 -6.94812393 95 134 58 0.000000 0.228974 0.001174 0.973432
-2.76282501 0.14791700 -7.03023386 66 26 20 0.000000 0.879960 0.001323 0.475046
-2.51063108 0.02964000 -6.90804720 108 149 70 0.000000 0.745961 0.001379 0.665988
-2.79508209 0.14009701 -7.00775099 126 165 88 0.000000 0.597153 0.001366 0.802126
-2.46468806 0.00031500 -6.90218210 103 137 67 0.000000 0.766300 0.001376 0.642481
-2.62011003 -0.01728000 -6.71254778 112 150 75 0.000000 0.660161 0.001378 0.751123
-2.74229693 0.02182000 -6.77901697 79 116 41 0.000000 0.503455 0.001335 0.864020
-2.54191089 -0.02216700 -6.74969292 126 158 92 0.000000 0.493986 0.001331 0.869469
-2.63965988 -0.01532500 -6.69886303 101 140 65 0.000000 0.326641 0.001242 0.945148
-2.70906210 0.01497700 -6.75751305 84 120 44 0.000000 -0.409130 0.001291 0.912475
-2.61717796 0.11663700 -7.03218889 115 139 76 0.000000 -0.534955 0.001347 0.844879
-2.47544098 0.01888700 -6.91586685 174 200 132 0.000000 0.660161 0.001378 0.751123
-2.78921700 0.01693200 -6.76142311 76 112 38 0.000000 0.294171 0.001221 0.955752
-2.77162194 0.01302200 -6.74578285 77 114 37 0.000000 0.390517 0.001280 0.920595
-2.59469509 0.00911200 -6.79563522 87 126 49 0.000000 0.465583 0.001319 0.885003
-2.79312706 0.05798700 -6.86796999 89 128 52 0.000000 0.228974 0.001174 0.973432
-2.49694610 0.02573000 -6.91098022 113 154 74 0.000000 0.528668 0.001345 0.848828
-2.73056698 0.01009000 -6.74969292 82 120 44 0.000000 0.412244 0.001292 0.911072
-2.62792993 0.10197500 -7.01752710 93 122 51 0.000000 -0.101730 0.001071 0.994811
-2.66116500 0.06971700 -6.93639517 162 168 107 0.000000 0.500299 0.001334 0.865851
-2.60544801 0.03355000 -6.86014986 85 124 43 0.000000 0.186011 0.001141 0.982547
-2.73838711 0.06385200 -6.89436197 85 126 48 0.000000 0.591008 0.001365 0.806665
-2.72763491 0.05896500 -6.88654184 83 121 44 0.000000 0.424733 0.001299 0.905318
-2.56927991 -0.03194200 -6.72916508 118 154 88 0.000000 0.320681 0.001238 0.947186
-2.67973804 0.11956900 -7.02827883 136 171 111 0.000000 0.368984 0.001268 0.929435
-2.82049704 0.08242500 -6.91195679 104 142 65 0.000000 0.365926 0.001266 0.930643
-2.70026493 0.10881700 -7.00481892 113 153 84 0.000000 0.525521 0.001344 0.850780
-2.72568011 -0.00652800 -6.69495296 92 130 52 0.000000 0.078785 0.001050 0.996891
-2.66507506 0.07753700 -6.97940397 150 162 86 0.000000 0.335625 0.001248 -0.941995
-2.65041304 0.10588500 -7.05467081 118 90 90 0.000000 0.881656 0.001322 -0.471891
-2.81072211 0.11370400 -6.97353888 103 144 63 0.000000 0.113516 0.001081 0.993536
-2.71688199 0.09904200 -6.98429203 119 155 81 0.000000 0.418483 0.001296 0.908224
-2.69830990 0.02964000 -6.81909513 84 115 56 0.000000 -0.948930 0.001237 0.315485
-2.73154497 0.00911200 -6.73698521 87 123 49 0.000000 0.790530 0.001370 0.612421
-2.87328196 0.08731200 -6.92173195 79 106 39 0.000000 -0.965696 0.001197 0.259673
-2.63281798 0.07851500 -6.96962881 92 125 49 0.000000 0.002938 0.000979 0.999995
-2.51258612 -0.00066300 -6.78683805 93 129 45 0.000000 0.199215 0.001152 0.979955
-2.48423791 0.03648200 -6.93346214 124 164 83 0.000000 0.531813 0.001346 0.846861
-2.61033511 -0.02705500 -6.69788599 116 156 81 0.000000 0.832674 0.001354 0.553762
-2.76575708 0.04234700 -6.83180189 88 126 47 0.000000 0.056668 0.001030 0.998393
-2.52040601 0.06287500 -6.96376419 109 147 65 0.000000 0.326641 0.001242 0.945148
-2.85079908 0.09220000 -6.92368698 85 125 39 0.000000 0.004907 0.000981 0.999987
-2.54093289 0.07069500 -6.97060680 100 139 62 0.000000 0.256844 0.001195 0.966452
-2.71883702 0.12836701 -7.01752710 133 169 105 0.000000 0.415362 0.001294 0.909655
-2.71199489 0.02279700 -6.78683805 84 122 43 0.000000 0.125512 0.001091 0.992091
-2.74914002 0.07753700 -6.92564201 105 144 69 0.000000 0.256844 0.001195 0.966452
-2.56243801 0.01400000 -6.81909513 87 124 46 0.000000 -0.027071 0.001003 0.999633
-2.87621403 0.06971700 -6.87090206 85 99 69 0.000000 0.645448 0.001376 0.763803
-2.76966691 0.09122200 -6.94812393 94 134 56 0.000000 0.196558 0.001149 0.980491
-2.74816203 0.00911200 -6.73698521 84 123 45 0.000000 0.002938 0.000979 0.999995
-2.65823197 -0.02021200 -6.67051601 87 122 41 0.000000 -0.534955 0.001347 0.844879
-2.63183999 -0.00261800 -6.74480486 101 139 65 0.000000 0.228974 0.001174 0.973432
-2.69342208 0.01888700 -6.77119780 113 142 80 0.000000 0.440405 0.001307 0.897798
-2.87719202 0.09708700 -6.94323683 90 115 64 0.000000 -0.449834 0.001311 0.893111
-2.65334511 0.04919000 -6.89533901 89 123 50 0.000000 0.547504 0.001352 0.836802
-2.64161491 0.06189700 -6.93053007 87 124 40 0.000000 0.132811 0.001098 0.991141
-2.82733893 0.01888700 -6.79368019 82 117 36 0.000000 -0.173011 0.001131 0.984919
-2.67778301 0.06287500 -6.91977692 97 127 56 0.000000 -0.165311 0.001125 0.986241
-2.86937189 0.10588500 -6.95007896 117 149 88 0.000000 -0.212622 0.001162 0.977134
-2.81365395 0.04039200 -6.83277988 78 115 37 0.000000 -0.279674 0.001211 0.960094
-2.60935807 0.01106700 -6.79270315 83 122 49 0.000000 0.384343 0.001277 0.923189
-2.65041304 0.04430200 -6.88165522 79 117 41 0.000000 0.503455 0.001335 0.864020
-2.59958291 0.05603200 -6.92564201 87 125 48 0.000000 0.279674 0.001211 0.960094
-2.58198810 0.08535700 -6.98526907 89 126 48 0.000000 -0.052343 0.001026 0.998629
-2.74914002 -0.06224500 -6.61186600 97 104 73 0.000000 0.440405 0.001307 0.897798
-2.55266309 0.05896500 -6.94421387 99 138 57 0.000000 0.808912 0.001364 0.587928
-2.56927991 0.02573000 -6.85037518 87 127 42 0.000000 0.326641 0.001242 0.945148
-2.53409100 -0.00066300 -6.78781509 100 138 55 0.000000 0.223492 0.001170 0.974705
-2.59078503 0.07753700 -6.97353888 109 143 59 0.000000 0.212622 0.001162 0.977134
-2.73838711 -0.02021200 -6.66464996 97 135 59 0.000000 -0.099398 0.001069 0.995047
-2.79801393 0.01204500 -6.69788599 139 157 94 0.000000 0.964151 0.001201 0.265352
-2.77455401 0.06189700 -6.87970018 89 127 54 0.000000 0.315485 0.001237 0.948930
-2.82342911 0.03061700 -6.81420803 78 114 35 0.000000 -0.547504 0.001352 0.836802
-2.77064490 0.11565900 -6.98624706 97 138 61 0.000000 0.347682 0.001255 0.937612
-2.61326790 0.10881700 -7.02436876 92 124 50 0.000000 -0.152643 0.001114 0.988281
-2.72372508 0.10881700 -6.99406719 113 152 81 0.000000 0.490829 0.001330 0.871255
-2.64356995 0.10979400 -7.03218889 159 136 100 0.000000 0.152643 0.001114 0.988281
-2.81169891 0.01888700 -6.78097200 79 116 35 0.000000 -0.688930 0.001381 0.724826
-2.70221996 -0.01825700 -6.67442608 80 117 39 0.000000 0.186011 0.001141 0.982547
-2.83124900 0.04821200 -6.86210489 142 163 89 0.000000 0.997710 0.001040 0.067624
-2.59176302 0.05896500 -6.93541718 92 127 48 0.000000 0.468736 0.001320 0.883337
-2.66605306 0.05212200 -6.89631701 100 122 61 0.000000 0.509765 0.001338 0.860313
-2.80583501 0.01106700 -6.70863819 94 100 78 0.000000 0.979955 0.001152 0.199215
-2.54777598 0.02084200 -6.85037518 87 126 47 0.000000 0.751123 0.001378 0.660161
-2.67484999 -0.01434800 -6.69201994 81 117 44 0.000000 0.446689 0.001310 0.894688
-2.82147408 0.00618000 -6.73893976 60 70 48 0.000000 -0.123096 0.001089 0.992394
-2.67876005 -0.00946000 -6.70179605 80 117 43 0.000000 0.716707 0.001381 0.697373
-2.60838008 0.02573000 -6.84157801 100 136 56 0.000000 0.150135 0.001112 0.988665
-2.74034190 0.02964000 -6.80247688 102 138 62 0.000000 0.120688 0.001087 0.992690
-2.57025790 0.05212200 -6.92270899 95 131 51 0.000000 -0.097074 0.001067 0.995277
-2.51845098 0.03648200 -6.91782188 111 150 69 0.000000 0.716707 0.001381 0.697373
-2.63965988 0.09122200 -7.00090885 108 131 63 0.000000 0.660161 0.001378 0.751123
-2.74718499 0.02573000 -6.78879309 86 122 48 0.000000 0.294171 0.001221 0.955752
-2.64650202 0.05603200 -6.91195679 88 125 44 0.000000 0.207235 0.001158 0.978290
-2.83809209 0.12934400 -6.99993181 110 141 76 0.000000 -0.207235 0.001158 0.978290
-2.78042006 0.01595500 -6.75360298 72 108 35 0.000000 -0.663079 0.001379 0.748548
-2.59958291 -0.01923500 -6.72623301 118 157 86 0.000000 0.430994 0.001302 0.902354
-2.58198810 0.03746000 -6.87872219 82 120 43 0.000000 0.285453 0.001215 0.958392
-2.68951201 0.06189700 -6.91195679 94 132 50 0.000000 0.226229 0.001172 0.974073
-2.67778301 0.00813500 -6.74871492 86 123 43 0.000000 0.569351 0.001359 0.822094
-2.74425197 0.04234700 -6.84060001 88 126 50 0.000000 0.193909 0.001147 0.981019
-2.49010301 0.04821200 -6.94421387 124 164 85 0.000000 0.335625 0.001248 0.941995
-2.56830311 0.03355000 -6.87872219 88 126 50 0.000000 0.665988 0.001379 0.745961
-2.67387199 0.01791000 -6.78488302 74 111 37 0.000000 0.396706 0.001284 0.917945
-2.64748001 0.09415500 -7.02143717 130 122 109 0.000000 0.957524 0.001217 -0.288352
-2.82733893 0.01888700 -6.75555801 131 147 94 0.000000 0.923189 0.001277 -0.384343
-2.72861195 0.08047000 -6.94225883 101 139 64 0.000000 0.344659 0.001253 0.938727
-2.53409100 0.02475200 -6.86992502 94 133 53 0.000000 0.572458 0.001360 0.819933
-2.82440710 0.07167200 -6.88556480 93 132 56 0.000000 0.487672 0.001329 0.873026
-2.80387902 0.10197500 -6.95692205 95 134 59 0.000000 0.462431 0.001317 0.886654
-2.81365395 0.14009701 -7.00481892 87 109 59 0.000000 -0.544370 0.001351 0.838844
-2.64454794 0.03843700 -6.86796999 84 123 43 0.000000 -0.165311 0.001125 0.986241
-2.84786701 0.01888700 -6.80149984 109 126 81 0.000000 -0.020933 0.000997 0.999780
-2.75305009 -0.03780700 -6.64412308 126 150 93 0.000000 -0.234487 0.001178 0.972119
-2.66800809 -0.02216700 -6.65976286 81 119 34 0.000000 0.228974 0.001174 0.973432
-2.70124197 0.05603200 -6.88849688 95 134 58 0.000000 0.493986 0.001331 0.869469
-2.51160789 0.01302200 -6.85428476 97 136 61 0.000000 0.860313 0.001338 0.509765
-2.61228991 0.07558200 -6.96571922 87 125 44 0.000000 0.027071 0.001003 0.999633
-2.82049704 0.09122200 -6.93150711 88 127 51 0.000000 0.209925 0.001160 0.977717
-2.60153794 -0.03389700 -6.69593000 127 165 92 0.000000 0.929435 0.001268 0.368984
-2.59958291 0.10686200 -7.01557207 92 127 48 0.000000 -0.609379 0.001369 0.792878
-2.49108100 -0.00164000 -6.86308193 154 175 93 0.000000 -0.215328 0.001164 -0.976541
-2.55363989 -0.02119000 -6.74578285 105 142 69 0.000000 0.359825 0.001263 0.933019
-2.77259994 0.02768500 -6.79074812 81 118 43 0.000000 0.045917 0.001020 0.998945
-2.77651000 -0.00164000 -6.69788599 88 124 55 0.000000 0.220763 0.001168 0.975327
-2.78042006 0.06971700 -6.89729500 84 124 47 0.000000 0.317711 0.001236 0.948187
-2.51942801 0.02279700 -6.88165522 102 141 64 0.000000 0.761293 0.001377 0.648407
-2.54875302 0.02866200 -6.87579012 94 132 52 0.000000 0.587928 0.001364 0.808912
-2.61424494 0.00618000 -6.77315283 89 128 49 0.000000 0.305890 0.001228 0.952066
-2.63672805 0.08242500 -6.97940397 97 126 52 0.000000 -0.092452 0.001063 0.995717
-2.62499809 0.02279700 -6.82398176 82 120 44 0.000000 0.627537 0.001373 0.778585
-2.59664989 0.07265000 -6.95985413 96 135 50 0.000000 0.188635 0.001143 0.982047
-2.63868308 0.01595500 -6.79661322 84 122 42 0.000000 0.004907 0.000981 0.999987
-2.84591198 0.05701000 -6.86894703 155 167 118 0.000000 0.645448 0.001376 -0.763803
-2.66800809 0.05994200 -6.91098022 172 182 122 0.000000 0.597153 0.001366 0.802126
-2.67778301 0.08340200 -6.96669722 99 138 58 0.000000 0.215328 0.001164 0.976541
-2.50672102 0.05212200 -6.94714689 102 141 60 0.000000 -0.199215 0.001152 0.979955
-2.75011706 0.00031500 -6.70863819 90 126 57 0.000000 0.594083 0.001366 0.804402
-2.62304306 0.04430200 -6.88751984 83 122 41 0.000000 0.069839 0.001042 0.997558
-2.46468806 0.01595500 -6.91586685 104 139 73 0.000000 0.150135 0.001112 0.988665
-2.73741007 -0.05540200 -6.61870813 119 150 56 0.000000 -0.226229 0.001172 0.974073
-2.84297895 0.03550500 -6.82691479 86 121 41 0.000000 0.381263 0.001275 0.924466
-2.47935104 0.05016700 -6.95105696 177 205 141 0.000000 0.127937 0.001093 0.991782
-2.70613003 -0.01043800 -6.68713284 100 133 58 0.000000 0.409130 0.001291 0.912475
-2.71297193 -0.05149200 -6.61479807 150 174 100 0.000000 -0.022971 0.000999 0.999736
-2.60153794 0.01497700 -6.80638695 89 128 49 0.000000 0.680398 0.001380 0.732842
-2.68657994 0.03355000 -6.82593679 133 159 94 0.000000 0.033281 0.001009 0.999445
-2.73252201 0.09513200 -6.97060680 94 133 59 0.000000 0.430994 0.001302 0.902354
-2.82342911 0.09806500 -6.94421387 92 132 53 0.000000 0.256844 0.001195 0.966452
-2.71590495 -0.04660500 -6.62750578 111 141 52 0.000000 -0.446689 0.001310 0.894688
-2.66312003 0.09904200 -7.00970697 94 124 62 0.000000 0.111142 0.001079 0.993804
-2.82929397 0.11859200 -6.98135900 99 139 60 0.000000 0.041673 0.001016 0.999131
-2.58687496 -0.04074000 -6.71059322 166 191 142 0.000000 0.668888 0.001379 0.743362
-2.70710707 0.00911200 -6.74382782 77 110 49 0.000000 -0.986241 0.001125 0.165311
-2.54484296 0.07851500 -6.97744894 118 156 76 0.000000 0.196558 0.001149 0.980491
-2.75109506 0.06580700 -6.89436197 92 132 54 0.000000 -0.027071 0.001003 0.999633
-2.73350000 0.03941500 -6.83668995 89 128 53 0.000000 -0.167869 0.001127 0.985809
-2.50378799 0.02182000 -6.89338398 109 148 69 0.000000 0.716707 0.001381 0.697373
-2.65334511 0.02964000 -6.83864498 78 116 38 0.000000 0.503455 0.001335 0.864020
-2.62890792 0.10686200 -7.02730179 87 117 47 0.000000 -0.251210 0.001191 0.967932
-2.53604603 0.03061700 -6.89142895 94 133 58 0.000000 0.600218 0.001367 0.799835
-2.75109506 0.02866200 -6.79856682 92 128 51 0.000000 0.002938 0.000979 0.999995
-2.56048298 0.08535700 -6.98331404 99 137 59 0.000000 0.000978 0.000978 0.999999
-2.81756401 0.11859200 -6.98038197 102 143 63 0.000000 0.130369 0.001096 0.991465
-2.81658697 0.12934400 -6.99504423 100 136 64 0.000000 0.083307 0.001055 0.996523
-2.68755698 0.06678500 -6.92759705 99 136 57 0.000000 0.145143 0.001108 0.989410
-2.59469509 0.03257200 -6.86014986 85 124 42 0.000000 0.113516 0.001081 0.993536
-2.87034893 0.08242500 -6.89045191 117 152 81 0.000000 0.157685 0.001118 0.987489
-2.62206507 -0.02314500 -6.67931318 108 144 68 0.000000 0.999131 0.001016 -0.041673
-2.69049001 0.08535700 -6.96865177 99 141 61 0.000000 0.378186 0.001273 0.925729
-2.71394992 0.06874000 -6.91586685 85 125 49 0.000000 0.487672 0.001329 0.873026
-2.60838008 0.08047000 -6.97647190 92 131 47 0.000000 -0.094759 0.001065 0.995500
-2.76380205 0.01986500 -6.77217484 79 116 43 0.000000 -0.240031 0.001182 0.970765
-2.78530693 0.02768500 -6.79172516 83 120 44 0.000000 0.409130 0.001291 0.912475
-2.80583501 0.03746000 -6.82202721 76 113 35 0.000000 -0.254023 0.001193 0.967197
-2.68267012 0.03159500 -6.85135221 146 163 96 0.000000 -0.083307 0.001055 -0.996523
-2.78530693 0.09122200 -6.94323683 88 128 53 0.000000 0.421606 0.001297 0.906778
-2.50769806 0.04430200 -6.93541718 110 149 72 0.000000 -0.094759 0.001065 0.995500
-2.65041304 0.06874000 -6.94225883 86 119 37 0.000000 0.512919 0.001339 0.858436
-2.62695289 -0.01141500 -6.71841288 112 149 74 0.000000 0.378186 0.001273 0.925729
-2.76966691 0.12347900 -6.99699879 102 144 63 0.000000 0.201881 0.001154 0.979409
-2.50476599 0.03355000 -6.92075396 114 154 77 0.000000 0.541234 0.001350 0.840871
-2.72470188 0.08633500 -6.95203400 102 140 59 0.000000 0.560008 0.001356 0.828486
-2.50672102 0.01693200 -6.87774515 110 149 72 0.000000 0.903843 0.001300 0.427862
-2.64063811 -0.02314500 -6.66073990 127 144 100 0.000000 0.657235 0.001378 0.753685
-2.70026493 -0.02412200 -6.65389776 92 129 43 0.000000 -0.085581 0.001057 0.996331
-2.53702307 0.01791000 -6.84646511 89 128 48 0.000000 0.836802 0.001352 0.547504
-2.63086295 0.08926700 -6.99308920 97 129 57 0.000000 0.183394 0.001139 0.983039
-2.78237510 0.04919000 -6.84255505 80 118 39 0.000000 0.130369 0.001096 0.991465
-2.77064490 0.13911900 -7.01361704 120 155 83 0.000000 0.104070 0.001073 0.994569
-2.72861195 -0.00359500 -6.70472813 91 128 50 0.000000 -0.081042 0.001052 0.996710
-2.61913300 0.09708700 -7.00677395 111 140 65 0.000000 -0.302950 0.001227 0.953006
-2.75598192 0.03941500 -6.82886982 91 130 50 0.000000 0.633537 0.001374 0.773712
-2.68853498 0.02573000 -6.80247688 117 147 76 0.000000 0.522373 0.001343 0.852716
-2.79410505 0.00520200 -6.72721100 79 113 38 0.000000 -0.113516 0.001081 0.993536
-2.77651000 0.05603200 -6.85526180 93 132 53 0.000000 0.437266 0.001305 0.899331
-2.66996193 0.03257200 -6.83962202 78 112 36 0.000000 0.317711 0.001236 0.948187
-2.75598192 0.00618000 -6.72329998 79 118 45 0.000000 0.294171 0.001221 0.955752
-2.83222699 0.06287500 -6.86894703 87 125 50 0.000000 0.180786 0.001137 0.983522
-2.51942801 -0.02021200 -6.76142311 137 164 105 0.000000 0.276796 0.001209 0.960928
-2.74327493 0.00520200 -6.72134495 85 123 47 0.000000 -0.043791 0.001018 0.999040
-2.79606009 0.01204500 -6.71254778 130 150 80 0.000000 -0.633537 0.001374 0.773712
-2.67289495 0.01986500 -6.79661322 80 118 39 0.000000 0.584843 0.001363 0.811146
-2.58394289 0.01497700 -6.82007313 84 120 46 0.000000 0.162760 0.001122 0.986665
-2.77357697 0.01791000 -6.76728821 77 113 40 0.000000 0.478202 0.001325 0.878249
-2.69440007 -0.02119000 -6.66758299 88 126 44 0.000000 0.326641 0.001242 0.945148
-2.75402689 0.03355000 -6.81225300 91 128 50 0.000000 0.285453 0.001215 0.958392
-2.72763491 0.11761400 -7.00188684 116 157 81 0.000000 0.434129 0.001304 0.900850
-2.68853498 0.00520200 -6.73405313 85 121 44 0.000000 0.919277 0.001282 0.393609
-2.77357697 0.00911200 -6.73405313 76 112 37 0.000000 0.004907 0.000981 0.999987
-2.56439304 0.07069500 -6.96669722 106 142 65 0.000000 -0.041673 0.001016 0.999131
-2.81756401 0.02279700 -6.79465818 83 119 37 0.000000 -0.639507 0.001375 0.768784
-2.73252201 0.02182000 -6.78292799 77 115 41 0.000000 0.006883 0.000983 0.999976
-2.70124197 0.12543400 -7.02339220 121 156 92 0.000000 0.350710 0.001257 0.936483
-2.66116500 -0.00066300 -6.73014307 84 123 45 0.000000 0.291258 0.001219 0.956644
-2.71394992 0.03355000 -6.82007313 98 135 58 0.000000 -0.188635 0.001143 0.982047
-2.85373211 0.05701000 -6.85819483 95 131 60 0.000000 -0.353743 0.001259 0.935342
-2.76282501 0.06287500 -6.88654184 91 130 53 0.000000 0.365926 0.001266 0.930643
-2.80290198 0.06092000 -6.87481213 91 129 51 0.000000 0.167869 0.001127 0.985809
-2.52724791 0.05701000 -6.95105696 96 134 59 0.000000 0.288352 0.001217 0.957524
-2.73936510 -0.03389700 -6.64314604 103 138 66 0.000000 0.228974 0.001174 0.973432
-2.71883702 0.04919000 -6.86796999 94 134 54 0.000000 0.594083 0.001366 0.804402
-2.80681205 0.09513200 -6.94225883 90 130 54 0.000000 0.341642 0.001251 0.939829
-2.78726196 -0.00164000 -6.69495296 111 135 82 0.000000 0.615457 0.001371 0.788169
-2.83809209 0.05701000 -6.85623980 88 125 49 0.000000 0.002938 0.000979 0.999995
-2.66409802 0.06874000 -6.95692205 155 166 96 0.000000 0.909655 0.001294 -0.415362
-2.76282501 0.06776200 -6.89729500 89 128 51 0.000000 0.572458 0.001360 0.819933
-2.71492696 0.01888700 -6.77119780 83 122 45 0.000000 -0.137718 0.001102 0.990471
-2.61815500 0.06385200 -6.94225883 87 125 46 0.000000 0.120688 0.001087 0.992690
-2.58882999 0.11272700 -7.01752710 111 134 78 0.000000 -0.421606 0.001297 0.906778
-2.85861897 0.13032199 -6.99602222 58 75 38 0.000000 0.356781 0.001261 0.934187
-2.75500488 -0.04562700 -6.61773109 177 186 141 0.000000 0.145143 0.001108 -0.989410
-2.74229693 0.06776200 -6.90316010 94 134 55 0.000000 0.424733 0.001299 0.905318
-2.61717796 0.03355000 -6.86014986 87 123 49 0.000000 0.347682 0.001255 0.937612
-2.52040601 0.03257200 -6.90609217 101 140 62 0.000000 0.624527 0.001373 0.781002
-2.62304306 0.07460500 -6.96180916 89 124 48 0.000000 -0.173011 0.001131 0.984919
-2.47641802 0.00618000 -6.89045191 146 173 105 0.000000 0.911072 0.001292 0.412244
-2.71492696 0.04528000 -6.85721684 96 135 56 0.000000 0.465583 0.001319 0.885003
-2.57807803 -0.04465000 -6.71450281 52 68 37 0.000000 0.615457 0.001371 0.788169
-2.54386497 -0.00261800 -6.78488302 95 133 55 0.000000 -0.067624 0.001040 0.997710
-2.78237510 0.10002000 -6.96083212 106 144 71 0.000000 0.240031 0.001182 0.970765
-2.59567308 0.00031500 -6.76728821 98 137 59 0.000000 0.547504 0.001352 0.836802
-2.84200191 0.02475200 -6.80931997 85 118 42 0.000000 -0.415362 0.001294 0.909655
-2.63086295 0.01888700 -6.81029701 81 119 42 0.000000 0.378186 0.001273 0.925729
-2.76380205 0.10979400 -6.98135900 91 132 60 0.000000 0.237255 0.001180 0.971447
-2.77846503 0.04332500 -6.83277988 79 119 40 0.000000 -0.074296 0.001046 0.997236
-2.83320403 0.01204500 -6.77021980 103 120 70 0.000000 -0.449834 0.001311 0.893111
-2.78237510 0.13618700 -7.00775099 116 155 75 0.000000 0.399807 0.001286 0.916599
-2.85568690 0.04137000 -6.84548712 82 115 43 0.000000 -0.490829 0.001330 0.871255
-2.80094695 0.01204500 -6.74675989 81 118 42 0.000000 -0.076536 0.001048 0.997066
-2.58980799 -0.01043800 -6.74969292 108 146 68 0.000000 0.500299 0.001334 0.865851
-2.71297193 -0.00555000 -6.69299793 91 126 51 0.000000 -0.127937 0.001093 0.991782
-2.50183296 0.05896500 -6.95985413 91 130 50 0.000000 0.223492 0.001170 0.974705
-2.86643910 0.06678500 -6.87188005 109 143 74 0.000000 0.282560 0.001213 0.959249
-2.52920294 -0.00652800 -6.77901697 104 142 60 0.000000 0.097074 0.001067 0.995277
-2.66996193 0.06483000 -6.94128180 164 174 106 0.000000 0.984919 0.001131 0.173011
-2.73643208 0.01497700 -6.75653505 84 122 46 0.000000 0.707106 0.001384 0.707106
-2.78530693 0.11761400 -6.98331404 105 145 65 0.000000 0.311788 0.001232 0.950151
-2.52529311 0.02964000 -6.89631701 97 136 59 0.000000 0.519223 0.001342 0.854638
-2.68853498 0.09122200 -6.98331404 92 131 54 0.000000 0.120688 0.001087 0.992690
-2.75109506 -0.05638000 -6.62359619 80 99 50 0.000000 0.490829 0.001330 0.871255
-2.49108100 0.01791000 -6.89729500 121 161 80 0.000000 0.671779 0.001379 0.740750
-2.73447704 0.08633500 -6.94812393 106 143 67 0.000000 0.302950 0.001227 0.953006
-2.65432310 0.12445700 -7.04196405 64 65 52 0.000000 0.738126 0.001380 0.674661
-2.83222699 0.02573000 -6.76533318 129 155 86 0.000000 0.674661 0.001380 -0.738126
-2.81169891 0.00911200 -6.74382782 85 118 47 0.000000 0.063217 0.001036 0.997999
-2.54875302 0.03257200 -6.88751984 89 126 48 0.000000 0.654300 0.001377 0.756234
-2.79996896 0.02182000 -6.77803993 80 118 35 0.000000 -0.256844 0.001195 0.966452
-2.58003306 -0.02119000 -6.73503017 118 157 83 0.000000 0.578659 0.001362 0.815569
-2.58980799 -0.01532500 -6.73893976 114 153 79 0.000000 0.519223 0.001342 0.854638
-2.56537008 -0.01923500 -6.74675989 100 139 64 0.000000 0.390517 0.001280 0.920595
-2.63575006 0.09708700 -7.01068401 96 123 51 0.000000 -0.215328 0.001164 0.976541
-2.77259994 0.00227000 -6.71450281 85 122 47 0.000000 0.002938 0.000979 0.999995
-2.74034190 0.07753700 -6.93053007 102 140 64 0.000000 0.490829 0.001330 0.871255
-2.48130608 0.04039200 -6.94421387 146 183 112 0.000000 0.621510 0.001372 0.783405
-2.65725493 0.01106700 -6.77412987 79 117 42 0.000000 0.578659 0.001362 0.815569
-2.61033511 0.01888700 -6.81811810 89 128 48 0.000000 0.587928 0.001364 0.808912
-2.60935807 0.03648200 -6.86894703 85 123 44 0.000000 0.002938 0.000979 0.999995
-2.68364692 0.05701000 -6.89631701 92 127 49 0.000000 -0.215328 0.001164 0.976541
-2.82733893 0.01009000 -6.78879309 77 82 68 0.000000 -0.022971 0.000999 -0.999736
-2.77748704 -0.01337000 -6.66660500 121 136 101 0.000000 0.393609 0.001282 0.919277
-2.72372508 0.00520200 -6.72721100 81 118 44 0.000000 0.785794 0.001371 0.618487
-2.57318997 -0.00750500 -6.76435518 102 139 55 0.000000 0.362873 0.001264 0.931838
-2.68267012 0.07949200 -6.95692205 104 140 62 0.000000 0.245605 0.001186 0.969369
-2.59078503 0.00520200 -6.78586006 89 129 51 0.000000 0.528668 0.001345 0.848828
-2.70808506 0.07851500 -6.94714689 120 155 78 0.000000 0.365926 0.001266 0.930643
-2.54386497 0.05310000 -6.93346214 107 146 63 0.000000 0.627537 0.001373 0.778585
-2.57318997 0.10881700 -7.00775099 79 95 55 0.000000 0.487672 0.001329 -0.873026
-2.54777598 0.09708700 -6.99406719 127 154 91 0.000000 -0.104070 0.001073 0.994569
-2.60251498 0.02377500 -6.83375692 103 139 60 0.000000 0.147635 0.001110 0.989041
-2.63086295 -0.02901000 -6.66856003 142 170 98 0.000000 0.621510 0.001372 0.783405
-2.48814797 0.00520200 -6.82691479 121 149 82 0.000000 0.993804 0.001079 -0.111142
-2.80094695 0.00618000 -6.73503017 84 116 43 0.000000 -0.686096 0.001380 0.727510
-2.77162194 0.08438000 -6.93346214 94 135 61 0.000000 0.396706 0.001284 0.917945
-2.66214299 0.12641200 -7.03414392 127 141 100 0.000000 -0.027071 0.001003 0.999633
-2.88110209 0.10686200 -6.95301199 130 157 103 0.000000 0.155160 0.001116 0.987889
-2.73447704 0.03257200 -6.81616306 90 128 54 0.000000 0.291258 0.001219 0.956644
-2.74914002 -0.02901000 -6.65096617 100 135 71 0.000000 -0.162760 0.001122 0.986665
-2.87230396 0.09415500 -6.93346214 83 115 44 0.000000 -0.490829 0.001330 0.871255
-2.72958994 -0.04171700 -6.63630295 116 147 61 0.000000 -0.050193 0.001024 0.998739
-2.61522293 0.10295200 -7.01654911 82 118 41 0.000000 -0.509765 0.001338 0.860313
-2.88012409 0.12445700 -6.96669722 104 116 90 0.000000 0.674661 0.001380 0.738126
-2.47641802 0.01106700 -6.90120506 138 173 99 0.000000 0.824239 0.001358 0.566240
-2.65432310 0.08438000 -6.98526907 187 190 139 0.000000 0.998739 0.001024 -0.050193
-2.81560898 0.14596200 -7.01263905 61 66 58 0.000000 -0.390517 0.001280 0.920595
-2.61033511 0.09317700 -6.99993181 104 135 60 0.000000 -0.231726 0.001176 0.972780
-2.75500488 -0.00359500 -6.69495296 95 132 61 0.000000 0.350710 0.001257 0.936483
-2.71394992 0.02475200 -6.79661322 90 126 48 0.000000 -0.412244 0.001292 0.911072
-2.51356292 0.07167200 -6.98233700 70 98 45 0.000000 -0.193909 0.001147 0.981019
-2.64259291 0.01888700 -6.80638695 82 120 41 0.000000 0.434129 0.001304 0.900850
-2.58687496 0.02670700 -6.84842014 84 124 42 0.000000 0.155160 0.001116 0.987889
-2.71101689 0.05212200 -6.87579012 93 132 56 0.000000 0.251210 0.001191 0.967932
-2.60251498 0.04332500 -6.89142895 85 125 42 0.000000 0.204554 0.001156 0.978855
-2.64650202 0.09611000 -7.01166201 125 129 79 0.000000 0.836802 0.001352 0.547504
-2.68364692 0.01888700 -6.78390503 77 110 37 0.000000 0.497143 0.001333 0.867668
-2.48326111 0.00129200 -6.85721684 132 163 94 0.000000 0.995927 0.001061 0.090153
-2.64943504 -0.00848300 -6.71450281 93 131 56 0.000000 0.512919 0.001339 0.858436
-2.56830311 0.00813500 -6.80540991 84 122 47 0.000000 0.199215 0.001152 0.979955
-2.78139710 0.06580700 -6.88556480 90 128 52 0.000000 0.090153 0.001061 0.995927
-2.59860492 0.04039200 -6.88165522 85 124 47 0.000000 -0.228974 0.001174 0.973432
