1.17725003 -0.93270999 -5.28243399 43 52 36 0.000000 0.990471 0.001102 0.137718
1.22765899 -0.84417200 -4.91083193 171 193 146 0.000000 0.917945 0.001284 0.396706
0.93231601 -0.97148597 -4.90630817 132 161 88 0.000000 0.152643 0.001114 -0.988281
1.03571796 -1.00250697 -5.10858917 111 142 87 0.000000 0.830587 0.001355 0.556887
1.27160501 -0.96114600 -5.09178591 112 128 71 0.000000 -0.978290 0.001158 0.207235
1.09000397 -0.93400300 -4.95542383 152 180 110 0.000000 0.888291 0.001316 0.459279
0.90000302 -1.00767696 -5.06658220 85 91 76 0.000000 0.867668 0.001333 0.497143
1.14946103 -0.94692802 -5.15124178 118 147 69 0.000000 -0.999917 0.000989 -0.012857
1.08354199 -1.04645300 -5.21393013 113 130 107 0.000000 0.633537 0.001374 0.773712
1.17208004 -0.91332299 -5.03943920 119 151 60 0.000000 -0.999131 0.001016 -0.041673
1.29163897 -0.88359398 -5.00389385 149 172 140 0.000000 0.085581 0.001057 0.996331
0.99048001 -0.98182702 -5.00712490 117 145 91 0.000000 -0.240031 0.001182 -0.970765
1.07901800 -0.93723398 -5.04977894 106 140 43 0.000000 -0.008867 0.000985 -0.999960
1.15204597 -0.90556699 -4.89726019 63 78 44 0.000000 0.707106 0.001384 0.707106
0.96850699 -1.00832295 -5.16416693 135 156 96 0.000000 -0.484515 0.001327 -0.874782
0.90711200 -1.02124906 -4.98127508 80 88 73 0.000000 0.778585 0.001373 0.627537
1.02408600 -0.95856100 -4.90566206 118 149 84 0.000000 0.768784 0.001375 0.639507
1.13782799 -0.98247302 -5.22620916 138 170 103 0.000000 -0.288352 0.001217 -0.957524
1.20956302 -0.89652002 -4.97028780 124 155 100 0.000000 0.456129 0.001314 0.889912
1.21020997 -0.95339102 -5.20811415 189 208 179 0.000000 0.700167 0.001381 0.713977
1.09258997 -0.99345899 -5.15899801 161 188 154 0.000000 0.982547 0.001141 0.186011
0.96721399 -1.02318704 -5.09113979 104 135 75 0.000000 0.730182 0.001380 0.683251
1.20891702 -0.92689401 -5.10600424 122 150 76 0.000000 -0.941995 0.001248 -0.335625
1.02408600 -1.05097699 -5.16416693 100 127 76 0.000000 -0.359825 0.001263 -0.933019
1.24510801 -0.92430902 -5.04137707 85 116 46 0.000000 0.799835 0.001367 0.600218
1.14105904 -0.95468301 -5.08209181 104 133 77 0.000000 0.279674 0.001211 0.960094
1.15139997 -0.92366302 -4.97998190 117 151 90 0.000000 0.683251 0.001380 0.730182
1.22313499 -0.97601002 -5.14413309 97 133 27 0.000000 -0.783405 0.001372 0.621510
1.25738704 -0.84223300 -4.96511793 148 176 127 0.000000 0.834745 0.001353 0.550634
0.97884703 -0.96825498 -4.94831514 116 147 90 0.000000 0.763803 0.001376 -0.645448
1.02602398 -0.97730303 -5.05494881 136 169 99 0.000000 -0.990471 0.001102 0.137718
1.03765702 -0.96114600 -4.96447182 124 156 94 0.000000 0.958392 0.001215 0.285453
1.08741903 -0.97342497 -5.09566402 116 145 99 0.000000 0.716707 0.001381 0.697373
1.13136494 -0.96760899 -5.27984905 50 54 40 0.000000 0.944109 0.001244 0.329630
0.94200999 -0.99345899 -5.03362179 111 140 82 0.000000 0.943059 0.001246 0.332624
1.17014098 -0.87131500 -4.94314480 112 145 51 0.000000 -0.550634 0.001353 0.834745
0.89160103 -0.99216700 -4.93022013 81 94 63 0.000000 0.999976 0.000983 -0.006883
1.10099101 -0.92366302 -5.00389385 167 193 106 0.000000 0.946173 0.001240 -0.323658
1.18500495 -0.97601002 -5.24494982 62 75 36 0.000000 0.591008 0.001365 0.806665
1.05446005 -0.96631598 -5.01552677 118 148 92 0.000000 0.694569 0.001381 -0.719425
1.20245397 -0.94757497 -5.05882597 114 146 76 0.000000 0.113516 0.001081 -0.993536
1.11456299 -0.95856100 -5.18420219 91 119 58 0.000000 0.935342 0.001259 0.353743
0.92908502 -1.02124906 -5.12022209 73 83 63 0.000000 0.259673 0.001197 0.965696
0.97820097 -0.95662200 -4.89532089 124 145 99 0.000000 0.002938 0.000979 -0.999995
1.04605901 -1.00250697 -5.15447283 106 141 46 0.000000 -0.900850 0.001304 -0.434129
1.28776097 -0.94046599 -5.05236387 106 133 73 0.000000 -0.384343 0.001277 0.923189
1.10551500 -0.91396898 -4.91664791 128 146 60 0.000000 -0.671779 0.001379 -0.740750
1.16626406 -0.95856100 -5.19518805 98 129 51 0.000000 -0.941995 0.001248 0.335625
0.99435699 -1.02964997 -5.13379288 101 135 63 0.000000 0.111142 0.001079 0.993804
0.94588798 -0.98828900 -4.98902988 122 152 93 0.000000 0.012857 0.000989 -0.999917
1.18888295 -0.96696198 -5.10664988 106 141 63 0.000000 -0.756234 0.001377 0.654300
1.25092399 -0.89264202 -4.98644495 134 164 122 0.000000 0.630540 0.001374 0.776155
1.19211400 -0.87842399 -4.90566206 110 125 96 0.000000 0.353743 0.001259 0.935342
1.20374703 -0.85838997 -4.99096918 112 142 56 0.000000 -0.992091 0.001091 0.125512
1.00534403 -0.97213298 -5.10148001 112 142 56 0.000000 0.990471 0.001102 -0.137718
1.11003900 -0.94951302 -5.12409878 120 147 77 0.000000 -0.997236 0.001046 0.074296
1.05704498 -0.94111198 -4.92763519 128 163 101 0.000000 0.969369 0.001186 0.245605
0.93102300 -0.99216700 -4.94766903 116 149 87 0.000000 0.815569 0.001362 0.578659
1.13136494 -0.92689401 -5.03685284 106 140 53 0.000000 -0.844879 0.001347 -0.534955
1.18952894 -0.93141800 -5.15253401 120 145 79 0.000000 -0.636526 0.001375 -0.771254
1.10551500 -1.01284695 -5.19906616 116 151 98 0.000000 0.165311 0.001125 0.986241
0.97949302 -1.00250697 -5.05171680 118 148 87 0.000000 0.660161 0.001378 0.751123
1.18888295 -0.91978502 -5.22168493 114 143 82 0.000000 -0.804402 0.001366 -0.594083
0.95622802 -0.98376501 -5.08209181 44 53 35 0.000000 0.939829 0.001251 -0.341642
0.90194201 -1.01284695 -5.02198887 48 54 42 0.000000 0.353743 0.001259 0.935342
1.21602595 -0.91202998 -5.01423407 52 63 46 0.000000 0.865851 0.001334 0.500299
1.14558303 -0.91396898 -4.93991423 138 169 102 0.000000 0.707106 0.001384 0.707106
1.23153603 -0.96243900 -5.10729599 107 143 38 0.000000 -0.029133 0.001005 0.999575
1.18435895 -0.98311901 -5.15124178 120 150 73 0.000000 -0.481358 0.001326 -0.876523
1.22636604 -0.86614501 -4.94379091 155 184 145 0.000000 0.924466 0.001275 0.381263
1.17401898 -0.92107803 -5.08855391 97 127 54 0.000000 -0.465583 0.001319 -0.885003
1.00922096 -1.00897002 -5.08080006 106 135 79 0.000000 0.556887 0.001355 0.830587
1.07449400 -1.02254105 -5.17709303 140 165 125 0.000000 0.621510 0.001372 0.783405
1.06480002 -0.94305098 -4.98644495 130 163 98 0.000000 0.856545 0.001340 0.516071
1.28065205 -0.91849297 -5.01617289 133 160 111 0.000000 -0.108776 0.001077 0.994066
1.04735100 -1.04968405 -5.20165110 113 135 97 0.000000 -0.972780 0.001176 0.231726
0.98789501 -1.04386795 -5.16869116 68 79 56 0.000000 -0.947186 0.001238 0.320681
1.20245397 -0.98053402 -5.18355608 194 214 183 0.000000 0.995277 0.001067 -0.097074
1.06544602 -0.98764300 -5.12409878 105 143 40 0.000000 0.977134 0.001162 -0.212622
1.18048096 -0.92043102 -5.00518703 99 130 67 0.000000 0.811146 0.001363 0.584843
0.93167001 -1.02254105 -5.07433701 101 132 71 0.000000 -0.983039 0.001139 0.183394
1.02279305 -0.96760899 -4.99937010 129 159 93 0.000000 0.878249 0.001325 -0.478202
1.11456299 -0.94822103 -5.05947304 109 144 66 0.000000 -0.856545 0.001340 -0.516071
1.24769294 -0.92818701 -5.07627487 106 135 64 0.000000 0.975939 0.001166 -0.218041
1.05833805 -0.94498998 -4.89273596 106 133 76 0.000000 0.963362 0.001203 -0.268202
1.14493704 -0.95468301 -5.30893087 158 166 119 0.000000 0.170436 0.001129 -0.985368
1.05316699 -0.97859502 -5.07627487 131 162 106 0.000000 0.683251 0.001380 0.730182
1.19922304 -0.94175798 -5.24624300 76 90 57 0.000000 0.938727 0.001253 -0.344659
1.17401898 -0.89652002 -4.96641111 89 101 58 0.000000 -0.624527 0.001373 0.781002
1.16949499 -0.97213298 -5.27532482 107 115 90 0.000000 0.245605 0.001186 0.969369
1.17337298 -0.94175798 -5.12409878 106 133 79 0.000000 -0.994811 0.001071 0.101730
1.22313499 -0.90362900 -5.05688810 117 144 74 0.000000 0.958392 0.001215 0.285453
0.95170403 -0.99669099 -5.11957502 120 155 59 0.000000 0.795211 0.001369 -0.606331
1.19986904 -0.88617897 -4.93991423 149 180 127 0.000000 0.785794 0.001371 0.618487
1.00469804 -0.96566999 -4.96834898 128 157 98 0.000000 0.344659 0.001253 0.938727
1.16820204 -0.93788099 -5.06076479 102 131 58 0.000000 0.934187 0.001261 0.356781
1.07772505 -0.97019398 -5.05753422 123 152 104 0.000000 0.490829 0.001330 0.871255
1.12231803 -0.92947900 -4.96834898 118 152 90 0.000000 0.889912 0.001314 0.456129
1.24898505 -0.82478398 -4.93991423 166 178 148 0.000000 0.824239 0.001358 0.566240
1.14429104 -0.94628203 -5.11246586 104 134 75 0.000000 -0.998945 0.001020 0.045917
1.02731705 -1.01866400 -5.13443899 118 153 91 0.000000 0.899331 0.001305 0.437266
1.14881396 -0.93077201 -5.01100302 126 157 88 0.000000 0.500299 0.001334 0.865851
1.11391604 -0.97471797 -5.14154816 122 154 83 0.000000 0.955752 0.001221 0.294171
0.96462899 -1.03481996 -5.12732983 93 122 53 0.000000 -0.997558 0.001042 0.069839
0.93231601 -0.99345899 -5.06464291 120 149 95 0.000000 0.381263 0.001275 0.924466
1.14881396 -0.87971699 -4.92311096 115 148 61 0.000000 -0.962562 0.001205 0.271059
1.02473199 -0.95662200 -4.93732882 136 164 100 0.000000 0.846861 0.001346 0.531813
1.27871394 -0.85968298 -4.99032307 115 152 47 0.000000 0.984919 0.001131 -0.173011
1.05187500 -1.03934395 -5.16610622 133 167 111 0.000000 0.999131 0.001016 0.041673
1.13588905 -0.98828900 -5.25852203 158 177 138 0.000000 0.424733 0.001299 -0.905318
0.96527499 -0.97471797 -5.03556108 57 68 42 0.000000 -0.204554 0.001156 -0.978855
0.92068303 -1.01414001 -5.04525518 125 162 96 0.000000 0.960928 0.001209 0.276796
1.11714804 -0.98828900 -5.18484783 155 182 147 0.000000 0.968656 0.001189 0.248404
1.25092399 -0.91526097 -5.01358795 113 145 80 0.000000 -0.022971 0.000999 0.999736
0.99564999 -0.96760899 -4.92375708 126 159 93 0.000000 0.925729 0.001273 0.378186
0.95687401 -0.98764300 -4.96123981 116 152 80 0.000000 0.896251 0.001308 -0.443546
1.20116198 -0.92947900 -5.03556108 95 127 57 0.000000 -0.594083 0.001366 -0.804402
1.00922096 -0.97859502 -5.03103685 124 153 93 0.000000 0.732842 0.001380 0.680398
1.23670602 -0.91784602 -5.10729599 124 152 89 0.000000 -0.815569 0.001362 0.578659
1.00792897 -1.02254105 -5.10664988 104 132 79 0.000000 0.603278 0.001368 0.797530
1.17208004 -0.95856100 -5.16546011 91 121 47 0.000000 0.982547 0.001141 0.186011
1.12684202 -0.91590798 -4.88756704 47 54 37 0.000000 0.773712 0.001374 0.633537
0.92391503 -1.00250697 -5.00130892 120 153 92 0.000000 0.960094 0.001211 0.279674
1.21796501 -0.94628203 -5.08661604 94 129 35 0.000000 -0.795211 0.001369 0.606331
1.17660403 -0.89587301 -4.92246485 129 161 106 0.000000 0.979955 0.001152 0.199215
1.11262405 -0.94434297 -5.08790779 157 192 90 0.000000 0.147635 0.001110 0.989041
1.13912106 -0.96760899 -5.20165110 97 131 46 0.000000 -0.944109 0.001244 0.329630
0.90064901 -1.00832295 -4.95219278 111 136 94 0.000000 0.956644 0.001219 0.291258
1.19857705 -0.91720003 -5.06205797 104 136 51 0.000000 -0.888291 0.001316 -0.459279
1.06286097 -0.94369698 -4.95800877 120 154 90 0.000000 0.995717 0.001063 0.092452
1.19534600 -0.85838997 -4.94508410 122 157 57 0.000000 -0.999995 0.000979 0.002938
1.22636604 -0.94822103 -5.13960886 122 150 107 0.000000 0.541234 0.001350 -0.840871
1.10616100 -1.02577198 -5.22426987 85 92 81 0.000000 0.792878 0.001369 0.609379
1.18888295 -0.97213298 -5.20682096 119 151 54 0.000000 0.949175 0.001234 0.314746
1.10551500 -0.95209801 -5.15835094 107 135 78 0.000000 -0.308835 0.001230 0.951115
1.08612704 -1.04774499 -5.18614101 154 183 144 0.000000 0.074296 0.001046 -0.997236
1.07190895 -1.01090801 -5.14801121 130 159 118 0.000000 0.985368 0.001129 0.170436
1.20116198 -0.95597601 -5.15899801 95 129 36 0.000000 0.025017 0.001001 0.999686
1.14105904 -0.94951302 -5.17773914 124 156 67 0.000000 -0.716707 0.001381 0.697373
1.24123001 -0.87583899 -4.96511793 131 162 113 0.000000 0.609379 0.001369 0.792878
0.95558101 -0.97471797 -4.92052603 107 139 72 0.000000 0.099398 0.001069 0.995047
1.11844003 -0.91073698 -4.94185305 163 175 87 0.000000 0.785794 0.001371 0.618487
0.98013997 -0.97407103 -4.97481203 130 162 85 0.000000 0.997858 0.001038 -0.065416
1.20051599 -0.89910501 -4.99678516 126 160 65 0.000000 0.234487 0.001178 0.972119
0.92132998 -0.98893499 -4.92311096 138 171 92 0.000000 0.462431 0.001317 0.886654
1.10810006 -0.94240397 -5.02134323 109 140 56 0.000000 0.982047 0.001143 -0.188635
1.14170599 -0.93852699 -5.06011915 117 150 74 0.000000 0.998393 0.001030 -0.056668
1.17272604 -0.90944499 -5.29406595 145 167 100 0.000000 0.276796 0.001209 0.960928
1.17531097 -0.96760899 -5.12926912 93 129 52 0.000000 -0.903843 0.001300 -0.427862
1.08289599 -0.93077201 -4.93022013 154 176 118 0.000000 0.815569 0.001362 0.578659
1.08030999 -0.94822103 -5.00712490 125 154 103 0.000000 0.986665 0.001122 0.162760
1.04605901 -0.97924101 -5.03685284 126 153 106 0.000000 -0.657235 0.001378 0.753685
1.00275898 -0.95339102 -4.88691998 144 170 96 0.000000 -0.434129 0.001304 0.900850
1.26255703 -0.96566999 -5.06787395 109 144 41 0.000000 -0.575560 0.001361 -0.817758
0.96462899 -0.97988802 -5.00777102 116 146 83 0.000000 -0.997999 0.001036 0.063217
1.14752197 -0.96825498 -5.24688911 114 145 55 0.000000 0.836802 0.001352 -0.547504
1.15850794 -0.93012500 -4.95542383 140 170 109 0.000000 -0.471891 0.001322 0.881656
1.00922096 -1.03869796 -5.18226290 66 76 52 0.000000 0.356781 0.001261 -0.934187
1.19211400 -0.85451299 -4.91535616 106 141 45 0.000000 -0.381263 0.001275 0.924466
1.17789602 -0.94628203 -5.08532286 91 122 46 0.000000 0.550634 0.001353 0.834745
1.22959805 -0.94111198 -5.05300999 94 129 41 0.000000 0.237255 0.001180 0.971447
1.27225101 -0.90104401 -4.99937010 133 166 110 0.000000 0.341642 0.001251 0.939829
1.09258997 -0.98441201 -5.13120794 159 186 151 0.000000 0.874782 0.001327 0.484515
1.13330400 -0.91332299 -4.91277122 119 153 83 0.000000 0.813364 0.001362 0.581753
1.11391604 -0.99216700 -5.21134520 109 145 84 0.000000 0.960094 0.001211 -0.279674
1.29745495 -0.90039700 -5.02198887 59 70 55 0.000000 0.145143 0.001108 0.989410
1.20439303 -0.96825498 -5.12926912 142 171 116 0.000000 0.999999 0.000978 0.000978
1.23218298 -0.90879899 -4.99032307 112 145 82 0.000000 0.852716 0.001343 0.522373
0.99564999 -0.98376501 -5.05494881 134 168 91 0.000000 0.905318 0.001299 0.424733
0.97626197 -0.99992198 -5.07627487 110 148 73 0.000000 0.002938 0.000979 0.999995
1.13459694 -0.96631598 -5.12345314 111 149 60 0.000000 0.569351 0.001359 -0.822094
1.23412097 -0.90427500 -5.02909803 102 133 55 0.000000 0.990471 0.001102 -0.137718
0.96010500 -1.00573802 -5.14090204 130 161 72 0.000000 0.799835 0.001367 0.600218
1.07190895 -0.95985401 -5.03168297 140 170 110 0.000000 0.743362 0.001379 -0.668888
1.14041305 -0.90879899 -4.96382618 107 140 49 0.000000 -0.758770 0.001377 0.651358
1.21537995 -0.95209801 -5.18420219 74 88 63 0.000000 -0.995500 0.001065 0.094759
1.20956302 -0.87002301 -4.92246485 140 171 121 0.000000 0.905318 0.001299 0.424733
1.00728297 -1.02964997 -5.15447283 101 135 70 0.000000 -0.443546 0.001308 0.896251
1.06221497 -0.97924101 -5.09889507 113 149 49 0.000000 0.054502 0.001028 -0.998513
1.18112803 -0.91590798 -4.97933578 107 134 81 0.000000 0.627537 0.001373 0.778585
0.91680598 -1.01801705 -5.09307909 73 81 60 0.000000 -0.700167 0.001381 0.713977
1.22378099 -0.92366302 -5.07627487 102 132 60 0.000000 0.960094 0.001211 -0.279674
1.13265800 -0.97536403 -5.17127705 89 121 44 0.000000 -0.945148 0.001242 -0.326641
1.09129703 -1.00380003 -5.18097019 141 172 133 0.000000 0.850780 0.001344 0.525521
1.04799700 -1.00703096 -5.12991524 138 171 117 0.000000 0.948187 0.001236 0.317711
0.96786100 -1.03029597 -5.15059614 85 102 66 0.000000 0.323658 0.001240 0.946173
1.26514196 -0.93788099 -5.04525518 108 142 48 0.000000 -0.902354 0.001302 0.430994
0.94847298 -1.00832295 -5.05559492 99 131 67 0.000000 0.081042 0.001052 0.996710
1.09129703 -0.96179199 -5.07498312 115 142 95 0.000000 0.886654 0.001317 0.462431
1.25480199 -0.96631598 -5.10794306 128 148 89 0.000000 -0.668888 0.001379 0.743362
1.16173995 -0.97213298 -5.21393013 111 129 79 0.000000 0.864020 0.001335 -0.503455
0.92714602 -1.00056803 -4.97804403 121 151 92 0.000000 0.989771 0.001106 0.142660
1.08677304 -0.94305098 -4.97804403 102 132 75 0.000000 0.657235 0.001378 0.753685
1.13007295 -0.95016003 -5.04202414 90 124 47 0.000000 0.822094 0.001359 0.569351
1.04411995 -0.95403701 -4.98644495 133 166 97 0.000000 0.707106 0.001384 0.707106
1.20891702 -0.93529600 -5.22620916 168 190 150 0.000000 0.668888 0.001379 0.743362
0.94717997 -1.02189505 -5.10600424 99 131 63 0.000000 -0.982547 0.001141 0.186011
1.03442597 -0.99022800 -5.08273792 126 159 97 0.000000 0.878249 0.001325 0.478202
1.03571796 -1.02447999 -5.15964413 111 143 90 0.000000 -0.556887 0.001355 -0.830587
1.12684202 -0.92237002 -5.01488113 120 150 64 0.000000 -0.025017 0.001001 -0.999686
1.15721595 -0.93658799 -5.08920097 137 160 105 0.000000 0.811146 0.001363 0.584843
1.28065205 -0.95145202 -5.07110500 149 177 121 0.000000 -0.976541 0.001164 -0.215328
0.94071698 -0.98635000 -5.01100302 115 146 86 0.000000 0.556887 0.001355 -0.830587
1.19082201 -0.94175798 -5.20875978 101 126 69 0.000000 0.960094 0.001211 0.279674
1.15463102 -0.87390000 -4.95930195 104 135 42 0.000000 -0.063217 0.001036 0.997999
0.95364302 -0.96243900 -4.90178394 124 155 86 0.000000 0.748548 0.001379 -0.663079
1.09711301 -0.94757497 -5.04137707 170 197 130 0.000000 -0.341642 0.001251 0.939829
1.24446201 -0.94628203 -5.08920097 97 130 42 0.000000 -0.886654 0.001317 0.462431
1.10034502 -0.95791501 -5.10535812 128 157 96 0.000000 0.663079 0.001379 0.748548
1.14622903 -0.96890098 -5.14865685 105 135 65 0.000000 -0.994321 0.001075 -0.106419
1.16820204 -0.96050000 -5.25012112 122 152 80 0.000000 0.636526 0.001375 -0.771254
1.09969795 -0.91396898 -4.88562822 80 91 59 0.000000 0.390517 0.001280 0.920595
1.22313499 -0.92624801 -5.03685284 97 132 43 0.000000 -0.928213 0.001270 0.372047
1.17337298 -0.93723398 -5.17127705 91 121 51 0.000000 -0.945148 0.001242 0.326641
1.23929095 -0.84417200 -4.94443798 188 214 175 0.000000 0.550634 0.001353 0.834745
1.04347301 -0.94886702 -4.91018581 119 152 90 0.000000 0.999686 0.001001 -0.025017
1.07061601 -0.96631598 -5.08209181 126 160 64 0.000000 0.878249 0.001325 0.478202
1.03701103 -1.03869796 -5.18549395 109 143 82 0.000000 -0.897798 0.001307 0.440405
1.16691005 -0.93981898 -5.03879213 122 149 101 0.000000 0.879960 0.001323 -0.475046
1.12490296 -0.99604398 -5.24107313 128 138 110 0.000000 0.994066 0.001077 0.108776
1.19017506 -0.98505801 -5.12926912 115 147 67 0.000000 0.912475 0.001291 -0.409130
1.26837301 -0.86808401 -4.97287321 148 176 129 0.000000 0.368984 0.001268 0.929435
1.19146800 -0.96179199 -5.18420219 92 125 39 0.000000 0.362873 0.001264 0.931838
1.17660403 -0.89393502 -4.94508410 122 157 58 0.000000 -0.819933 0.001360 0.572458
1.21085596 -0.95274502 -5.10600424 100 135 40 0.000000 -0.790530 0.001370 -0.612421
1.19922304 -0.90944499 -5.02780581 124 153 67 0.000000 -0.763803 0.001376 -0.645448
1.08095706 -0.99216700 -5.10988092 158 187 145 0.000000 0.487672 0.001329 0.873026
1.17337298 -0.95145202 -5.29212809 39 53 0 0.000000 0.406019 0.001289 -0.913864
1.13265800 -0.89199603 -4.91083193 113 139 76 0.000000 -0.993804 0.001079 -0.111142
0.96979898 -1.01607895 -5.11117411 104 138 61 0.000000 -0.899331 0.001305 0.437266
1.05704498 -0.96760899 -5.05107117 134 168 110 0.000000 0.606331 0.001369 0.795211
1.12296402 -0.94434297 -5.10794306 100 131 52 0.000000 0.522373 0.001343 0.852716
1.29099298 -0.92883301 -5.03491402 152 173 128 0.000000 -0.061026 0.001034 0.998136
0.96139801 -0.99152100 -5.05300999 125 159 90 0.000000 0.399807 0.001286 -0.916599
1.09905195 -1.03998995 -5.20100498 145 172 123 0.000000 0.237255 0.001180 -0.971447
1.22119606 -0.93658799 -5.12022209 116 145 86 0.000000 0.663079 0.001379 -0.748548
1.12878001 -0.94822103 -5.13379288 103 135 50 0.000000 0.008867 0.000985 -0.999960
1.23347497 -0.98053402 -5.11763716 101 123 73 0.000000 -0.115898 0.001083 0.993261
1.15786195 -0.89975101 -4.93086576 129 159 66 0.000000 0.989771 0.001106 0.142660
0.95881301 -1.01414001 -5.07433701 107 136 78 0.000000 0.188635 0.001143 0.982047
0.99694198 -1.00250697 -5.06528902 89 118 58 0.000000 -0.707106 0.001384 0.707106
1.11003900 -0.97083998 -5.20035791 100 134 72 0.000000 0.167869 0.001127 0.985809
0.92197597 -0.98893499 -5.03620720 130 164 111 0.000000 -0.964929 0.001199 0.262509
1.04670501 -0.98118001 -5.11246586 101 137 42 0.000000 0.886654 0.001317 -0.462431
1.23282897 -0.88294798 -4.98386002 106 142 40 0.000000 0.052343 0.001026 -0.998629
1.11262405 -0.99022800 -5.15511990 187 208 188 0.000000 -0.273924 0.001207 -0.961751
1.19534600 -0.92560202 -5.12151384 101 130 64 0.000000 -0.175594 0.001133 -0.984462
1.00275898 -0.97213298 -4.98773718 116 151 80 0.000000 0.544370 0.001351 0.838844
1.15010703 -0.91913903 -5.02780581 129 160 72 0.000000 -0.566240 0.001358 0.824239
0.99888098 -0.96954799 -4.94379091 126 158 93 0.000000 0.848828 0.001345 0.528668
1.12037897 -0.94046599 -5.00518703 128 157 92 0.000000 -0.848828 0.001345 -0.528668
1.13395000 -0.92818701 -4.98902988 125 158 90 0.000000 0.881656 0.001322 0.471891
0.98789501 -1.02447999 -5.10600424 100 130 68 0.000000 -0.106419 0.001075 0.994321
1.18371296 -0.91978502 -5.10600424 98 128 55 0.000000 0.730182 0.001380 0.683251
1.08935797 -0.97148597 -5.11634398 122 152 107 0.000000 0.973432 0.001174 0.228974
1.06738496 -1.04322195 -5.19130993 127 156 108 0.000000 -0.332624 0.001246 0.943059
0.98401701 -1.00961602 -5.09178591 94 124 63 0.000000 0.368984 0.001268 0.929435
1.03054798 -0.97019398 -5.01746607 103 134 72 0.000000 0.813364 0.001362 0.581753
1.15075302 -0.96566999 -5.27467918 126 148 87 0.000000 0.999736 0.000999 0.022971
1.27160501 -0.84481901 -4.97869015 164 187 152 0.000000 0.528668 0.001345 0.848828
1.16109300 -0.91138399 -4.96511793 136 168 105 0.000000 0.790530 0.001370 0.612421
1.17595804 -0.88941097 -4.90372276 74 84 63 0.000000 0.528668 0.001345 0.848828
1.20051599 -0.94175798 -5.07886124 94 127 45 0.000000 0.860313 0.001338 0.509765
1.10292995 -0.93400300 -4.97158098 119 152 82 0.000000 0.879960 0.001323 -0.475046
1.01956201 -0.96308500 -4.95606995 124 153 91 0.000000 0.834745 0.001353 0.550634
1.10874605 -0.97083998 -5.11763716 115 146 85 0.000000 0.512919 0.001339 0.858436
1.01568401 -0.99669099 -5.06722784 104 133 80 0.000000 0.569351 0.001359 0.822094
1.22765899 -0.92754000 -5.01488113 114 146 70 0.000000 -0.648407 0.001377 0.761293
0.95622802 -0.98311901 -4.93797493 119 152 86 0.000000 0.935342 0.001259 0.353743
0.93748599 -1.00380003 -5.08015299 95 127 59 0.000000 0.991465 0.001096 -0.130369
1.26449597 -0.91913903 -5.02651310 101 130 73 0.000000 0.931838 0.001264 0.362873
1.01116002 -1.03094304 -5.12474489 114 142 91 0.000000 0.707106 0.001384 0.707106
0.99177200 -0.98635000 -5.03168297 110 139 81 0.000000 -0.998945 0.001020 0.045917
1.26061797 -0.94951302 -5.07756805 107 144 38 0.000000 -0.792878 0.001369 0.609379
0.97044599 -0.99087399 -5.02716017 134 169 95 0.000000 0.497143 0.001333 0.867668
1.16884899 -0.92495501 -5.01940393 107 141 75 0.000000 -0.972780 0.001176 0.231726
1.12878001 -0.96566999 -5.15511990 97 132 54 0.000000 -0.193909 0.001147 0.981019
1.11520898 -0.93077201 -4.98579788 117 154 75 0.000000 -0.953933 0.001225 0.300017
1.23218298 -0.96631598 -5.12991524 104 139 33 0.000000 -0.899331 0.001305 0.437266
1.02149999 -0.96696198 -4.98062801 121 155 87 0.000000 0.834745 0.001353 0.550634
1.09775996 -0.91978502 -4.93345118 156 182 91 0.000000 0.840871 0.001350 0.541234
0.94847298 -1.02771103 -5.08209181 106 136 77 0.000000 0.069839 0.001042 0.997558
1.04735100 -0.98182702 -5.05882597 149 180 122 0.000000 0.587928 0.001364 -0.808912
1.28065205 -0.88100898 -4.98902988 146 174 128 0.000000 0.326641 0.001242 0.945148
1.08548105 -1.02512598 -5.19195700 140 165 127 0.000000 0.633537 0.001374 0.773712
1.18177402 -0.90879899 -5.02134323 106 140 46 0.000000 -0.819933 0.001360 -0.572458
0.97496903 -0.96954799 -4.90824699 98 120 71 0.000000 0.896251 0.001308 0.443546
1.12296402 -0.96437699 -5.21199083 93 120 64 0.000000 0.844879 0.001347 0.534955
1.09194303 -0.95080602 -5.05882597 134 161 96 0.000000 0.950151 0.001232 0.311788
1.20956302 -0.84158701 -4.91341686 78 105 32 0.000000 -0.974705 0.001170 0.223492
1.18694401 -0.94628203 -5.11246586 85 115 41 0.000000 0.680398 0.001380 0.732842
1.05833805 -1.00056803 -5.11311197 126 160 99 0.000000 0.375114 0.001272 0.926978
1.26061797 -0.82736897 -4.95477819 59 65 54 0.000000 0.748548 0.001379 0.663079
1.07578695 -0.98828900 -5.09049320 163 191 146 0.000000 0.956644 0.001219 0.291258
1.20116198 -0.97342497 -5.22039223 123 141 68 0.000000 -0.633537 0.001374 0.773712
1.12554896 -0.93464899 -5.05236387 132 161 75 0.000000 -0.123096 0.001089 0.992394
1.04476595 -0.95209801 -4.95025396 122 150 98 0.000000 0.677534 0.001380 0.735490
1.09646702 -0.97148597 -5.14542580 96 130 72 0.000000 0.326641 0.001242 0.945148
1.14946103 -0.93594199 -5.04202414 107 141 67 0.000000 0.566240 0.001358 0.824239
1.23218298 -0.82736897 -4.91600180 62 68 57 0.000000 0.525521 0.001344 0.850780
1.01891506 -1.00961602 -5.11311197 117 152 85 0.000000 0.556887 0.001355 0.830587
0.99177200 -1.03869796 -5.14930296 110 144 69 0.000000 0.462431 0.001317 0.886654
1.17143404 -0.93852699 -5.26627684 145 172 127 0.000000 -0.101730 0.001071 0.994811
1.11908603 -0.92107803 -4.92634201 165 191 124 0.000000 0.819933 0.001360 0.572458
1.17854297 -0.97213298 -5.22168493 116 143 66 0.000000 0.033281 0.001009 0.999445
0.90905100 -0.99669099 -4.94120598 106 132 77 0.000000 0.002938 0.000979 0.999995
0.91422099 -1.01801705 -5.07304382 91 104 79 0.000000 0.899331 0.001305 -0.437266
1.18242002 -0.93594199 -5.04977894 101 130 59 0.000000 -0.078785 0.001050 -0.996891
1.13201201 -0.91978502 -4.95219278 122 157 89 0.000000 0.365926 0.001266 0.930643
1.21731901 -0.85645097 -4.93151188 63 68 57 0.000000 0.730182 0.001380 0.683251
1.18823695 -0.97665602 -5.17321491 190 214 150 0.000000 0.986241 0.001125 -0.165311
1.25092399 -0.90750599 -5.03879213 121 154 70 0.000000 0.204554 0.001156 -0.978855
1.12813401 -0.99992198 -5.21910000 164 191 157 0.000000 0.999298 0.001012 0.037461
1.16238594 -0.97536403 -5.23977995 137 167 66 0.000000 -0.994569 0.001073 -0.104070
1.16238594 -0.97213298 -5.17192316 101 136 54 0.000000 0.220763 0.001168 0.975327
1.18435895 -0.92754000 -5.02974510 112 140 79 0.000000 0.541234 0.001350 0.840871
0.95364302 -0.97601002 -4.97869015 138 171 103 0.000000 0.320681 0.001238 -0.947186
1.09065104 -0.92818701 -4.98709106 105 140 43 0.000000 -0.987889 0.001116 -0.155160
1.20503998 -0.97407103 -5.10858917 104 139 46 0.000000 -0.142660 0.001106 0.989771
1.26966596 -0.93206400 -5.06141090 110 140 70 0.000000 0.903843 0.001300 0.427862
0.91939098 -1.00961602 -5.02198887 113 145 78 0.000000 0.850780 0.001344 0.525521
1.02925599 -0.96243900 -5.04590082 131 166 72 0.000000 0.933019 0.001263 -0.359825
1.07643294 -1.00767696 -5.13120794 131 159 116 0.000000 0.085581 0.001057 -0.996331
1.21214795 -0.92818701 -5.05947304 107 134 76 0.000000 -0.799835 0.001367 0.600218
1.18500495 -0.90621400 -4.95671701 123 154 102 0.000000 0.525521 0.001344 0.850780
1.13653600 -0.96308500 -5.29600477 111 113 101 0.000000 0.065416 0.001038 -0.997858
1.19857705 -0.92624801 -5.20617485 105 132 77 0.000000 0.854638 0.001342 0.519223
1.11003900 -0.91849297 -4.90049219 108 141 60 0.000000 0.996331 0.001057 -0.085581
0.91615897 -0.97601002 -4.91018581 55 66 38 0.000000 0.860313 0.001338 -0.509765
1.00017405 -0.96373099 -4.90759993 121 143 92 0.000000 0.220763 0.001168 0.975327
1.14752197 -0.92237002 -5.06076479 119 145 72 0.000000 -0.797530 0.001368 -0.603278
0.91034299 -1.01220095 -4.96705723 127 156 103 0.000000 0.990125 0.001104 0.140185
1.18694401 -0.93400300 -5.09695578 98 128 54 0.000000 -0.471891 0.001322 -0.881656
1.23476803 -0.91396898 -5.00647879 107 139 77 0.000000 -0.294171 0.001221 0.955752
1.16238594 -0.92430902 -5.28114080 105 133 59 0.000000 0.840871 0.001350 -0.541234
1.00728297 -0.99410599 -5.04784012 114 146 76 0.000000 0.768784 0.001375 0.639507
1.06738496 -0.95403701 -5.04977894 124 159 59 0.000000 0.246171 0.001189 -0.969226
1.05446005 -0.96308500 -5.03233004 129 161 107 0.000000 0.997236 0.001046 -0.074296
0.97496903 -0.97859502 -4.99420023 127 159 94 0.000000 -0.421606 0.001297 -0.906778
0.95041102 -1.02706504 -5.13250113 83 102 54 0.000000 0.756234 0.001377 0.654300
0.90775800 -1.00703096 -5.00712490 134 151 117 0.000000 0.707106 0.001384 -0.707106
0.93231601 -0.99669099 -5.04719400 114 145 88 0.000000 -0.856545 0.001340 -0.516071
0.95752001 -0.99992198 -5.03556108 118 153 82 0.000000 0.915238 0.001287 0.402911
1.19146800 -0.90427500 -4.97222710 120 150 95 0.000000 0.776155 0.001374 0.630540
1.20956302 -0.92495501 -5.08532286 101 132 59 0.000000 0.231726 0.001176 -0.972780
1.06544602 -1.04774499 -5.20746708 114 138 101 0.000000 0.916599 0.001286 0.399807
1.23476803 -0.91720003 -5.06528902 122 147 82 0.000000 0.399807 0.001286 -0.916599
1.10099101 -0.99022800 -5.17321491 123 155 109 0.000000 0.826370 0.001357 0.563126
1.22054994 -0.87907100 -4.95283890 134 164 119 0.000000 0.553762 0.001354 0.832674
1.25674105 -0.87971699 -4.97739697 126 158 111 0.000000 0.035367 0.001010 0.999374
1.02602398 -0.97471797 -5.03491402 119 151 57 0.000000 -0.627537 0.001373 -0.778585
0.99758899 -1.00767696 -5.10148001 114 150 50 0.000000 -0.819933 0.001360 -0.572458
1.10357594 -0.96114600 -5.08920097 128 154 93 0.000000 -0.165311 0.001125 0.986241
0.95558101 -0.98570400 -5.02134323 102 134 69 0.000000 0.528668 0.001345 0.848828
1.19663799 -0.91655397 -5.00324821 98 128 69 0.000000 0.878249 0.001325 0.478202
1.04799700 -1.02189505 -5.14865685 123 157 105 0.000000 0.359825 0.001263 0.933019
1.10939205 -0.92237002 -4.96059418 114 143 54 0.000000 0.014865 0.000991 0.999889
1.10810006 -0.97213298 -5.17709303 102 135 75 0.000000 0.061026 0.001034 0.998136
1.23541403 -0.85386598 -4.93151188 163 190 145 0.000000 -0.797530 0.001368 -0.603278
1.18435895 -0.96050000 -5.15447283 71 77 68 0.000000 0.645448 0.001376 -0.763803
1.13524306 -0.97019398 -5.25787592 135 156 107 0.000000 -0.155160 0.001116 0.987889
1.16044700 -0.93594199 -5.14542580 104 135 53 0.000000 0.424733 0.001299 0.905318
1.13071895 -0.95403701 -5.06916714 130 164 94 0.000000 -0.852716 0.001343 0.522373
1.13782799 -0.94046599 -5.08984709 99 128 69 0.000000 -0.908224 0.001296 -0.418483
0.97949302 -0.96825498 -4.92698908 115 146 84 0.000000 -0.824239 0.001358 -0.566240
1.13847399 -0.93529600 -5.02457380 138 171 101 0.000000 0.010858 0.000987 0.999941
1.12942696 -0.97083998 -5.18678713 94 129 48 0.000000 0.761293 0.001377 0.648407
1.11327004 -0.94498998 -5.13960886 108 136 50 0.000000 -0.955752 0.001221 -0.294171
0.93813199 -1.01995599 -5.09243202 105 136 74 0.000000 0.998844 0.001022 -0.048051
1.15075302 -0.96114600 -5.16869116 103 139 58 0.000000 0.311788 0.001232 0.950151
1.15333796 -0.90362900 -4.91341686 129 163 98 0.000000 0.983522 0.001137 0.180786
1.05316699 -0.99152100 -5.14478016 115 149 53 0.000000 0.984919 0.001131 0.173011
1.23799896 -0.94757497 -5.10600424 109 141 51 0.000000 -0.991141 0.001098 0.132811
1.18952894 -0.91913903 -5.04266977 110 141 52 0.000000 -0.730182 0.001380 -0.683251
1.11456299 -0.92624801 -4.94573021 112 146 82 0.000000 0.813364 0.001362 0.581753
1.09258997 -0.94369698 -5.01681900 182 205 142 0.000000 -0.056668 0.001030 0.998393
1.03830302 -1.03998995 -5.15576601 126 161 101 0.000000 -0.228974 0.001174 0.973432
0.97109199 -0.98118001 -4.95413208 124 152 98 0.000000 0.132811 0.001098 0.991141
1.08224905 -1.00961602 -5.16028976 146 178 132 0.000000 0.917945 0.001284 0.396706
1.19211400 -0.94886702 -5.09372520 90 123 36 0.000000 -0.888291 0.001316 -0.459279
1.22636604 -0.93917298 -5.07304382 97 129 50 0.000000 -0.999976 0.000983 0.006883
1.19663799 -0.92301601 -5.14090204 116 143 76 0.000000 -0.977134 0.001162 0.212622
1.10034502 -1.02447999 -5.20940590 131 164 115 0.000000 0.998393 0.001030 0.056668
0.94136399 -0.98182702 -4.92246485 104 134 71 0.000000 0.702951 0.001381 0.711237
0.98272502 -1.01090801 -5.06658220 106 135 77 0.000000 0.997236 0.001046 -0.074296
0.95622802 -0.98182702 -5.06464291 90 107 73 0.000000 0.983039 0.001139 0.183394
1.02731705 -1.02964997 -5.14607191 114 145 91 0.000000 0.645448 0.001376 0.763803
1.01568401 -1.00767696 -5.09760189 110 138 86 0.000000 0.792878 0.001369 0.609379
1.04282701 -0.94822103 -4.92763519 141 168 105 0.000000 0.954848 0.001223 0.297091
1.12231803 -0.95791501 -5.16739893 90 124 42 0.000000 0.081042 0.001052 0.996710
1.16432500 -0.94111198 -5.11117411 110 136 85 0.000000 0.630540 0.001374 0.776155
1.16755605 -0.92043102 -4.99613905 128 159 111 0.000000 0.998739 0.001024 0.050193
1.15010703 -0.95597601 -5.12345314 91 124 50 0.000000 -0.356781 0.001261 -0.934187
1.14881396 -0.97213298 -5.23073292 112 139 61 0.000000 0.106419 0.001075 0.994321
1.09905195 -0.99862897 -5.19712687 125 158 109 0.000000 -0.183394 0.001139 0.983039
1.26320302 -0.85645097 -4.96188688 143 171 124 0.000000 0.484515 0.001327 0.874782
1.28970003 -0.90169001 -5.00841808 149 176 129 0.000000 0.016879 0.000993 0.999857
1.08418798 -1.03481996 -5.17644596 146 183 127 0.000000 0.885003 0.001319 0.465583
1.13395000 -0.95597601 -5.10600424 94 127 50 0.000000 -0.581753 0.001362 0.813364
1.17918897 -0.94822103 -5.13702393 93 124 59 0.000000 0.694569 0.001381 0.719425
1.00534403 -0.99281299 -5.07821417 109 143 49 0.000000 -0.329630 0.001244 -0.944109
1.18177402 -0.93852699 -5.07239819 90 123 42 0.000000 -0.886654 0.001317 0.462431
1.07255495 -0.93658799 -4.94831514 129 161 102 0.000000 0.994811 0.001071 0.101730
1.15269196 -0.92624801 -4.99678516 128 162 95 0.000000 0.986241 0.001125 0.165311
0.93942499 -0.99216700 -4.97416592 117 153 82 0.000000 0.766300 0.001376 -0.642481
1.30133295 -0.87907100 -5.01488113 109 145 42 0.000000 0.320681 0.001238 0.947186
1.02085400 -0.95662200 -4.92052603 119 153 88 0.000000 0.997858 0.001038 0.065416
1.04993606 -0.93529600 -4.91535616 160 179 103 0.000000 0.869469 0.001331 0.493986
1.01180601 -0.97601002 -5.00583315 122 158 83 0.000000 0.960928 0.001209 -0.276796
1.22054994 -0.96890098 -5.11569786 107 145 38 0.000000 -0.848828 0.001345 0.528668
0.92520702 -1.01155496 -5.06464291 115 144 88 0.000000 0.998629 0.001026 -0.052343
1.21667194 -0.89264202 -4.98321295 104 140 43 0.000000 -0.115898 0.001083 -0.993261
1.25027800 -0.92883301 -5.05494881 96 127 51 0.000000 -0.999960 0.000985 0.008867
1.11327004 -0.92947900 -5.01294184 106 136 46 0.000000 -0.745961 0.001379 -0.665988
1.24575400 -0.84998900 -4.95930195 166 197 154 0.000000 0.612421 0.001370 0.790530
0.91228199 -1.01220095 -4.99226093 130 145 110 0.000000 0.751123 0.001378 -0.660161
1.07449400 -0.92818701 -4.89015102 116 137 78 0.000000 0.722131 0.001381 -0.691755
1.15463102 -0.97859502 -5.20229721 111 148 51 0.000000 0.528668 0.001345 -0.848828
1.20697796 -0.92172402 -5.02392817 113 146 79 0.000000 -0.606331 0.001369 -0.795211
1.11068499 -0.94305098 -5.07304382 124 152 71 0.000000 -0.285453 0.001215 0.958392
1.15139997 -0.96308500 -5.29794407 142 162 103 0.000000 -0.883337 0.001320 0.468736
1.18565202 -0.96179199 -5.13960886 160 183 137 0.000000 0.953006 0.001227 0.302950
1.16497099 -0.95726800 -5.12474489 89 121 54 0.000000 0.680398 0.001380 0.732842
1.14687598 -0.97665602 -5.21586800 104 139 49 0.000000 -0.368984 0.001268 0.929435
1.05381405 -0.94951302 -4.96834898 128 160 96 0.000000 0.974705 0.001170 -0.223492
1.06609297 -0.95274502 -5.00712490 120 153 94 0.000000 -0.707106 0.001384 -0.707106
1.07966399 -0.99410599 -5.13637781 147 176 138 0.000000 0.899331 0.001305 -0.437266
1.05446005 -1.02512598 -5.16158199 130 162 113 0.000000 0.836802 0.001352 0.547504
1.25738704 -0.96502399 -5.09049320 106 140 38 0.000000 -0.976541 0.001164 -0.215328
0.97044599 -1.03546596 -5.11375904 89 121 53 0.000000 0.265352 0.001201 0.964151
1.20697796 -0.96308500 -5.17903090 163 189 149 0.000000 -0.924466 0.001275 -0.381263
1.09129703 -0.91720003 -4.91858721 166 181 94 0.000000 -0.627537 0.001373 -0.778585
1.20503998 -0.93917298 -5.21134520 144 170 123 0.000000 0.137718 0.001102 -0.990471
1.08224905 -0.94305098 -4.99355412 140 163 104 0.000000 0.581753 0.001362 0.813364
1.07707906 -0.95985401 -5.06787395 132 169 68 0.000000 0.204554 0.001156 0.978855
1.09129703 -0.98958200 -5.14478016 126 155 114 0.000000 0.881656 0.001322 0.471891
1.16044700 -0.95016003 -5.16287518 95 126 49 0.000000 0.906778 0.001297 0.421606
1.12167096 -0.90879899 -4.89919901 141 168 94 0.000000 -0.688930 0.001381 0.724826
1.13330400 -0.93658799 -5.01100302 128 157 95 0.000000 0.995277 0.001067 0.097074
1.22765899 -0.88230199 -4.96511793 143 176 129 0.000000 0.553762 0.001354 0.832674
1.23412097 -0.83835602 -4.93215799 87 99 71 0.000000 0.846861 0.001346 0.531813
1.27742100 -0.93335700 -5.03233004 111 139 76 0.000000 -0.212622 0.001162 0.977134
1.01245296 -1.04192901 -5.16028976 108 141 75 0.000000 0.058843 0.001032 0.998267
1.01116002 -0.98053402 -5.11182022 122 158 58 0.000000 -0.063217 0.001036 0.997999
0.97626197 -0.98441201 -5.03879213 118 147 90 0.000000 0.697373 0.001381 0.716707
1.26772702 -0.88747197 -4.98773718 139 168 121 0.000000 0.332624 0.001246 0.943059
1.20568597 -0.87648499 -4.94896221 115 152 46 0.000000 -0.955752 0.001221 0.294171
1.19340706 -0.95274502 -5.19971180 97 125 65 0.000000 0.320681 0.001238 0.947186
1.05122900 -1.04128301 -5.18614101 113 146 92 0.000000 0.600218 0.001367 0.799835
0.99888098 -0.98505801 -5.10083294 121 157 56 0.000000 -0.063217 0.001036 0.997999
1.12102497 -0.99087399 -5.22814798 162 187 147 0.000000 0.999941 0.000987 -0.010858
1.20956302 -0.91590798 -5.05236387 106 137 49 0.000000 0.963362 0.001203 -0.268202
1.17401898 -0.92430902 -5.05107117 104 138 46 0.000000 -0.378186 0.001273 -0.925729
1.09840596 -0.98053402 -5.16158199 108 142 87 0.000000 0.883337 0.001320 -0.468736
1.20374703 -0.96308500 -5.19971180 134 162 113 0.000000 0.475046 0.001323 0.879960
0.95881301 -1.03029597 -5.10600424 95 125 52 0.000000 -0.630540 0.001374 -0.776155
1.29422402 -0.91396898 -5.02522087 92 107 79 0.000000 0.002938 0.000979 0.999995
1.19728398 -0.89910501 -4.95865488 129 162 106 0.000000 0.597153 0.001366 0.802126
1.25544798 -0.90944499 -5.00130892 119 152 97 0.000000 0.291258 0.001219 0.956644
1.19082201 -0.92107803 -5.01552677 102 134 71 0.000000 0.396706 0.001284 0.917945
1.14493704 -0.90169001 -4.92504978 68 77 46 0.000000 -0.606331 0.001369 -0.795211
1.12490296 -0.94951302 -5.09307909 92 124 49 0.000000 -0.999995 0.000979 0.002938
1.23412097 -0.95274502 -5.12603807 133 160 107 0.000000 0.475046 0.001323 -0.879960
0.94976503 -0.99862897 -5.02134323 108 139 78 0.000000 0.668888 0.001379 0.743362
1.27031195 -0.94369698 -5.08596897 115 142 86 0.000000 0.459279 0.001316 -0.888291
1.21214795 -0.97407103 -5.19130993 77 87 69 0.000000 0.688930 0.001381 0.724826
1.18888295 -0.91590798 -4.99096918 99 129 64 0.000000 0.824239 0.001358 0.566240
0.94200999 -1.02641904 -5.11892891 111 138 71 0.000000 0.873026 0.001329 0.487672
0.99694198 -0.97213298 -4.95736313 128 155 102 0.000000 0.899331 0.001305 0.437266
1.22636604 -0.91202998 -5.10018682 135 161 97 0.000000 0.995717 0.001063 -0.092452
1.02408600 -0.99022800 -5.05042505 108 134 83 0.000000 0.869469 0.001331 0.493986
1.24187601 -0.89134997 -4.97610521 119 150 101 0.000000 0.010858 0.000987 0.999941
1.08935797 -0.93206400 -4.96899605 114 143 50 0.000000 -0.894688 0.001310 -0.446689
1.21214795 -0.94822103 -5.07433701 93 125 42 0.000000 0.885003 0.001319 0.465583
1.21279502 -0.85774398 -4.91729403 161 184 140 0.000000 0.323658 0.001240 0.946173
1.14881396 -0.94886702 -5.07239819 153 183 110 0.000000 0.985809 0.001127 -0.167869
0.99500400 -0.97407103 -5.01746607 160 190 126 0.000000 -0.039563 0.001014 -0.999217
1.05575299 -0.98958200 -5.10535812 125 158 85 0.000000 -0.018902 0.000995 0.999821
1.07772505 -0.98311901 -5.11957502 163 193 142 0.000000 0.865851 0.001334 0.500299
1.27418995 -0.96114600 -5.07821417 70 84 35 0.000000 -0.986665 0.001122 0.162760
1.01309896 -1.04774499 -5.17256880 104 136 69 0.000000 0.920595 0.001280 0.390517
1.15527701 -0.91138399 -4.95283890 143 168 115 0.000000 -0.738126 0.001380 -0.674661
1.19793105 -0.90685999 -4.98386002 123 152 99 0.000000 0.688930 0.001381 0.724826
1.23799896 -0.95791501 -5.09178591 97 133 36 0.000000 -0.302950 0.001227 0.953006
1.04218102 -0.99152100 -5.09372520 114 145 91 0.000000 0.481358 0.001326 0.876523
1.07320201 -0.97536403 -5.06916714 137 168 119 0.000000 -0.223492 0.001170 0.974705
1.05833805 -0.95145202 -4.99613905 134 164 74 0.000000 -0.817758 0.001361 -0.575560
0.90000302 -0.98505801 -4.92246485 107 114 90 0.000000 0.886654 0.001317 0.462431
1.16109300 -0.92560202 -5.00841808 125 157 96 0.000000 0.982047 0.001143 -0.188635
1.24058402 -0.94046599 -5.06076479 99 132 40 0.000000 0.528668 0.001345 0.848828
0.98660201 -0.96631598 -4.90243101 126 158 90 0.000000 0.074296 0.001046 0.997236
1.07384801 -0.94175798 -4.97481203 133 163 105 0.000000 -0.308835 0.001230 0.951115
0.97109199 -1.00315297 -5.06205797 106 137 78 0.000000 0.680398 0.001380 0.732842
1.12102497 -0.89716601 -4.90695381 73 90 51 0.000000 0.268202 0.001203 0.963362
1.19599199 -0.93917298 -5.22103882 104 130 72 0.000000 -0.955752 0.001221 0.294171
1.20245397 -0.86808401 -4.91147804 57 69 42 0.000000 0.745961 0.001379 0.665988
1.11714804 -0.93788099 -5.04266977 107 136 53 0.000000 0.180786 0.001137 0.983522
1.21020997 -0.93012500 -5.07239819 125 152 93 0.000000 -0.120688 0.001087 0.992690
1.12296402 -0.97794902 -5.19583511 126 158 96 0.000000 0.811146 0.001363 0.584843
1.13847399 -0.97924101 -5.24882793 132 157 103 0.000000 0.697373 0.001381 0.716707
1.05963004 -1.01543200 -5.14671898 145 179 119 0.000000 -0.732842 0.001380 -0.680398
1.00792897 -0.96373099 -4.92634201 119 149 89 0.000000 0.996710 0.001052 0.081042
1.13007295 -0.90556699 -4.94508410 84 95 55 0.000000 0.191268 0.001145 0.981537
1.03377998 -1.05033100 -5.19066381 94 107 83 0.000000 0.550634 0.001353 0.834745
1.27354300 -0.94563597 -5.03879213 43 60 19 0.000000 -0.223492 0.001170 0.974705
1.15656996 -0.93529600 -5.03103685 112 140 84 0.000000 0.503455 0.001335 0.864020
1.15398502 -0.96631598 -5.19777298 112 149 52 0.000000 0.668888 0.001379 0.743362
1.14299798 -0.94886702 -5.13185406 101 131 50 0.000000 0.534955 0.001347 0.844879
1.01051402 -1.01801705 -5.12668419 118 150 91 0.000000 -0.031203 0.001007 0.999513
1.12554896 -0.95403701 -5.11634398 91 122 52 0.000000 -0.471891 0.001322 0.881656
1.13395000 -0.95468301 -5.05365610 124 155 81 0.000000 0.603278 0.001368 0.797530
0.97820097 -0.98958200 -5.05300999 114 143 84 0.000000 -0.083307 0.001055 0.996523
1.15915501 -0.96954799 -5.25270605 107 130 40 0.000000 -0.175594 0.001133 -0.984462
1.06803095 -0.96566999 -5.04266977 146 178 128 0.000000 0.680398 0.001380 -0.732842
1.15527701 -0.94046599 -5.10148001 112 138 90 0.000000 0.624527 0.001373 0.781002
1.13395000 -0.92366302 -4.96447182 121 156 89 0.000000 0.946173 0.001240 0.323658
0.93425500 -1.02060199 -5.10535812 96 127 57 0.000000 -0.645448 0.001376 0.763803
1.08224905 -0.95209801 -5.03297615 138 168 107 0.000000 0.487672 0.001329 -0.873026
1.16044700 -0.94305098 -5.06981277 88 119 46 0.000000 0.748548 0.001379 -0.663079
1.14105904 -0.92107803 -5.01875782 118 150 61 0.000000 -0.660161 0.001378 -0.751123
1.11520898 -0.96243900 -5.14542580 119 150 82 0.000000 0.362873 0.001264 0.931838
1.07190895 -0.95209801 -5.02134323 154 182 125 0.000000 0.874782 0.001327 -0.484515
1.19793105 -0.93206400 -5.23784208 129 155 105 0.000000 -0.344659 0.001253 -0.938727
1.11973298 -0.94046599 -5.02651310 98 133 63 0.000000 0.043791 0.001018 0.999040
1.25803304 -0.85838997 -4.97351885 145 176 134 0.000000 0.711237 0.001381 0.702951
1.07320201 -0.97342497 -5.10212612 107 143 40 0.000000 -0.393609 0.001282 -0.919277
0.96786100 -0.97665602 -4.97739697 117 149 80 0.000000 -0.090153 0.001061 -0.995927
1.17272604 -0.95726800 -5.18420219 113 142 87 0.000000 0.954848 0.001223 0.297091
0.96786100 -0.97794902 -4.93668318 121 153 89 0.000000 -0.503455 0.001335 -0.864020
1.21085596 -0.87519300 -4.93409681 134 162 115 0.000000 0.911072 0.001292 0.412244
1.05575299 -0.94046599 -4.90436888 120 150 92 0.000000 0.998513 0.001028 -0.054502
1.05963004 -1.00186098 -5.13056183 125 154 109 0.000000 0.130369 0.001096 0.991465
0.93296200 -0.99410599 -5.01746607 117 149 88 0.000000 0.982547 0.001141 -0.186011
1.02602398 -0.99862897 -5.08726215 112 145 87 0.000000 0.691755 0.001381 0.722131
1.13976705 -0.90879899 -4.89661407 50 59 35 0.000000 0.740750 0.001379 0.671779
1.16238594 -0.91913903 -5.03103685 125 156 66 0.000000 -0.297091 0.001223 -0.954848
1.06415403 -1.02706504 -5.17127705 124 155 111 0.000000 0.481358 0.001326 0.876523
0.92456102 -1.01090801 -5.03362179 137 165 111 0.000000 -0.844879 0.001347 -0.534955
0.97755402 -0.97988802 -5.00647879 111 140 83 0.000000 -0.029133 0.001005 0.999575
1.11003900 -0.93981898 -4.99807692 127 154 97 0.000000 -0.294171 0.001221 0.955752
1.20956302 -0.92624801 -5.04525518 105 139 55 0.000000 -0.996710 0.001052 -0.081042
1.05639899 -0.97407103 -5.06270409 132 163 103 0.000000 -0.201881 0.001154 0.979409
1.22054994 -0.83124697 -4.91858721 114 151 45 0.000000 -0.997558 0.001042 0.069839
0.96462899 -0.98893499 -5.03943920 118 153 82 0.000000 0.846861 0.001346 -0.531813
1.23282897 -0.90233600 -5.01681900 110 144 55 0.000000 -0.995717 0.001063 0.092452
1.03377998 -0.95016003 -4.91923285 124 158 90 0.000000 0.218041 0.001166 -0.975939
1.04476595 -0.95920700 -5.01229477 127 157 65 0.000000 -0.707106 0.001384 -0.707106
1.20180798 -0.93723398 -5.06658220 110 144 58 0.000000 0.150135 0.001112 -0.988665
1.22378099 -0.93400300 -5.06141090 95 130 40 0.000000 0.240031 0.001182 0.970765
1.00405097 -1.02900398 -5.14154816 115 150 81 0.000000 0.099398 0.001069 0.995047
1.13718200 -0.97859502 -5.27984905 120 128 101 0.000000 0.560008 0.001356 0.828486
1.18629801 -0.95597601 -5.17450809 91 123 50 0.000000 0.633537 0.001374 0.773712
1.24381495 -0.82736897 -4.92892694 161 185 135 0.000000 0.832674 0.001354 0.553762
0.98337102 -0.98764300 -5.02263498 130 163 96 0.000000 0.955752 0.001221 0.294171
0.94782603 -0.98376501 -4.94702291 114 148 81 0.000000 0.925729 0.001273 0.378186
1.26966596 -0.84158701 -4.96641111 170 192 143 0.000000 0.738126 0.001380 0.674661
0.93425500 -0.98958200 -4.93603611 124 157 94 0.000000 0.566240 0.001358 0.824239
1.08935797 -1.01414001 -5.18743277 133 163 120 0.000000 0.830587 0.001355 0.556887
1.19017506 -0.93917298 -5.05882597 100 132 60 0.000000 -0.974705 0.001170 0.223492
1.03248703 -0.96243900 -4.98386002 126 157 90 0.000000 0.838844 0.001351 -0.544370
1.17208004 -0.92624801 -5.26692295 149 175 129 0.000000 0.954848 0.001223 0.297091
1.16303205 -0.91202998 -5.28178692 106 133 56 0.000000 0.934187 0.001261 0.356781
1.09323597 -0.93529600 -4.99678516 105 137 42 0.000000 0.981537 0.001145 -0.191268
1.03701103 -1.03934395 -5.17321491 92 116 74 0.000000 0.430994 0.001302 0.902354
0.93425500 -0.99604398 -5.00001621 120 153 92 0.000000 0.999575 0.001005 0.029133
1.16626406 -0.87002301 -4.95930195 114 145 53 0.000000 -0.911072 0.001292 0.412244
1.14299798 -0.96308500 -5.28372622 73 81 48 0.000000 0.958392 0.001215 -0.285453
0.99112600 -0.97342497 -4.97998190 119 152 84 0.000000 0.550634 0.001353 0.834745
1.00082004 -0.97601002 -5.00066280 104 135 70 0.000000 0.958392 0.001215 0.285453
1.24833906 -0.92301601 -5.02974510 96 126 63 0.000000 -0.811146 0.001363 -0.584843
0.96979898 -0.97407103 -4.96382618 111 142 81 0.000000 0.836802 0.001352 0.547504
0.95041102 -1.02060199 -5.06852102 104 135 75 0.000000 -0.970072 0.001184 0.242814
1.17208004 -0.96696198 -5.20165110 98 119 60 0.000000 0.795211 0.001369 0.606331
0.94071698 -1.00315297 -5.04137707 107 136 80 0.000000 0.314746 0.001234 0.949175
1.02214706 -0.97665602 -5.02328205 104 136 72 0.000000 0.251210 0.001191 0.967932
1.13136494 -0.92624801 -5.05882597 102 132 44 0.000000 -0.421606 0.001297 0.906778
1.00599003 -0.96114600 -4.93797493 137 168 101 0.000000 0.883337 0.001320 0.468736
1.23670602 -0.91590798 -5.02716017 96 125 59 0.000000 0.960928 0.001209 0.276796
1.16820204 -0.96760899 -5.26046085 46 52 41 0.000000 0.972780 0.001176 0.231726
0.98401701 -1.03288102 -5.12862301 108 143 68 0.000000 0.758770 0.001377 -0.651358
1.08483398 -0.97471797 -5.08403111 129 162 101 0.000000 0.960928 0.001209 -0.276796
1.00792897 -1.00638497 -5.06916714 101 130 74 0.000000 -0.130369 0.001096 0.991465
1.18565202 -0.95209801 -5.16287518 96 125 58 0.000000 0.004907 0.000981 0.999987
1.03830302 -0.98505801 -5.05171680 129 163 97 0.000000 -0.581753 0.001362 -0.813364
1.15721595 -0.94498998 -5.13831711 104 136 53 0.000000 0.497143 0.001333 0.867668
1.06803095 -0.95533001 -4.99032307 131 162 97 0.000000 0.937612 0.001255 0.347682
1.12748802 -0.94563597 -5.08209181 119 148 68 0.000000 -0.341642 0.001251 -0.939829
1.06673896 -0.93464899 -4.92504978 131 164 106 0.000000 0.150135 0.001112 -0.988665
1.05446005 -0.97019398 -5.09824800 103 137 40 0.000000 -0.560008 0.001356 -0.828486
1.22313499 -0.90879899 -4.99807692 105 137 70 0.000000 0.308835 0.001230 0.951115
1.14170599 -0.95726800 -5.06593513 131 165 86 0.000000 0.663079 0.001379 0.748548
1.10486901 -0.96890098 -5.10535812 119 148 98 0.000000 0.962562 0.001205 0.271059
1.11197698 -0.99475199 -5.17321491 160 187 149 0.000000 0.979955 0.001152 0.199215
1.09711301 -0.96825498 -5.12474489 117 149 96 0.000000 0.869469 0.001331 -0.493986
1.14299798 -0.88617897 -4.91083193 139 162 96 0.000000 -0.584843 0.001363 0.811146
1.25286305 -0.95726800 -5.08209181 102 136 39 0.000000 -0.603278 0.001368 -0.797530
1.01697695 -1.04968405 -5.18355608 112 129 93 0.000000 -0.873026 0.001329 0.487672
1.19340706 -0.93206400 -5.10664988 99 128 55 0.000000 -0.842882 0.001349 0.538096
1.12037897 -0.98247302 -5.21328402 153 180 149 0.000000 -0.988281 0.001114 -0.152643
1.11327004 -0.95080602 -5.10600424 96 126 61 0.000000 -0.329630 0.001244 -0.944109
1.28840804 -0.86162102 -4.98386002 94 111 80 0.000000 0.522373 0.001343 0.852716
1.13395000 -0.95597601 -5.16804504 118 150 62 0.000000 -0.995717 0.001063 -0.092452
1.17595804 -0.90556699 -4.94702291 121 153 98 0.000000 0.624527 0.001373 0.781002
1.08095706 -0.95468301 -5.05688810 130 159 111 0.000000 0.848828 0.001345 0.528668
1.10551500 -0.96825498 -5.13637781 110 140 84 0.000000 0.992091 0.001091 -0.125512
1.16109300 -0.89845800 -4.89984608 51 59 43 0.000000 0.865851 0.001334 0.500299
0.98531002 -0.97213298 -4.95930195 120 150 96 0.000000 0.067624 0.001040 0.997710
1.04024196 -0.96954799 -5.03362179 104 137 48 0.000000 -0.660161 0.001378 -0.751123
1.19663799 -0.97471797 -5.19195700 142 169 73 0.000000 0.120688 0.001087 -0.992690
1.01051402 -0.98376501 -5.04331589 87 117 57 0.000000 0.738126 0.001380 -0.674661
1.02925599 -1.00121403 -5.09824800 144 176 113 0.000000 0.822094 0.001359 0.569351
1.23347497 -0.89910501 -4.98386002 116 148 91 0.000000 0.553762 0.001354 0.832674
1.15915501 -0.95662200 -5.15318108 92 122 52 0.000000 0.899331 0.001305 0.437266
0.97496903 -0.99281299 -5.06593513 123 158 82 0.000000 0.751123 0.001378 0.660161
1.12813401 -0.91913903 -4.94120598 123 157 90 0.000000 0.997710 0.001040 -0.067624
0.91357398 -1.01607895 -5.03620720 63 75 47 0.000000 -0.512919 0.001339 0.858436
1.00986803 -0.95145202 -4.89596796 106 137 67 0.000000 -0.761293 0.001377 -0.648407
1.13588905 -0.95016003 -5.14284086 109 140 60 0.000000 -0.170436 0.001129 -0.985368
1.13588905 -0.97601002 -5.21199083 109 146 53 0.000000 0.697373 0.001381 0.716707
1.23476803 -0.86226797 -4.95090008 146 176 130 0.000000 0.776155 0.001374 0.630540
1.09775996 -0.95209801 -5.07433701 171 197 131 0.000000 0.838844 0.001351 0.544370
1.07449400 -0.97342497 -5.09049320 134 165 110 0.000000 0.962562 0.001205 0.271059
1.15269196 -0.93658799 -5.06399584 103 142 51 0.000000 0.832674 0.001354 0.553762
1.16238594 -0.93400300 -5.28760386 108 136 62 0.000000 0.516071 0.001340 -0.856545
1.16432500 -0.90039700 -4.91535616 125 157 98 0.000000 0.885003 0.001319 0.465583
1.12296402 -0.95662200 -5.19195700 165 191 118 0.000000 0.999857 0.000993 0.016879
1.17208004 -0.93141800 -5.02845192 116 143 86 0.000000 0.180786 0.001137 0.983522
1.02796304 -1.03481996 -5.15641212 104 137 80 0.000000 0.844879 0.001347 0.534955
1.20956302 -0.89134997 -4.95994806 126 157 108 0.000000 0.683251 0.001380 0.730182
1.24640000 -0.95856100 -5.10923481 89 121 33 0.000000 0.427862 0.001300 0.903843
1.20180798 -0.92366302 -5.09372520 136 162 89 0.000000 0.033281 0.001009 -0.999445
0.91809797 -1.01090801 -4.97545815 92 123 61 0.000000 0.761293 0.001377 0.648407
1.09517503 -0.97988802 -5.11117411 157 184 144 0.000000 0.999513 0.001007 0.031203
1.22959805 -0.94498998 -5.11892891 104 133 70 0.000000 0.988665 0.001112 -0.150135
0.98337102 -1.03352797 -5.14348698 96 125 57 0.000000 -0.994066 0.001077 0.108776
1.15398502 -0.94434297 -5.08144617 134 167 92 0.000000 -0.175594 0.001133 0.984462
0.93490100 -0.99475199 -4.95800877 121 156 89 0.000000 0.924466 0.001275 0.381263
0.99177200 -1.01543200 -5.08596897 102 135 71 0.000000 -0.087863 0.001059 0.996132
1.12748802 -0.96373099 -5.13185406 109 141 68 0.000000 0.804402 0.001366 -0.594083
1.03313303 -0.97730303 -5.02586699 104 133 79 0.000000 0.581753 0.001362 0.813364
1.22378099 -0.92107803 -5.08726215 103 134 59 0.000000 -0.231726 0.001176 0.972780
0.97496903 -1.01155496 -5.08532286 107 138 78 0.000000 0.180786 0.001137 0.983522
1.09065104 -0.92366302 -4.99937010 104 138 43 0.000000 0.265352 0.001201 -0.964151
1.11003900 -0.92301601 -4.93280506 119 153 85 0.000000 0.730182 0.001380 -0.683251
1.19663799 -0.92237002 -5.22944021 128 154 98 0.000000 0.950151 0.001232 -0.311788
1.22248900 -0.89975101 -4.97675085 113 144 86 0.000000 0.010858 0.000987 0.999941
0.92650002 -0.99992198 -5.02457380 125 152 103 0.000000 0.600218 0.001367 0.799835
0.92326802 -0.99927598 -4.94379091 115 149 86 0.000000 0.553762 0.001354 0.832674
1.02796304 -0.98441201 -5.04008484 102 131 77 0.000000 -0.804402 0.001366 0.594083
1.10034502 -0.92043102 -4.89532089 108 141 55 0.000000 0.815569 0.001362 -0.578659
1.06673896 -1.00121403 -5.14995003 122 153 109 0.000000 0.615457 0.001371 0.788169
1.17143404 -0.91784602 -4.98450613 118 147 94 0.000000 0.245605 0.001186 0.969369
1.16755605 -0.88747197 -4.94573021 108 142 48 0.000000 -0.412244 0.001292 0.911072
1.15786195 -0.92366302 -4.96447182 132 166 99 0.000000 0.727510 0.001380 0.686096
0.98660201 -1.00315297 -5.07368994 111 139 82 0.000000 0.008867 0.000985 0.999960
1.17208004 -0.97083998 -5.24882793 169 191 150 0.000000 0.259673 0.001197 0.965696
1.27936006 -0.87066901 -4.99290800 128 157 109 0.000000 0.311788 0.001232 0.950151
1.23412097 -0.85451299 -4.94249916 146 175 127 0.000000 0.509765 0.001338 0.860313
1.08354199 -1.01672494 -5.16869116 139 172 119 0.000000 0.846861 0.001346 0.531813
1.14235198 -0.96243900 -5.26821613 139 159 116 0.000000 -0.578659 0.001362 0.815569
1.10422206 -0.97794902 -5.14995003 154 180 151 0.000000 0.996331 0.001057 0.085581
1.00986803 -0.96825498 -4.95736313 124 156 88 0.000000 0.885003 0.001319 0.465583
1.04411995 -0.94822103 -4.97351885 141 172 104 0.000000 0.157685 0.001118 -0.987489
1.12942696 -0.99992198 -5.23008585 141 167 120 0.000000 0.804402 0.001366 0.594083
1.21667194 -0.96890098 -5.10535812 136 167 77 0.000000 0.981019 0.001147 -0.193909
1.22507405 -0.93917298 -5.09113979 107 140 54 0.000000 -0.934187 0.001261 0.356781
0.95235002 -0.99733698 -5.10858917 127 163 65 0.000000 0.998393 0.001030 -0.056668
1.06350803 -0.97665602 -5.07950687 139 169 127 0.000000 0.031203 0.001007 0.999513
1.08935797 -0.94175798 -5.00647879 212 233 165 0.000000 -0.719425 0.001381 -0.694569
1.14881396 -0.91590798 -4.96382618 125 159 97 0.000000 0.999995 0.000979 0.002938
0.90323400 -1.01543200 -5.07368994 66 77 64 0.000000 0.396706 0.001284 -0.917945
1.18177402 -0.89522702 -4.93215799 131 161 108 0.000000 0.781002 0.001373 0.624527
1.04347301 -1.00186098 -5.11634398 125 157 103 0.000000 0.740750 0.001379 0.671779
1.20310104 -0.93077201 -5.11569786 113 143 82 0.000000 0.399807 0.001286 0.916599
0.98660201 -0.98182702 -5.04137707 107 137 79 0.000000 0.528668 0.001345 0.848828
0.91939098 -1.02060199 -5.06270409 139 172 120 0.000000 0.785794 0.001371 0.618487
1.21602595 -0.95920700 -5.11311197 107 143 39 0.000000 0.899331 0.001305 0.437266
1.05639899 -0.98635000 -5.09307909 122 152 107 0.000000 -0.165311 0.001125 0.986241
1.09388196 -1.03546596 -5.19260311 160 189 144 0.000000 0.771254 0.001375 0.636526
0.94265598 -0.97601002 -4.91341686 97 109 80 0.000000 0.600218 0.001367 0.799835
1.18629801 -0.96954799 -5.22879410 106 135 65 0.000000 -0.771254 0.001375 0.636526
1.13524306 -0.92624801 -5.00841808 122 154 77 0.000000 -0.975327 0.001168 0.220763
1.04735100 -0.95016003 -4.93991423 131 160 103 0.000000 0.738126 0.001380 0.674661
1.16949499 -0.94822103 -5.13185406 109 138 84 0.000000 0.707106 0.001384 0.707106
1.12942696 -0.96050000 -5.20423603 94 127 46 0.000000 -0.199215 0.001152 -0.979955
1.19275999 -0.97342497 -5.11440516 116 149 72 0.000000 0.991782 0.001093 0.127937
1.25803304 -0.91913903 -5.00647879 104 133 76 0.000000 0.955752 0.001221 0.294171
1.16497099 -0.95468301 -5.17256880 108 136 79 0.000000 -0.724826 0.001381 0.688930
1.21085596 -0.95856100 -5.09695578 97 132 43 0.000000 -0.999960 0.000985 0.008867
1.23606002 -0.83706301 -4.91858721 172 194 146 0.000000 0.768784 0.001375 0.639507
0.96462899 -0.97213298 -4.92569590 112 142 81 0.000000 0.797530 0.001368 0.603278
1.02925599 -0.98764300 -5.07368994 123 158 94 0.000000 0.707106 0.001384 0.707106
1.01826894 -0.99798298 -5.07756805 106 142 76 0.000000 0.766300 0.001376 -0.642481
0.99758899 -1.02641904 -5.12409878 99 130 68 0.000000 -0.311788 0.001232 0.950151
1.13330400 -0.94628203 -5.09889507 101 131 50 0.000000 -0.955752 0.001221 -0.294171
1.09258997 -0.96243900 -5.09954119 110 147 49 0.000000 -0.990125 0.001104 -0.140185
1.17208004 -0.93852699 -5.07692194 95 129 52 0.000000 -0.245605 0.001186 0.969369
1.03830302 -1.00703096 -5.12539101 113 144 90 0.000000 0.971447 0.001180 -0.237255
1.14041305 -0.96631598 -5.23913383 112 142 64 0.000000 0.852716 0.001343 -0.522373
1.09969795 -0.92689401 -4.94120598 118 152 83 0.000000 0.680398 0.001380 0.732842
0.95558101 -0.97019398 -4.90889311 50 62 39 0.000000 0.528668 0.001345 0.848828
1.14041305 -0.96437699 -5.14090204 96 128 54 0.000000 0.522373 0.001343 0.852716
1.16497099 -0.92172402 -4.95413208 117 149 91 0.000000 0.999131 0.001016 0.041673
1.15721595 -0.94175798 -5.15641212 103 134 58 0.000000 0.387428 0.001279 0.921899
1.01439202 -0.96760899 -4.97222710 111 140 85 0.000000 0.913864 0.001289 0.406019
1.12102497 -0.94757497 -5.05107117 131 164 94 0.000000 0.727510 0.001380 0.686096
1.12167096 -0.92883301 -5.00647879 128 160 86 0.000000 0.594083 0.001366 0.804402
1.20568597 -0.94563597 -5.21974611 162 188 146 0.000000 -0.909655 0.001294 -0.415362
1.27612901 -0.85192698 -4.97222710 153 179 131 0.000000 0.642481 0.001376 0.766300
1.08741903 -0.98505801 -5.10535812 143 174 119 0.000000 0.886654 0.001317 0.462431
1.09258997 -0.94434297 -5.03233004 167 191 127 0.000000 0.955752 0.001221 0.294171
1.22442698 -0.96308500 -5.13637781 106 143 34 0.000000 -0.848828 0.001345 0.528668
0.91422099 -1.00703096 -4.95865488 127 158 101 0.000000 0.657235 0.001378 0.753685
1.12102497 -0.91590798 -4.91729403 108 142 71 0.000000 0.943059 0.001246 0.332624
1.17531097 -0.86937702 -4.95219278 108 143 49 0.000000 0.317711 0.001236 -0.948187
0.94717997 -0.99087399 -4.96705723 118 152 86 0.000000 0.990809 0.001100 0.135260
1.26191103 -0.89975101 -4.99743080 132 165 111 0.000000 0.276796 0.001209 0.960928
1.07384801 -1.01349401 -5.16546011 136 165 125 0.000000 0.651358 0.001377 0.758770
1.16820204 -0.90169001 -4.93215799 130 160 104 0.000000 0.668888 0.001379 0.743362
1.08741903 -0.99798298 -5.14995003 154 182 143 0.000000 0.948187 0.001236 0.317711
1.20310104 -0.87777799 -4.91923285 154 185 134 0.000000 0.999960 0.000985 0.008867
1.07772505 -0.98182702 -5.08080006 150 180 137 0.000000 0.964151 0.001201 0.265352
1.27742100 -0.87390000 -4.98192120 151 177 131 0.000000 0.254023 0.001193 0.967197
1.23089004 -0.88941097 -4.97222710 120 149 101 0.000000 0.437266 0.001305 0.899331
1.08677304 -0.98958200 -5.12409878 133 164 114 0.000000 0.934187 0.001261 0.356781
1.12748802 -0.99281299 -5.25076723 88 94 75 0.000000 0.978855 0.001156 0.204554
1.00922096 -0.98441201 -5.09889507 117 153 55 0.000000 0.899331 0.001305 0.437266
1.14816797 -0.97407103 -5.28049517 137 156 102 0.000000 0.329630 0.001244 0.944109
1.22765899 -0.95016003 -5.08532286 117 151 56 0.000000 -0.308835 0.001230 0.951115
1.22313499 -0.96890098 -5.15188789 106 145 29 0.000000 -0.985809 0.001127 0.167869
1.06156898 -0.98893499 -5.11440516 132 161 115 0.000000 0.873026 0.001329 0.487672
0.93102300 -0.98053402 -4.92117214 93 110 69 0.000000 -0.347682 0.001255 0.937612
1.27871394 -0.90621400 -5.00583315 117 149 97 0.000000 -0.031203 0.001007 0.999513
1.06350803 -0.96760899 -5.02069712 128 161 103 0.000000 0.642481 0.001376 -0.766300
1.14170599 -0.97213298 -5.27209377 138 159 115 0.000000 0.356781 0.001261 -0.934187
1.10680699 -0.96243900 -5.15899801 110 139 81 0.000000 0.142660 0.001106 0.989771
0.94459498 -0.96760899 -4.90113783 128 157 90 0.000000 0.982047 0.001143 0.188635
1.13265800 -0.92883301 -4.97869015 118 152 87 0.000000 0.862174 0.001337 0.506611
1.20051599 -0.92366302 -5.04977894 107 138 50 0.000000 0.639507 0.001375 0.768784
1.17854297 -0.90944499 -4.97158098 155 181 126 0.000000 -0.935342 0.001259 0.353743
1.24575400 -0.84158701 -4.95219278 157 187 138 0.000000 0.995047 0.001069 0.099398
1.26708102 -0.92560202 -5.03426790 98 128 66 0.000000 -0.137718 0.001102 0.990471
1.08483398 -0.96437699 -5.08273792 109 145 46 0.000000 -0.724826 0.001381 -0.688930
0.99241900 -0.98764300 -5.01746607 112 141 83 0.000000 0.665988 0.001379 0.745961
1.27871394 -0.94046599 -5.05753422 109 136 74 0.000000 0.799835 0.001367 0.600218
1.08354199 -1.01220095 -5.17903090 143 169 130 0.000000 0.732842 0.001380 0.680398
1.01891506 -1.02771103 -5.14025593 110 144 83 0.000000 0.072063 0.001044 0.997400
0.99758899 -1.02254105 -5.10277224 103 132 76 0.000000 0.196558 0.001149 0.980491
1.01051402 -1.01543200 -5.11505079 111 138 87 0.000000 0.797530 0.001368 0.603278
1.13007295 -0.91396898 -4.90243101 114 147 69 0.000000 0.945148 0.001242 -0.326641
1.16497099 -0.96502399 -5.17903090 96 132 42 0.000000 0.606331 0.001369 0.795211
1.17595804 -0.96502399 -5.17256880 90 119 43 0.000000 -0.792878 0.001369 -0.609379
0.95428902 -0.98828900 -5.09113979 111 130 78 0.000000 0.756234 0.001377 -0.654300
1.17854297 -0.93141800 -5.04137707 123 151 87 0.000000 0.999445 0.001009 -0.033281
1.17983496 -0.89393502 -4.91212511 126 155 103 0.000000 0.937612 0.001255 0.347682
0.95493501 -0.98311901 -5.00906420 103 133 70 0.000000 0.998136 0.001034 0.061026
1.00275898 -1.04063702 -5.15705919 112 143 75 0.000000 -0.368984 0.001268 0.929435
1.26901996 -0.94628203 -5.04977894 125 152 68 0.000000 -0.871255 0.001330 0.490829
1.27418995 -0.91073698 -5.01423407 140 168 119 0.000000 -0.982047 0.001143 0.188635
1.01116002 -1.00121403 -5.08726215 116 151 84 0.000000 -0.995717 0.001063 0.092452
1.09194303 -0.91202998 -4.87916517 66 77 45 0.000000 0.487672 0.001329 0.873026
1.20051599 -0.94305098 -5.09437084 91 125 38 0.000000 0.781002 0.001373 0.624527
1.18500495 -0.93788099 -5.08209181 102 132 60 0.000000 0.314746 0.001234 0.949175
1.12296402 -0.97213298 -5.17192316 87 121 44 0.000000 0.826370 0.001357 -0.563126
1.03701103 -0.97019398 -5.04331589 98 132 43 0.000000 -0.285453 0.001215 -0.958392
1.12296402 -0.92624801 -4.95865488 112 148 84 0.000000 0.832674 0.001354 0.553762
0.97561598 -1.01543200 -5.07239819 106 137 80 0.000000 -0.660161 0.001378 -0.751123
1.13847399 -0.92560202 -5.02780581 106 140 47 0.000000 0.092452 0.001063 -0.995717
1.13071895 -0.98118001 -5.19001818 105 144 53 0.000000 0.600218 0.001367 0.799835
1.18888295 -0.97148597 -5.18614101 100 134 36 0.000000 -0.999857 0.000993 0.016879
1.20503998 -0.96566999 -5.16933823 169 195 156 0.000000 0.999736 0.000999 0.022971
1.25544798 -0.92172402 -5.02005100 109 141 75 0.000000 0.753685 0.001378 0.657235
1.16884899 -0.90169001 -4.97351885 131 153 78 0.000000 -0.259673 0.001197 0.965696
0.96721399 -0.97083998 -4.91471004 122 147 91 0.000000 0.335625 0.001248 0.941995
1.01826894 -0.97601002 -5.04137707 131 164 71 0.000000 0.209925 0.001160 -0.977717
1.11908603 -0.92172402 -4.93732882 120 154 88 0.000000 0.560008 0.001356 0.828486
1.10034502 -0.99022800 -5.14930296 160 187 153 0.000000 0.288352 0.001217 0.957524
1.07255495 -0.95597601 -5.00001621 121 153 99 0.000000 -0.745961 0.001379 -0.665988
1.23024404 -0.92947900 -5.03039122 94 128 43 0.000000 -0.963362 0.001203 0.268202
1.10228300 -0.92301601 -4.91987896 114 143 75 0.000000 -0.037461 0.001012 0.999298
1.11779404 -0.96114600 -5.15511990 91 125 47 0.000000 -0.347682 0.001255 -0.937612
1.19211400 -0.92495501 -5.06270409 107 131 56 0.000000 -0.359825 0.001263 -0.933019
1.22119606 -0.91849297 -5.00841808 99 130 57 0.000000 0.248404 0.001189 0.968656
1.17983496 -0.92043102 -5.04008484 107 138 46 0.000000 0.020933 0.000997 -0.999780
1.13782799 -0.91332299 -4.92181778 117 148 85 0.000000 0.913864 0.001289 0.406019
1.21731901 -0.92430902 -5.06722784 103 133 54 0.000000 0.534955 0.001347 -0.844879
0.95235002 -1.03029597 -5.11375904 94 126 50 0.000000 0.970072 0.001184 0.242814
1.05446005 -0.97730303 -5.10729599 101 137 39 0.000000 -0.487672 0.001329 -0.873026
1.14558303 -0.96890098 -5.16481400 95 127 58 0.000000 -0.897798 0.001307 -0.440405
1.02925599 -0.95339102 -4.92763519 123 154 92 0.000000 0.986665 0.001122 0.162760
1.24058402 -0.92107803 -5.07562923 105 135 59 0.000000 0.104070 0.001073 -0.994569
1.10486901 -0.93077201 -4.95736313 114 147 84 0.000000 0.858436 0.001339 0.512919
1.07320201 -0.96373099 -5.05107117 128 158 107 0.000000 0.964929 0.001199 0.262509
1.10034502 -0.94692802 -5.12345314 107 136 80 0.000000 -0.848828 0.001345 0.528668
1.17401898 -0.93852699 -5.11182022 120 149 88 0.000000 0.054502 0.001028 0.998513
1.14364398 -0.97536403 -5.25981522 131 154 106 0.000000 0.912475 0.001291 0.409130
1.14105904 -0.91073698 -4.90695381 111 143 78 0.000000 0.999987 0.000981 0.004907
1.08741903 -0.92624801 -4.92052603 158 182 122 0.000000 0.999686 0.001001 0.025017
0.92650002 -1.01801705 -5.09954119 110 138 73 0.000000 0.893111 0.001311 0.449834
1.25997198 -0.93464899 -5.06141090 105 139 55 0.000000 -0.998629 0.001026 -0.052343
1.19340706 -0.92689401 -5.02328205 100 130 68 0.000000 0.344659 0.001253 0.938727
1.03959596 -0.99539798 -5.10277224 126 159 100 0.000000 0.648407 0.001377 0.761293
1.11133099 -0.94175798 -5.04977894 131 162 64 0.000000 -0.563126 0.001357 -0.826370
0.92326802 -1.01284695 -5.07433701 106 135 75 0.000000 0.998393 0.001030 0.056668
1.20697796 -0.88617897 -4.95090008 138 169 121 0.000000 0.958392 0.001215 0.285453
1.21150196 -0.93529600 -5.12215996 101 131 64 0.000000 0.985368 0.001129 0.170436
1.20051599 -0.97536403 -5.12345314 133 164 97 0.000000 -0.196558 0.001149 -0.980491
1.04864395 -0.99539798 -5.10923481 115 146 96 0.000000 0.735490 0.001380 0.677534
1.17014098 -0.89652002 -4.90824699 128 158 103 0.000000 0.668888 0.001379 0.743362
1.10745394 -0.94563597 -5.09631014 106 135 69 0.000000 0.939829 0.001251 -0.341642
1.17660403 -0.89328802 -4.95736313 45 53 28 0.000000 -0.587928 0.001364 0.808912
0.96786100 -1.01155496 -5.07756805 109 142 80 0.000000 0.572458 0.001360 0.819933
1.10874605 -0.91784602 -4.94120598 115 147 54 0.000000 -0.680398 0.001380 -0.732842
1.17143404 -0.91849297 -5.02651310 109 143 51 0.000000 -0.997236 0.001046 0.074296
1.00469804 -1.04645300 -5.17773914 108 129 76 0.000000 0.004907 0.000981 0.999987
1.01891506 -0.98118001 -5.03233004 88 119 57 0.000000 0.707106 0.001384 0.707106
0.90969700 -0.97859502 -4.91729403 111 135 77 0.000000 0.920595 0.001280 -0.390517
1.14041305 -0.92301601 -5.03814602 127 154 83 0.000000 -0.819933 0.001360 0.572458
0.92326802 -1.00703096 -4.98450613 123 155 90 0.000000 0.977134 0.001162 0.212622
0.94136399 -0.99087399 -4.95154715 118 150 88 0.000000 0.700167 0.001381 0.713977
1.09452796 -1.02383399 -5.19583511 125 156 110 0.000000 0.935342 0.001259 0.353743
1.14364398 -0.95791501 -5.10535812 93 125 53 0.000000 -0.418483 0.001296 0.908224
1.03571796 -0.97536403 -5.05559492 134 170 99 0.000000 0.636526 0.001375 0.771254
1.00986803 -0.96437699 -4.90566206 124 155 86 0.000000 0.773712 0.001374 -0.633537
1.07643294 -1.01607895 -5.15511990 127 157 116 0.000000 -0.697373 0.001381 -0.716707
1.04864395 -0.98376501 -5.08338499 125 157 108 0.000000 0.713977 0.001381 0.700167
1.15721595 -0.96760899 -5.16481400 101 137 57 0.000000 -0.228974 0.001174 0.973432
1.24704695 -0.96825498 -5.11375904 110 134 56 0.000000 -0.609379 0.001369 0.792878
1.16303205 -0.94951302 -5.11892891 93 123 59 0.000000 0.627537 0.001373 0.778585
1.14429104 -0.92883301 -5.00130892 120 155 86 0.000000 0.624527 0.001373 0.781002
1.20827103 -0.88811803 -4.98062801 117 152 54 0.000000 -0.908224 0.001296 -0.418483
1.12231803 -0.98893499 -5.19324923 150 175 149 0.000000 -0.481358 0.001326 -0.876523
1.19793105 -0.98182702 -5.13443899 130 161 98 0.000000 0.183394 0.001139 -0.983039
1.03507197 -0.95468301 -4.99032307 118 147 94 0.000000 0.738126 0.001380 0.674661
1.19986904 -0.91978502 -5.03426790 100 128 70 0.000000 0.792878 0.001369 -0.609379
1.21925700 -0.92754000 -5.04654694 95 128 42 0.000000 0.738126 0.001380 0.674661
1.00534403 -0.98764300 -5.06981277 129 163 67 0.000000 0.092452 0.001063 -0.995717
0.96527499 -1.00573802 -5.14930296 129 160 71 0.000000 0.844879 0.001347 0.534955
1.06156898 -0.96114600 -5.05688810 137 172 72 0.000000 -0.745961 0.001379 -0.665988
1.21279502 -0.93335700 -5.08144617 95 125 56 0.000000 0.688930 0.001381 0.724826
0.99435699 -0.97794902 -4.99355412 108 145 69 0.000000 0.963362 0.001203 0.268202
0.95816702 -0.97988802 -4.94702291 118 152 86 0.000000 0.998136 0.001034 0.061026
0.98983401 -0.98828900 -5.04848623 109 138 81 0.000000 -0.795211 0.001369 0.606331
1.14299798 -0.94175798 -5.04654694 103 139 57 0.000000 0.569351 0.001359 0.822094
1.19857705 -0.94434297 -5.05042505 105 138 69 0.000000 -0.188635 0.001143 0.982047
1.08741903 -0.96050000 -5.06141090 118 156 47 0.000000 0.926978 0.001272 -0.375114
1.12425601 -0.96631598 -5.17967796 93 126 47 0.000000 -0.305890 0.001228 -0.952066
1.00792897 -0.99798298 -5.06141090 98 129 68 0.000000 0.294171 0.001221 0.955752
0.98337102 -0.98118001 -4.99872398 129 162 98 0.000000 -0.938727 0.001253 -0.344659
1.25544798 -0.91526097 -5.03491402 104 137 50 0.000000 0.338631 0.001250 -0.940919
1.11262405 -0.92947900 -4.96964216 108 144 77 0.000000 0.996523 0.001055 0.083307
1.22895098 -0.91784602 -5.01488113 111 142 72 0.000000 -0.563126 0.001357 0.826370
1.22701299 -0.91332299 -5.06076479 133 159 94 0.000000 -0.735490 0.001380 -0.677534
1.15721595 -0.96502399 -5.14865685 92 122 52 0.000000 0.878249 0.001325 0.478202
0.92132998 -1.01607895 -5.08467722 103 133 64 0.000000 0.531813 0.001346 0.846861
1.26514196 -0.90685999 -5.00324821 116 147 92 0.000000 -0.045917 0.001020 0.998945
0.99177200 -1.01543200 -5.09954119 98 128 68 0.000000 0.215328 0.001164 0.976541
1.25350904 -0.94369698 -5.08080006 96 129 42 0.000000 -0.627537 0.001373 0.778585
1.24446201 -0.88294798 -4.97093391 122 153 104 0.000000 0.440405 0.001307 0.897798
1.23024404 -0.87066901 -4.95283890 134 163 116 0.000000 0.648407 0.001377 0.761293
1.07966399 -0.93852699 -4.96770287 126 155 94 0.000000 0.917945 0.001284 0.396706
1.20374703 -0.93270999 -5.05753422 108 141 67 0.000000 0.913864 0.001289 0.406019
0.99758899 -1.04386795 -5.16933823 106 130 72 0.000000 0.967932 0.001191 0.251210
0.98789501 -0.97471797 -4.96899605 132 164 91 0.000000 0.999131 0.001016 -0.041673
