-3.51236010 -0.11127900 -6.96776915 71 89 46 0.000000 -0.587928 0.001364 0.808912
-3.22373009 -0.31586599 -7.25130510 105 132 75 0.000000 0.522373 0.001343 0.852716
-3.52679110 -0.43726000 -7.09255791 68 71 65 0.000000 0.971447 0.001180 0.237255
-3.26617599 -0.04166800 -7.12906218 49 54 48 0.000000 0.135260 0.001100 0.990809
-3.38672090 -0.24880201 -7.10783911 108 128 76 0.000000 0.556887 0.001355 0.830587
-3.57687712 -0.30398101 -6.95333719 51 54 40 0.000000 -0.688930 0.001381 0.724826
-3.36210299 -0.01025800 -6.96522188 50 53 47 0.000000 0.621510 0.001372 0.783405
-3.17873812 -0.14863101 -7.23008204 116 139 91 0.000000 0.931838 0.001264 0.362873
-3.35615993 -0.37953401 -7.19018316 107 130 73 0.000000 0.512919 0.001339 0.858436
-3.36210299 -0.12825701 -7.04586792 100 126 69 0.000000 0.735490 0.001380 0.677534
-3.48943901 -0.30992299 -7.05605602 107 132 72 0.000000 0.671779 0.001379 0.740750
-3.27042007 -0.23012599 -7.16556501 97 124 67 0.000000 0.594083 0.001366 0.804402
-3.46142507 -0.20126300 -7.02973890 110 139 77 0.000000 0.387428 0.001279 0.921899
-3.60149503 -0.33793700 -7.05860186 51 57 42 0.000000 0.954848 0.001223 0.297091
-3.58621502 -0.18428500 -6.98984098 68 71 60 0.000000 -0.282560 0.001213 0.959249
-3.17704010 -0.10024300 -7.13585281 49 57 43 0.000000 0.788169 0.001371 0.615457
-3.44274902 -0.06628600 -6.90240288 60 61 58 0.000000 -0.259673 0.001197 0.965696
-3.43341088 -0.43641099 -7.14773703 47 54 47 0.000000 0.879960 0.001323 0.475046
-3.30267906 -0.04421500 -7.03737879 104 127 81 0.000000 0.997558 0.001042 0.069839
-3.26277995 -0.14183900 -7.12736416 105 134 79 0.000000 0.326641 0.001242 0.945148
-3.42407298 -0.33454201 -7.12142086 115 139 75 0.000000 0.642481 0.001376 0.766300
-3.42067695 -0.10958100 -6.97710705 107 136 70 0.000000 0.691755 0.001381 0.722131
-3.30267906 -0.31162101 -7.18763590 100 127 67 0.000000 0.553762 0.001354 0.832674
-3.18043590 -0.23436999 -7.23517513 78 105 53 0.000000 0.971447 0.001180 0.237255
-3.52424407 -0.24625500 -6.99833012 106 133 75 0.000000 0.633537 0.001374 0.773712
-3.28400302 -0.38887200 -7.22923279 60 62 50 0.000000 0.175594 0.001133 0.984462
-3.32644796 -0.18513399 -7.10953712 104 132 77 0.000000 0.563126 0.001357 0.826370
-3.38247609 -0.44490001 -7.20291710 90 55 44 0.000000 0.157685 0.001118 0.987489
-3.49113703 -0.36934701 -7.09595394 111 101 68 0.000000 0.531813 0.001346 0.846861
-3.54631591 -0.32010999 -7.01530790 95 122 60 0.000000 0.642481 0.001376 0.766300
-3.22373009 -0.17834200 -7.17490292 94 124 64 0.000000 0.566240 0.001358 0.824239
-3.38841891 -0.18852900 -7.07048702 101 125 69 0.000000 0.541234 0.001350 0.840871
-3.30437708 -0.10363800 -7.08746481 104 133 72 0.000000 0.806665 0.001365 0.591008
-3.51915097 -0.17240000 -7.00002813 107 135 79 0.000000 0.384343 0.001277 0.923189
-3.36210299 -0.31162101 -7.15283108 102 127 69 0.000000 0.347682 0.001255 0.937612
-3.35446191 -0.07222900 -7.00427198 104 132 67 0.000000 0.556887 0.001355 0.830587
-3.44105101 -0.25304601 -7.06878901 110 139 79 0.000000 0.538096 0.001349 0.842882
-3.58112097 -0.39905900 -7.09510517 92 103 80 0.000000 -0.137718 0.001102 0.990471
-3.54716492 -0.24116200 -6.93805695 117 140 96 0.000000 0.995047 0.001069 -0.099398
-3.21948600 -0.26747799 -7.29374981 72 96 48 0.000000 0.970072 0.001184 0.242814
-3.24240589 -0.26578000 -7.20970821 88 114 54 0.000000 0.615457 0.001371 0.788169
-3.40709496 -0.01705000 -6.91513586 50 52 48 0.000000 0.950151 0.001232 0.311788
-3.33324003 -0.24965100 -7.13670206 98 126 70 0.000000 0.387428 0.001279 0.921899
-3.41388607 -0.14948000 -7.02549505 106 136 68 0.000000 0.534955 0.001347 0.844879
-3.56244493 -0.12825701 -6.99408484 51 54 47 0.000000 -0.282560 0.001213 0.959249
-3.46397209 -0.14608400 -6.99323606 111 138 72 0.000000 0.387428 0.001279 0.921899
-3.39775705 -0.06204200 -6.95503521 114 141 70 0.000000 0.776155 0.001374 0.630540
-3.46821594 -0.42452601 -7.10444307 109 133 78 0.000000 0.600218 0.001367 0.799835
-3.54292011 -0.36255601 -7.07812691 88 90 53 0.000000 0.137718 0.001102 0.990471
-3.23561502 -0.08666000 -7.13245678 100 129 74 0.000000 0.078785 0.001050 0.996891
-3.41728210 -0.37953401 -7.15113306 114 142 73 0.000000 0.651358 0.001377 0.758770
-3.32475090 -0.42113000 -7.20376492 69 68 63 0.000000 0.201881 0.001154 0.979409
-3.17704010 -0.11297600 -7.19018316 112 118 90 0.000000 0.999857 0.000993 0.016879
-3.26447797 -0.33878601 -7.22583723 98 124 65 0.000000 0.393609 0.001282 0.919277
-3.60319304 -0.33623999 -6.98644495 80 90 70 0.000000 0.955752 0.001221 -0.294171
-3.48689198 -0.07817100 -6.92871904 61 65 54 0.000000 0.335625 0.001248 0.941995
-3.29928303 -0.03402800 -7.09086084 108 131 81 0.000000 0.959249 0.001213 0.282560
-3.48179889 -0.25898901 -7.03907681 115 144 88 0.000000 0.677534 0.001380 0.735490
-3.32475090 -0.09090500 -7.04417086 98 125 61 0.000000 0.606331 0.001369 0.795211
-3.27636290 -0.18852900 -7.14009809 101 130 74 0.000000 0.606331 0.001369 0.795211
-3.42662001 -0.28785199 -7.10019922 107 135 71 0.000000 0.547504 0.001352 0.836802
-3.33324003 -0.14438599 -7.08322001 104 133 74 0.000000 0.493986 0.001331 0.869469
-3.14223504 -0.20381001 -7.23517513 86 103 54 0.000000 -0.058843 0.001032 0.998267
-3.31880808 -0.03997000 -6.99153900 54 60 37 0.000000 0.350710 0.001257 0.936483
-3.31711102 -0.35491601 -7.20121908 109 133 74 0.000000 0.465583 0.001319 0.885003
-3.19147205 -0.19277400 -7.21565104 91 116 62 0.000000 0.745961 0.001379 0.665988
-3.21184611 -0.27087399 -7.24621105 83 111 55 0.000000 0.975939 0.001166 0.218041
-3.54037404 -0.28360701 -6.97116518 105 136 70 0.000000 0.960928 0.001209 0.276796
-3.30522609 -0.27257100 -7.16471577 98 124 68 0.000000 0.427862 0.001300 0.903843
-3.22203302 -0.14014199 -7.14688921 92 120 65 0.000000 0.556887 0.001355 0.830587
-3.55140901 -0.20890300 -6.97540903 116 141 91 0.000000 0.528668 0.001345 0.848828
-3.46397209 -0.33369300 -7.09340811 102 110 64 0.000000 0.603278 0.001368 0.797530
-3.38247609 -0.10703400 -7.00766802 107 135 71 0.000000 0.600218 0.001367 0.799835
-3.45378494 -0.38632500 -7.12142086 111 137 70 0.000000 0.506611 0.001337 0.862174
-3.39690804 -0.41009501 -7.17575216 121 138 93 0.000000 0.694569 0.001381 0.719425
-3.22373009 -0.22673000 -7.20121908 95 123 65 0.000000 0.633537 0.001374 0.773712
-3.38077903 -0.34897301 -7.16386700 109 125 71 0.000000 0.434129 0.001304 0.900850
-3.22882390 -0.36085799 -7.23432589 102 121 81 0.000000 0.378186 0.001273 0.925729
-3.43680692 -0.09090500 -6.94315100 96 123 61 0.000000 0.811146 0.001363 0.584843
-3.27296710 -0.10279000 -7.11632776 116 144 86 0.000000 0.516071 0.001340 0.856545
-3.35615993 -0.21399701 -7.10444307 95 119 63 0.000000 0.569351 0.001359 0.822094
-3.19571590 -0.15117700 -7.18933392 96 127 62 0.000000 0.811146 0.001363 0.584843
-3.38587189 -0.28530499 -7.12736416 112 127 75 0.000000 0.541234 0.001350 0.840871
-3.30013204 -0.14523500 -7.11038494 100 128 72 0.000000 0.563126 0.001357 0.826370
-3.41388607 -0.22078800 -7.07048702 101 128 71 0.000000 0.697373 0.001381 0.716707
-3.60828590 -0.36680001 -7.08661604 69 68 46 0.000000 -0.254023 0.001193 0.967197
-3.50556803 -0.21229900 -7.00936604 114 141 81 0.000000 0.415362 0.001294 0.909655
-3.51236010 -0.29973599 -7.02464581 90 115 53 0.000000 0.642481 0.001376 0.766300
-3.30946994 -0.21824101 -7.13330603 97 126 70 0.000000 0.716707 0.001381 0.697373
-3.25514007 -0.30143401 -7.22159290 94 121 58 0.000000 0.587928 0.001364 0.808912
-3.45972705 -0.29124701 -7.07218504 110 134 74 0.000000 0.575560 0.001361 0.817758
-3.36634707 -0.04761000 -6.97710705 104 132 72 0.000000 0.509765 0.001338 0.860313
-3.50556803 -0.34303099 -7.07218504 104 125 66 0.000000 0.547504 0.001352 0.836802
-3.28909612 -0.06798400 -7.10529184 118 149 92 0.000000 0.894688 0.001310 0.446689
-3.34597301 -0.34472901 -7.17829800 100 126 65 0.000000 0.627537 0.001373 0.778585
-3.19486809 -0.24880201 -7.27167797 68 89 50 0.000000 0.999995 0.000979 0.002938
-3.41897893 -0.18683200 -7.04926395 108 137 75 0.000000 0.550634 0.001353 0.834745
-3.47585607 -0.11212800 -6.96097803 84 110 51 0.000000 0.204554 0.001156 0.978855
-3.27466512 -0.27257100 -7.18509007 92 119 59 0.000000 0.732842 0.001380 0.680398
-3.57517910 -0.33539101 -7.03313494 74 94 43 0.000000 -0.606331 0.001369 0.795211
-3.18892503 -0.12910600 -7.16047096 80 107 50 0.000000 0.930643 0.001266 0.365926
-3.38841891 -0.15457299 -7.05011320 107 134 76 0.000000 0.639507 0.001375 0.768784
-3.53697801 -0.34048399 -7.05096197 97 116 60 0.000000 0.381263 0.001275 0.924466
-3.35276508 -0.27851400 -7.14179516 98 126 70 0.000000 0.481358 0.001326 0.876523
-3.24749994 -0.16730700 -7.14603996 98 126 68 0.000000 0.612421 0.001370 0.790530
-3.51405692 -0.40500101 -7.09680319 105 127 73 0.000000 0.311788 0.001232 0.950151
-3.41728210 -0.06034400 -6.92617178 104 131 61 0.000000 0.905318 0.001299 0.424733
-3.55820107 -0.16391100 -6.98899221 104 132 78 0.000000 0.271059 0.001205 0.962562
-3.57263207 -0.31586599 -6.98559618 91 115 57 0.000000 0.645448 0.001376 0.763803
-3.30692410 -0.07222900 -7.06709099 104 133 69 0.000000 0.977134 0.001162 0.212622
-3.39096498 0.00162600 -6.95079088 109 101 78 0.000000 -0.952066 0.001228 0.305890
-3.20250797 -0.30737701 -7.27677202 64 82 45 0.000000 0.881656 0.001322 0.471891
-3.49707890 -0.14863101 -6.99068880 89 117 59 0.000000 -0.132811 0.001098 0.991141
-3.20845008 -0.11043000 -7.13924789 86 114 59 0.000000 -0.063217 0.001036 0.997999
-3.36125398 -0.17070200 -7.07642889 99 126 70 0.000000 0.471891 0.001322 0.881656
-3.38162804 -0.07986900 -6.98729420 114 144 77 0.000000 0.475046 0.001323 0.879960
-3.54461789 -0.39311600 -7.09425592 98 117 65 0.000000 0.052343 0.001026 0.998629
-3.15666699 -0.17494699 -7.23941994 55 58 49 0.000000 0.412244 0.001292 -0.911072
-3.57517910 -0.36255601 -7.08237219 84 98 53 0.000000 -0.175594 0.001133 0.984462
-3.45802903 -0.23521900 -7.04756594 103 131 68 0.000000 0.615457 0.001371 0.788169
-3.48519397 -0.18768001 -7.00851583 109 137 78 0.000000 0.242814 0.001184 0.970072
-3.32559896 -0.07053100 -7.01955223 100 129 67 0.000000 0.677534 0.001380 0.735490
-3.35700893 -0.10363800 -7.02634382 105 135 72 0.000000 0.668888 0.001379 0.743362
-3.29588795 -0.02469000 -7.06114912 57 59 54 0.000000 0.984462 0.001133 -0.175594
-3.38926792 -0.37783599 -7.17235613 136 143 91 0.000000 0.612421 0.001370 0.790530
-3.42577100 -0.13589700 -7.00002813 107 137 71 0.000000 0.183394 0.001139 0.983039
-3.21608996 -0.25219801 -7.22159290 89 116 62 0.000000 0.525521 0.001344 0.850780
-3.25938511 -0.37189400 -7.23772192 87 106 66 0.000000 0.127937 0.001093 0.991782
-3.23476601 -0.05694800 -7.14009809 53 57 47 0.000000 0.104070 0.001073 0.994569
-3.39605904 -0.02723700 -6.94230223 125 150 80 0.000000 0.806665 0.001365 0.591008
-3.20590305 -0.07986900 -7.13160801 106 125 80 0.000000 0.165311 0.001125 0.986241
-3.41643310 -0.25219801 -7.08661604 108 135 72 0.000000 0.600218 0.001367 0.799835
-3.54122210 -0.27087399 -6.93975496 112 136 86 0.000000 0.998393 0.001030 0.056668
-3.29588795 -0.17494699 -7.12142086 100 128 73 0.000000 0.335625 0.001248 0.941995
-3.39011693 -0.41603699 -7.20716095 74 63 58 0.000000 0.688930 0.001381 0.724826
-3.35361409 -0.42282799 -7.19527721 92 102 77 0.000000 0.550634 0.001353 0.834745
-3.21099710 -0.34303099 -7.25300217 54 60 47 0.000000 0.874782 0.001327 0.484515
-3.44020200 -0.15966600 -7.01530790 111 139 71 0.000000 0.547504 0.001352 0.836802
-3.29928303 -0.24540600 -7.15367985 94 123 68 0.000000 0.503455 0.001335 0.864020
-3.42067695 -0.04251700 -6.90240288 66 80 47 0.000000 0.896251 0.001308 0.443546
-3.25429106 -0.19532099 -7.15877295 95 122 65 0.000000 0.587928 0.001364 0.808912
-3.28145599 -0.31501701 -7.20801020 97 124 63 0.000000 0.648407 0.001377 0.761293
-3.33493805 -0.30567899 -7.16301823 102 128 68 0.000000 0.578659 0.001362 0.815569
-3.39521003 -0.31246999 -7.13415480 111 129 71 0.000000 0.468736 0.001320 0.883337
-3.49877691 -0.42962000 -7.08746481 110 123 84 0.000000 -0.300017 0.001225 0.953933
-3.32475090 -0.11382500 -7.06878901 101 129 72 0.000000 0.838844 0.001351 0.544370
-3.32814598 -0.38208100 -7.20376492 104 124 64 0.000000 0.387428 0.001279 0.921899
-3.25683808 -0.24710400 -7.18509007 94 122 63 0.000000 0.452981 0.001313 0.891519
-3.50896406 -0.09175400 -6.94654608 57 64 56 0.000000 -0.512919 0.001339 0.858436
-3.41303706 -0.35236901 -7.14179516 113 139 72 0.000000 0.359825 0.001263 0.933019
-3.48349690 -0.39481401 -7.10698986 111 129 76 0.000000 0.587928 0.001364 0.808912
-3.59979701 -0.33793700 -7.01870298 62 74 46 0.000000 0.850780 0.001344 -0.525521
-3.52933788 -0.29719001 -7.00172520 101 131 68 0.000000 0.889912 0.001314 0.456129
-3.53188396 -0.12061700 -6.98644495 70 87 50 0.000000 -0.660161 0.001378 0.751123
-3.44953990 -0.35831100 -7.11802578 107 132 66 0.000000 0.636526 0.001375 0.771254
-3.39775705 -0.43810901 -7.17999601 74 71 62 0.000000 0.783405 0.001372 0.621510
-3.43001509 -0.40839699 -7.14519119 119 146 76 0.000000 0.751123 0.001378 0.660161
-3.45038891 -0.11722100 -6.97201300 88 113 54 0.000000 0.516071 0.001340 0.856545
-3.34852004 -0.02638800 -6.98389816 98 97 72 0.000000 0.933019 0.001263 0.359825
-3.44529605 -0.42537501 -7.12481689 112 135 81 0.000000 0.883337 0.001320 0.468736
-3.26108193 -0.06883300 -7.13330603 106 134 79 0.000000 0.137718 0.001102 0.990471
-3.57517910 -0.21145000 -6.96097803 104 104 73 0.000000 0.657235 0.001378 0.753685
-3.52848911 -0.20635600 -6.99493408 116 143 88 0.000000 0.575560 0.001361 0.817758
-3.28824806 -0.34472901 -7.21310377 97 123 63 0.000000 0.390517 0.001280 0.920595
-3.49113703 -0.28785199 -7.03992605 107 136 74 0.000000 0.724826 0.001381 0.688930
-3.38332510 -0.12910600 -7.02889013 100 127 64 0.000000 0.597153 0.001366 0.802126
-3.41473508 -0.08496200 -6.95758200 107 135 69 0.000000 0.716707 0.001381 0.697373
-3.43256211 -0.31331900 -7.10698986 115 134 75 0.000000 0.732842 0.001380 0.680398
-3.17449403 -0.13080400 -7.21055698 109 125 85 0.000000 0.960928 0.001209 0.276796
-3.37823200 -0.20975199 -7.09001207 101 128 73 0.000000 0.471891 0.001322 0.881656
-3.33748388 -0.22418401 -7.12057304 98 125 72 0.000000 0.254023 0.001193 0.967197
-3.35700893 -0.24965100 -7.12481689 99 126 71 0.000000 0.353743 0.001259 0.935342
-3.48689198 -0.22333500 -7.02464581 109 138 79 0.000000 0.538096 0.001349 0.842882
-3.51575494 -0.37868500 -7.09340811 105 96 67 0.000000 0.063217 0.001036 0.997999
-3.22967291 -0.28190899 -7.23008204 93 122 60 0.000000 0.691755 0.001381 0.722131
-3.22882390 -0.20211200 -7.18509007 95 123 64 0.000000 0.783405 0.001372 0.621510
-3.53527999 -0.24880201 -6.97455978 106 134 75 0.000000 0.934187 0.001261 0.356781
-3.17279601 -0.10873200 -7.16386700 86 98 68 0.000000 0.994321 0.001075 -0.106419
-3.52169800 -0.27257100 -7.00597000 109 138 76 0.000000 0.850780 0.001344 0.525521
-3.40369892 -0.26832700 -7.10274601 98 120 62 0.000000 0.633537 0.001374 0.773712
-3.52764010 -0.31756401 -7.03568220 100 128 67 0.000000 0.668888 0.001379 0.743362
-3.44020200 -0.18683200 -7.03228617 107 136 72 0.000000 0.621510 0.001372 0.783405
-3.56074691 -0.34557801 -7.05945110 78 93 46 0.000000 0.740750 0.001379 0.671779
-3.48434496 -0.13080400 -6.97625780 85 112 52 0.000000 0.115898 0.001083 0.993261
-3.37398696 -0.40754801 -7.18933392 112 120 81 0.000000 0.111142 0.001079 0.993804
-3.29164290 -0.12146600 -7.10698986 104 131 75 0.000000 0.651358 0.001377 0.758770
-3.30352807 -0.05864600 -7.01530790 94 117 60 0.000000 0.999960 0.000985 0.008867
-3.23391700 -0.12231400 -7.13330603 104 132 77 0.000000 0.186011 0.001141 0.982547
-3.53103495 -0.15202600 -6.99068880 91 118 65 0.000000 0.097074 0.001067 0.995277
-3.46651793 -0.16730700 -7.00681877 110 137 72 0.000000 0.497143 0.001333 0.867668
-3.17364502 -0.21060100 -7.23008204 101 130 70 0.000000 0.276796 0.001209 0.960928
-3.24919796 -0.22418401 -7.17829800 97 125 69 0.000000 0.642481 0.001376 0.766300
-3.46397209 -0.07477600 -6.91259003 60 63 56 0.000000 -0.738126 0.001380 0.674661
-3.36380100 -0.14778200 -7.06114912 96 121 65 0.000000 0.766300 0.001376 0.642481
-3.29249191 -0.03233000 -7.11463022 94 94 81 0.000000 0.978855 0.001156 0.204554
-3.55820107 -0.30228299 -6.96946716 89 114 57 0.000000 0.745961 0.001379 0.665988
-3.43425989 -0.27172199 -7.08322001 109 138 75 0.000000 0.544370 0.001351 0.838844
-3.40709496 -0.29124701 -7.11463022 99 123 63 0.000000 0.654300 0.001377 0.756234
-3.31116796 -0.29634100 -7.17065811 100 128 67 0.000000 0.648407 0.001377 0.761293
-3.45378494 -0.30992299 -7.08661604 108 122 71 0.000000 0.581753 0.001362 0.813364
-3.24749994 -0.32010999 -7.23517513 102 129 70 0.000000 0.691755 0.001381 0.722131
-3.30777192 -0.39057001 -7.21395302 106 127 71 0.000000 0.427862 0.001300 0.903843
-3.58196998 -0.32859901 -7.00512123 93 117 60 0.000000 0.618487 0.001371 0.785794
-3.47076297 -0.37274301 -7.10868788 110 118 68 0.000000 0.503455 0.001335 0.864020
-3.37823200 -0.02808600 -6.96267605 117 143 75 0.000000 0.490829 0.001330 0.871255
-3.33069301 -0.27257100 -7.14943600 97 126 71 0.000000 0.462431 0.001317 0.886654
-3.39775705 -0.09939400 -6.99068880 101 126 63 0.000000 0.707106 0.001384 0.707106
-3.21439195 -0.28275800 -7.27592278 76 102 48 0.000000 0.999513 0.001007 -0.031203
-3.51066208 -0.32265699 -7.05181122 104 131 68 0.000000 0.497143 0.001333 0.867668
-3.31031895 -0.13080400 -7.09425592 103 132 72 0.000000 0.790530 0.001370 0.612421
-3.34852004 -0.05270400 -6.99238682 96 126 64 0.000000 0.279674 0.001211 0.960094
-3.27551389 -0.20975199 -7.15028381 101 130 71 0.000000 0.547504 0.001352 0.836802
-3.20675206 -0.20805401 -7.20631218 97 126 65 0.000000 0.648407 0.001377 0.761293
-3.43595791 -0.37189400 -7.13160801 115 141 72 0.000000 0.700167 0.001381 0.713977
-3.44274902 -0.08326500 -6.91853189 88 112 56 0.000000 0.844879 0.001347 0.534955
-3.31626201 -0.16136400 -7.10529184 101 127 75 0.000000 0.657235 0.001378 0.753685
-3.28315401 -0.25389501 -7.16811085 97 125 68 0.000000 0.612421 0.001370 0.790530
-3.45802903 -0.09854500 -6.93890619 84 109 51 0.000000 -0.074296 0.001046 0.997236
-3.37568498 -0.22927700 -7.10359383 100 127 71 0.000000 0.418483 0.001296 0.908224
-3.44020200 -0.22163700 -7.05181122 106 135 76 0.000000 0.506611 0.001337 0.862174
-3.18892503 -0.15881801 -7.20970821 97 126 63 0.000000 0.939829 0.001251 0.341642
-3.41049099 -0.39905900 -7.16132021 113 135 73 0.000000 0.683251 0.001380 0.730182
-3.44614506 -0.33793700 -7.10868788 108 125 72 0.000000 0.587928 0.001364 0.808912
-3.45802903 -0.26323301 -7.05775309 112 140 78 0.000000 0.636526 0.001375 0.771254
-3.34512401 -0.18598300 -7.09680319 102 130 75 0.000000 0.572458 0.001360 0.819933
-3.40879297 -0.16730700 -7.04417086 110 138 74 0.000000 0.525521 0.001344 0.850780
-3.15581799 -0.22418401 -7.23262787 90 115 61 0.000000 -0.069839 0.001042 0.997558
-3.31116796 -0.07053100 -7.04502010 106 136 73 0.000000 0.972780 0.001176 0.231726
-3.31286597 -0.33454201 -7.19272995 95 122 60 0.000000 0.556887 0.001355 0.830587
-3.53527999 -0.41688600 -7.08831406 100 119 72 0.000000 -0.090153 0.001061 0.995927
-3.40115190 -0.13080400 -7.01530790 100 127 65 0.000000 0.852716 0.001343 0.522373
-3.55565405 -0.29549199 -6.94824409 105 125 76 0.000000 0.995277 0.001067 0.097074
-3.28315401 -0.15372400 -7.12227011 104 131 82 0.000000 0.228974 0.001174 0.973432
-3.40369892 -0.44659799 -7.20970821 54 49 44 0.000000 -0.065416 0.001038 0.997858
-3.48859000 -0.32859901 -7.07133579 108 129 69 0.000000 0.553762 0.001354 0.832674
-3.32814598 -0.32265699 -7.17575216 100 127 70 0.000000 0.671779 0.001379 0.740750
-3.49283504 -0.16815600 -7.00172520 106 135 72 0.000000 0.162760 0.001122 0.986665
-3.29928303 -0.05949500 -7.08322001 104 131 72 0.000000 0.981019 0.001147 0.193909
-3.47585607 -0.27511799 -7.05265999 112 141 81 0.000000 0.594083 0.001366 0.804402
-3.29249191 -0.36595100 -7.21649885 104 130 71 0.000000 0.503455 0.001335 0.864020
-3.37568498 -0.30058500 -7.13924789 104 127 72 0.000000 0.273924 0.001207 0.961751
-3.34597301 -0.11382500 -7.04841518 107 136 75 0.000000 0.790530 0.001370 0.612421
-3.16939998 -0.18937799 -7.22753477 100 124 75 0.000000 -0.186011 0.001141 0.982547
-3.54716492 -0.30822599 -6.99578285 91 118 58 0.000000 0.766300 0.001376 0.642481
-3.40709496 -0.03657500 -6.92617178 125 152 79 0.000000 0.956644 0.001219 0.291258
-3.37823200 -0.32605299 -7.15198183 107 127 70 0.000000 0.387428 0.001279 0.921899
-3.59130812 -0.35152000 -7.07303381 62 77 41 0.000000 0.000978 0.000978 0.999999
-3.25344205 -0.09684700 -7.12566614 108 137 82 0.000000 0.268202 0.001203 0.963362
-3.18468094 -0.13165200 -7.18254280 86 110 51 0.000000 0.956644 0.001219 0.291258
-3.28485203 -0.05440200 -7.12142086 116 144 91 0.000000 0.860313 0.001338 0.509765
-3.34087992 -0.16391100 -7.08746481 95 120 66 0.000000 0.615457 0.001371 0.788169
-3.55565405 -0.22503200 -6.94909286 75 87 58 0.000000 0.994569 0.001073 -0.104070
-3.17788911 -0.17409800 -7.24026918 78 100 57 0.000000 0.231726 0.001176 0.972780
-3.20845008 -0.15117700 -7.17235613 93 119 59 0.000000 0.688930 0.001381 0.724826
-3.28145599 -0.29803899 -7.19527721 101 129 67 0.000000 0.738126 0.001380 0.674661
-3.49877691 -0.26493099 -7.02804089 108 138 78 0.000000 0.745961 0.001379 0.665988
-3.45718098 -0.18173800 -7.02124977 113 141 76 0.000000 0.654300 0.001377 0.756234
-3.39775705 -0.33878601 -7.14603996 106 126 65 0.000000 0.538096 0.001349 0.842882
-3.22882390 -0.34048399 -7.23857117 92 118 65 0.000000 0.188635 0.001143 0.982047
-3.29164290 -0.22673000 -7.14858580 96 124 64 0.000000 0.434129 0.001304 0.900850
-3.27806091 -0.07732200 -7.12481689 116 145 88 0.000000 0.691755 0.001381 0.722131
-3.40115190 -0.23861501 -7.09001207 104 130 72 0.000000 0.671779 0.001379 0.740750
-3.53782701 -0.26153600 -6.95843077 110 140 79 0.000000 0.930643 0.001266 0.365926
-3.27211809 -0.12316300 -7.11972380 110 139 83 0.000000 0.231726 0.001176 0.972780
-3.54801393 -0.18173800 -6.98729420 114 143 90 0.000000 0.311788 0.001232 0.950151
-3.30183005 -0.04081900 -7.00512123 52 54 51 0.000000 0.763803 0.001376 0.645448
-3.41303706 -0.31756401 -7.12481689 114 138 75 0.000000 0.560008 0.001356 0.828486
-3.19571590 -0.22927700 -7.22244215 93 121 66 0.000000 0.452981 0.001313 0.891519
-3.51320791 -0.19362301 -7.00597000 116 143 86 0.000000 0.412244 0.001292 0.911072
-3.51066208 -0.24625500 -7.01360989 107 134 74 0.000000 0.603278 0.001368 0.797530
-3.26023293 -0.27342001 -7.19952106 95 122 62 0.000000 0.719425 0.001381 0.694569
-3.46991396 -0.35152000 -7.10104799 112 136 73 0.000000 0.493986 0.001331 0.869469
-3.54461789 -0.23182400 -6.96861792 112 140 83 0.000000 0.854638 0.001342 0.519223
-3.33833289 -0.20550799 -7.11293221 98 125 70 0.000000 0.584843 0.001363 0.811146
-3.27381611 -0.35661301 -7.22413921 98 123 63 0.000000 0.430994 0.001302 0.902354
-3.47755408 -0.20635600 -7.01870298 101 128 69 0.000000 0.544370 0.001351 0.838844
-3.38502312 -0.04676200 -6.96607113 119 147 81 0.000000 0.633537 0.001374 0.773712
-3.42407298 -0.23861501 -7.07388306 104 133 70 0.000000 0.525521 0.001344 0.850780
-3.49538112 -0.10533600 -6.95248795 76 98 48 0.000000 -0.173011 0.001131 0.984919
-3.31371498 -0.25898901 -7.15113306 96 124 69 0.000000 0.594083 0.001366 0.804402
-3.21693897 -0.29803899 -7.25724697 99 127 69 0.000000 0.748548 0.001379 0.663079
-3.19996095 -0.18004000 -7.20291710 97 126 67 0.000000 0.792878 0.001369 0.609379
-3.23816204 -0.29973599 -7.23262787 95 124 63 0.000000 0.587928 0.001364 0.808912
-3.55565405 -0.33454201 -7.03653002 83 105 48 0.000000 0.294171 0.001221 0.955752
-3.41897893 -0.07562400 -6.94060421 106 133 67 0.000000 0.842882 0.001349 0.538096
-3.36889410 -0.09260300 -7.00681877 102 129 65 0.000000 0.707106 0.001384 0.707106
-3.38672090 -0.17070200 -7.06199789 104 130 72 0.000000 0.506611 0.001337 0.862174
-3.37144089 -0.00176900 -6.94994211 52 54 54 0.000000 0.097074 0.001067 0.995277
-3.24749994 -0.28360701 -7.21649885 97 124 62 0.000000 0.603278 0.001368 0.797530
-3.42067695 -0.42622399 -7.15877295 107 131 75 0.000000 0.663079 0.001379 0.748548
-3.48010111 -0.34303099 -7.08661604 109 133 69 0.000000 0.541234 0.001350 0.840871
-3.43680692 -0.20126300 -7.04502010 107 134 72 0.000000 0.481358 0.001326 0.876523
-3.47500801 -0.23946400 -7.03907681 107 136 76 0.000000 0.609379 0.001369 0.792878
-3.35785794 -0.36000901 -7.17999601 101 128 67 0.000000 0.362873 0.001264 0.931838
-3.44614506 -0.14523500 -7.00087595 98 124 62 0.000000 0.372047 0.001270 0.928213
-3.31711102 -0.09005600 -7.06199789 103 131 68 0.000000 0.967197 0.001193 0.254023
-3.24070907 -0.17834200 -7.16047096 94 123 68 0.000000 0.621510 0.001372 0.783405
-3.20335603 -0.25049999 -7.23602390 86 115 57 0.000000 0.819933 0.001360 0.572458
-3.34087992 -0.29039800 -7.15283108 98 125 68 0.000000 0.390517 0.001280 0.920595
-3.39690804 -0.14608400 -7.03398418 102 127 69 0.000000 0.806665 0.001365 0.591008
-3.37993002 -0.26238400 -7.11972380 103 127 70 0.000000 0.587928 0.001364 0.808912
-3.35531092 -0.33369300 -7.16556501 102 130 70 0.000000 0.490829 0.001330 0.871255
-3.56499195 -0.32605299 -7.01360989 91 117 58 0.000000 0.716707 0.001381 0.697373
-3.52339506 -0.34472901 -7.06369495 103 117 66 0.000000 0.335625 0.001248 0.941995
-3.40115190 -0.18428500 -7.05690384 105 128 69 0.000000 0.569351 0.001359 0.822094
-3.43171310 -0.12316300 -6.98474693 97 125 62 0.000000 0.440405 0.001307 0.897798
-3.36380100 -0.06374000 -6.98984098 104 132 68 0.000000 0.665988 0.001379 0.745961
-3.58791208 -0.31331900 -6.97455978 78 90 60 0.000000 0.481358 0.001326 0.876523
-3.41982794 -0.20890300 -7.05690384 101 128 67 0.000000 0.591008 0.001365 0.806665
-3.43765497 -0.10618500 -6.96352386 96 124 62 0.000000 0.633537 0.001374 0.773712
-3.29334092 -0.28106001 -7.17659998 100 128 68 0.000000 0.702951 0.001381 0.711237
-3.30183005 -0.04251700 -7.06029987 102 130 73 0.000000 0.994569 0.001073 0.104070
-3.45548296 -0.13080400 -6.98389816 82 106 51 0.000000 0.471891 0.001322 0.881656
-3.45378494 -0.21654300 -7.03992605 105 132 71 0.000000 0.506611 0.001337 0.862174
-3.34172893 -0.40839699 -7.19612598 101 123 74 0.000000 0.471891 0.001322 0.881656
-3.38332510 -0.42962000 -7.19272995 115 84 69 0.000000 -0.008867 0.000985 0.999960
-3.54716492 -0.13844401 -6.99408484 82 105 57 0.000000 -0.415362 0.001294 0.909655
-3.24749994 -0.14693300 -7.13585281 100 129 73 0.000000 0.516071 0.001340 0.856545
-3.57857394 -0.34303099 -7.05690384 69 85 42 0.000000 -0.228974 0.001174 0.973432
-3.55565405 -0.40754801 -7.09425592 82 101 57 0.000000 -0.165311 0.001125 0.986241
-3.29164290 -0.09854500 -7.09934998 112 141 80 0.000000 0.691755 0.001381 0.722131
-3.46906495 -0.32180801 -7.08067417 105 111 70 0.000000 0.618487 0.001371 0.785794
-3.24070907 -0.19362301 -7.17065811 97 126 69 0.000000 0.606331 0.001369 0.795211
-3.33324003 -0.13080400 -7.07133579 93 118 61 0.000000 0.668888 0.001379 0.743362
-3.34852004 -0.14608400 -7.07388306 103 132 75 0.000000 0.415362 0.001294 0.909655
-3.53612900 -0.37613800 -7.08746481 108 121 69 0.000000 0.123096 0.001089 0.992394
-3.26193094 -0.28955001 -7.20801020 93 120 56 0.000000 0.624527 0.001373 0.781002
-3.31795907 -0.24201100 -7.14094591 97 126 71 0.000000 0.462431 0.001317 0.886654
-3.39351201 -0.07732200 -6.97455978 102 128 63 0.000000 0.663079 0.001379 0.748548
-3.39860606 -0.21654300 -7.07812691 105 128 73 0.000000 0.630540 0.001374 0.776155
-3.32475090 -0.28615400 -7.15877295 111 137 82 0.000000 0.475046 0.001323 0.879960
-3.24325490 -0.24710400 -7.19612598 96 124 65 0.000000 0.668888 0.001379 0.743362
-3.24240589 -0.07222900 -7.14349318 51 53 47 0.000000 0.808912 0.001364 0.587928
-3.48689198 -0.41009501 -7.09934998 104 130 71 0.000000 0.008867 0.000985 0.999960
-3.25429106 -0.04930800 -7.13924789 61 68 55 0.000000 0.350710 0.001257 0.936483
-3.57263207 -0.14183900 -6.99068880 53 55 49 0.000000 0.566240 0.001358 0.824239
-3.21099710 -0.26917601 -7.26573610 80 105 47 0.000000 0.990809 0.001100 -0.135260
-3.31456399 -0.05525100 -6.99833012 98 125 63 0.000000 0.223492 0.001170 0.974705
-3.39690804 -0.04591300 -6.94909286 123 150 80 0.000000 0.785794 0.001371 0.618487
-3.53527999 -0.26662901 -6.97455978 107 135 77 0.000000 0.967932 0.001191 0.251210
-3.54207110 -0.24455699 -6.95758200 114 143 83 0.000000 0.941995 0.001248 0.335625
-3.56159592 -0.19532099 -6.97625780 123 148 100 0.000000 0.353743 0.001259 0.935342
-3.44359803 -0.29634100 -7.08746481 111 138 75 0.000000 0.748548 0.001379 0.663079
-3.22288203 -0.09769600 -7.13245678 98 126 70 0.000000 0.014865 0.000991 0.999889
-3.47500801 -0.42452601 -7.08916283 105 129 72 0.000000 0.867668 0.001333 0.497143
-3.22457910 -0.06968200 -7.13670206 112 125 84 0.000000 0.297091 0.001223 0.954848
-3.49962592 -0.12486100 -6.97371101 79 105 49 0.000000 -0.449834 0.001311 0.893111
-3.39860606 -0.11807000 -7.00512123 97 122 62 0.000000 0.627537 0.001373 0.778585
-3.21778798 -0.12401200 -7.14009809 99 128 70 0.000000 0.465583 0.001319 0.885003
-3.36634707 -0.43301499 -7.19272995 65 60 57 0.000000 0.000978 0.000978 0.999999
-3.42492199 -0.34812400 -7.13075876 111 137 68 0.000000 0.624527 0.001373 0.781002
-3.21014810 -0.22757900 -7.21055698 92 121 63 0.000000 0.591008 0.001365 0.806665
-3.48264790 -0.29549199 -7.05181122 106 132 72 0.000000 0.832674 0.001354 0.553762
-3.42746902 -0.06034400 -6.90410089 93 111 66 0.000000 0.838844 0.001351 0.544370
-3.21184611 -0.17070200 -7.18339205 92 121 60 0.000000 0.792878 0.001369 0.609379
-3.35615993 -0.29464301 -7.14858580 96 123 67 0.000000 0.462431 0.001317 0.886654
-3.30013204 -0.04421500 -7.07727814 105 132 75 0.000000 0.998513 0.001028 0.054502
-3.37059212 -0.11891900 -7.02973890 103 133 71 0.000000 0.572458 0.001360 0.819933
-3.15751600 -0.19871600 -7.23432589 111 135 77 0.000000 0.288352 0.001217 0.957524
-3.19996095 -0.12231400 -7.14603996 83 111 56 0.000000 0.056668 0.001030 0.998393
-3.35785794 -0.23606800 -7.11632776 96 121 65 0.000000 0.531813 0.001346 0.846861
-3.30692410 -0.36680001 -7.20970821 103 128 69 0.000000 0.497143 0.001333 0.867668
-3.32135510 -0.12571000 -7.08067417 92 118 65 0.000000 0.591008 0.001365 0.806665
-3.59724998 -0.33623999 -7.04332209 67 78 48 0.000000 0.981019 0.001147 -0.193909
-3.25853610 -0.11552300 -7.12311888 110 137 80 0.000000 0.297091 0.001223 0.954848
-3.31456399 -0.41094401 -7.21055698 50 55 42 0.000000 0.600218 0.001367 0.799835
-3.46567011 -0.12146600 -6.97201300 82 107 51 0.000000 0.188635 0.001143 0.982047
-3.50387001 -0.38717401 -7.09934998 109 103 68 0.000000 0.387428 0.001279 0.921899
-3.59300590 -0.36849800 -7.09001207 81 93 62 0.000000 -0.636526 0.001375 0.771254
-3.39096498 -0.39566299 -7.17744923 129 135 92 0.000000 0.594083 0.001366 0.804402
-3.53103495 -0.18173800 -6.99578285 110 138 83 0.000000 0.615457 0.001371 0.788169
-3.22118402 -0.33114600 -7.24875784 97 125 73 0.000000 0.449834 0.001311 0.893111
-3.51405692 -0.36510199 -7.08576679 110 102 64 0.000000 -0.125512 0.001091 0.992091
-3.30098104 -0.18937799 -7.12481689 98 127 71 0.000000 0.528668 0.001345 0.848828
-3.43935299 -0.42452601 -7.13924789 105 130 71 0.000000 0.903843 0.001300 0.427862
-3.24834895 -0.12740800 -7.13075876 106 133 77 0.000000 0.418483 0.001296 0.908224
-3.18892503 -0.10958100 -7.13245678 90 116 57 0.000000 0.209925 0.001160 0.977717
-3.46651793 -0.10363800 -6.95079088 83 108 51 0.000000 0.271059 0.001205 0.962562
-3.29758501 -0.02978300 -7.03907681 48 51 42 0.000000 0.985809 0.001127 -0.167869
-3.35870695 -0.18852900 -7.09001207 99 127 70 0.000000 0.578659 0.001362 0.815569
-3.43001509 -0.22927700 -7.06029987 104 131 69 0.000000 0.615457 0.001371 0.788169
-3.31965709 -0.21060100 -7.12481689 100 128 71 0.000000 0.553762 0.001354 0.832674
-3.56668997 -0.39396501 -7.09510517 94 112 67 0.000000 -0.130369 0.001096 0.991465
-3.33239102 -0.06374000 -7.00766802 95 125 64 0.000000 0.375114 0.001272 0.926978
-3.59470391 -0.32775000 -6.99578285 93 121 63 0.000000 0.606331 0.001369 0.795211
-3.49028802 -0.11637200 -6.96267605 79 103 47 0.000000 -0.147635 0.001110 0.989041
-3.17788911 -0.12061700 -7.15452909 94 117 60 0.000000 0.999131 0.001016 0.041673
-3.51405692 -0.31162101 -7.03822899 103 132 70 0.000000 0.587928 0.001364 0.808912
-3.56584096 -0.17494699 -6.98220015 114 141 86 0.000000 0.368984 0.001268 0.929435
-3.39266300 -0.26662901 -7.11293221 139 154 102 0.000000 0.677534 0.001380 0.735490
-3.36889410 -0.02214300 -6.97286177 52 54 48 0.000000 0.000978 0.000978 -0.999999
-3.32814598 -0.10533600 -7.05690384 95 122 62 0.000000 0.813364 0.001362 0.581753
-3.29588795 -0.32010999 -7.19782305 100 128 67 0.000000 0.597153 0.001366 0.802126
-3.47500801 -0.15542200 -6.99663210 105 133 68 0.000000 0.223492 0.001170 0.974705
-3.34852004 -0.30992299 -7.15877295 105 131 75 0.000000 0.409130 0.001291 0.912475
-3.29249191 -0.21314800 -7.14264393 98 127 72 0.000000 0.671779 0.001379 0.740750
-3.23816204 -0.21569400 -7.18339205 98 127 67 0.000000 0.560008 0.001356 0.828486
-3.30267906 -0.23521900 -7.14349318 96 125 68 0.000000 0.719425 0.001381 0.694569
-3.32475090 -0.34642601 -7.19188118 99 126 65 0.000000 0.503455 0.001335 0.864020
-3.56414294 -0.35576400 -7.07558012 81 89 47 0.000000 -0.123096 0.001089 0.992394
-3.51236010 -0.26068699 -7.01530790 109 138 78 0.000000 0.572458 0.001360 0.819933
-3.37568498 -0.39311600 -7.18763590 108 124 76 0.000000 0.409130 0.001291 0.912475
-3.27890897 -0.08920700 -7.11632776 119 148 90 0.000000 0.771254 0.001375 0.636526
-3.32814598 -0.08326500 -7.03228617 102 130 67 0.000000 0.756234 0.001377 0.654300
-3.47330999 -0.22248600 -7.02973890 108 135 75 0.000000 0.493986 0.001331 0.869469
-3.54037404 -0.25389501 -6.93635893 117 140 93 0.000000 0.913864 0.001289 -0.406019
-3.45378494 -0.32350600 -7.09510517 116 115 80 0.000000 0.615457 0.001371 0.788169
-3.33493805 -0.17324901 -7.09680319 99 127 71 0.000000 0.594083 0.001366 0.804402
-3.36549807 -0.20635600 -7.09595394 101 127 73 0.000000 0.609379 0.001369 0.792878
-3.22033501 -0.24286000 -7.21140623 93 122 64 0.000000 0.612421 0.001370 0.790530
-3.54292011 -0.12061700 -6.99578285 76 95 54 0.000000 -0.396706 0.001284 0.917945
-3.60319304 -0.34388000 -7.00597000 68 79 55 0.000000 0.991141 0.001098 0.132811
-3.26617599 -0.17834200 -7.14094591 98 127 72 0.000000 0.560008 0.001356 0.828486
-3.49792790 -0.30058500 -7.03992605 100 126 65 0.000000 0.743362 0.001379 0.668888
-3.41218805 -0.09854500 -6.97371101 105 134 69 0.000000 0.822094 0.001359 0.569351
-3.29758501 -0.03912100 -7.01870298 60 63 51 0.000000 0.908224 0.001296 -0.418483
-3.54971099 -0.29294500 -6.96097803 104 132 69 0.000000 0.978855 0.001156 0.204554
-3.37653399 -0.37528899 -7.17829800 104 124 69 0.000000 0.362873 0.001264 0.931838
-3.39351201 -0.00431600 -6.93805695 61 63 51 0.000000 0.881656 0.001322 0.471891
-3.41303706 -0.13844401 -7.01360989 97 122 61 0.000000 0.512919 0.001339 0.858436
-3.55650306 -0.38462701 -7.09171009 88 106 59 0.000000 0.008867 0.000985 0.999960
-3.49283504 -0.35661301 -7.09001207 117 126 73 0.000000 0.512919 0.001339 0.858436
-3.31371498 -0.10873200 -7.07812691 99 126 66 0.000000 0.761293 0.001377 0.648407
-3.33833289 -0.24031299 -7.12736416 94 119 63 0.000000 0.553762 0.001354 0.832674
-3.23137093 -0.25729099 -7.21225500 95 124 63 0.000000 0.727510 0.001380 0.686096
-3.28994489 -0.26832700 -7.17150688 94 121 66 0.000000 0.569351 0.001359 0.822094
-3.18213391 -0.14693300 -7.21649885 92 120 58 0.000000 0.976541 0.001164 0.215328
-3.28230500 -0.28870100 -7.18084478 93 122 57 0.000000 -0.378186 0.001273 0.925729
-3.36549807 -0.07647300 -6.99663210 103 131 68 0.000000 0.711237 0.001381 0.702951
-3.33833289 -0.03572600 -6.98135090 107 129 82 0.000000 0.468736 0.001320 0.883337
-3.32050610 -0.22673000 -7.13160801 97 126 70 0.000000 0.680398 0.001380 0.732842
-3.47585607 -0.08666000 -6.92956781 75 95 51 0.000000 -0.335625 0.001248 0.941995
-3.54886293 -0.32944801 -7.02549505 92 117 56 0.000000 0.344659 0.001253 0.938727
-3.46821594 -0.18852900 -7.01615715 107 136 74 0.000000 0.538096 0.001349 0.842882
-3.49877691 -0.22842801 -7.01955223 118 146 90 0.000000 0.660161 0.001378 0.751123
-3.23646402 -0.16136400 -7.15198183 92 120 64 0.000000 0.776155 0.001374 0.630540
-3.45123792 -0.27087399 -7.06709099 107 135 74 0.000000 0.711237 0.001381 0.702951
-3.33833289 -0.42113000 -7.20036983 63 70 49 0.000000 0.490829 0.001330 0.871255
-3.48604298 -0.43471301 -7.08831406 66 65 60 0.000000 -0.475046 0.001323 0.879960
-3.19062304 -0.21654300 -7.22159290 100 127 69 0.000000 0.424733 0.001299 0.905318
-3.48774099 -0.41943300 -7.08831406 88 111 54 0.000000 -0.302950 0.001227 0.953006
-3.57433009 -0.41094401 -7.09425592 51 54 43 0.000000 0.409130 0.001291 0.912475
-3.29928303 -0.07307800 -7.08491802 109 138 77 0.000000 0.906778 0.001297 0.421606
-3.23646402 -0.13929300 -7.13840008 97 125 71 0.000000 0.434129 0.001304 0.900850
-3.28315401 -0.12995499 -7.11547899 106 134 79 0.000000 0.384343 0.001277 0.923189
-3.28060699 -0.04336600 -7.12821198 78 83 60 0.000000 0.282560 0.001213 0.959249
-3.17704010 -0.11382500 -7.17659998 106 125 80 0.000000 0.998393 0.001030 -0.056668
-3.18298292 -0.17834200 -7.22838402 113 142 84 0.000000 0.958392 0.001215 0.285453
-3.36295199 -0.35067099 -7.17150688 103 130 69 0.000000 0.677534 0.001380 0.735490
-3.50556803 -0.35576400 -7.08067417 111 112 68 0.000000 0.409130 0.001291 0.912475
-3.21608996 -0.20296100 -7.19782305 96 124 68 0.000000 0.563126 0.001357 0.826370
-3.30437708 -0.06034400 -7.05096197 100 129 68 0.000000 0.998739 0.001024 0.050193
-3.23391700 -0.10873200 -7.13245678 103 132 76 0.000000 0.314746 0.001234 0.949175
-3.42831802 -0.15372400 -7.01785517 108 137 70 0.000000 0.642481 0.001376 0.766300
-3.34342694 -0.25814000 -7.13415480 97 126 71 0.000000 0.481358 0.001326 0.876523
-3.42067695 -0.31162101 -7.11547899 111 137 73 0.000000 0.566240 0.001358 0.824239
-3.24665093 -0.37613800 -7.23857117 49 56 43 0.000000 -0.016879 0.000993 0.999857
-3.42662001 -0.36425400 -7.13755083 113 140 72 0.000000 0.615457 0.001371 0.788169
-3.36804509 -0.28955001 -7.13840008 98 124 68 0.000000 0.516071 0.001340 0.856545
-3.18213391 -0.13504800 -7.19527721 84 110 51 0.000000 0.953006 0.001227 0.302950
-3.26277995 -0.21909000 -7.16556501 97 124 71 0.000000 0.621510 0.001372 0.783405
-3.20675206 -0.31501701 -7.26658487 96 123 72 0.000000 0.838844 0.001351 0.544370
-3.38926792 -0.01195600 -6.94824409 108 124 78 0.000000 0.756234 0.001377 0.654300
-3.19741392 -0.16730700 -7.19952106 94 124 64 0.000000 0.873026 0.001329 0.487672
-3.43680692 -0.13250101 -6.99323606 101 130 65 0.000000 0.384343 0.001277 0.923189
-3.19401908 -0.08496200 -7.13500404 42 51 27 0.000000 -0.022971 0.000999 0.999736
-3.30352807 -0.02978300 -7.05096197 80 88 71 0.000000 0.988281 0.001114 -0.152643
-3.45972705 -0.36340499 -7.11123514 112 135 70 0.000000 0.427862 0.001300 0.903843
-3.45123792 -0.16560900 -7.01106310 112 141 75 0.000000 0.427862 0.001300 0.903843
-3.40539694 -0.36000901 -7.14943600 110 135 69 0.000000 0.556887 0.001355 0.830587
-3.40369892 -0.07307800 -6.95928001 107 134 67 0.000000 0.804402 0.001366 0.594083
-3.47076297 -0.26153600 -7.04586792 115 144 85 0.000000 0.648407 0.001377 0.761293
-3.20675206 -0.19107600 -7.20036983 97 126 68 0.000000 0.606331 0.001369 0.795211
-3.39775705 -0.09005600 -6.98135090 103 130 65 0.000000 0.758770 0.001377 0.651358
-3.39945507 -0.38377801 -7.16641378 107 129 71 0.000000 0.665988 0.001379 0.745961
-3.48774099 -0.27596700 -7.04417086 107 136 73 0.000000 0.497143 0.001333 0.867668
-3.30777192 -0.06204200 -7.02719307 97 125 62 0.000000 0.992979 0.001085 0.118289
-3.27890897 -0.37698701 -7.23093081 87 104 63 0.000000 0.437266 0.001305 0.899331
-3.39860606 -0.29634100 -7.12311888 103 125 67 0.000000 0.531813 0.001346 0.846861
-3.43510890 -0.35916001 -7.12906218 114 140 72 0.000000 0.597153 0.001366 0.802126
-3.41982794 -0.41349000 -7.15622711 117 143 80 0.000000 0.691755 0.001381 0.722131
-3.52679110 -0.25644201 -6.99068880 106 135 75 0.000000 0.925729 0.001273 0.378186
-3.47585607 -0.40500101 -7.10953712 107 134 73 0.000000 0.544370 0.001351 0.838844
-3.37823200 -0.06883300 -6.98135090 111 141 74 0.000000 0.615457 0.001371 0.788169
-3.42067695 -0.43895799 -7.16132021 64 67 52 0.000000 0.356781 0.001261 0.934187
-3.50471902 -0.28955001 -7.02719307 106 135 72 0.000000 0.727510 0.001380 0.686096
-3.47755408 -0.14523500 -6.98899221 97 125 62 0.000000 0.209925 0.001160 0.977717
-3.27721190 -0.24116200 -7.16556501 97 123 71 0.000000 0.519223 0.001342 0.854638
-3.18807602 -0.25898901 -7.26743412 51 65 38 0.000000 -0.815569 0.001362 0.578659
-3.25768709 -0.32435501 -7.22838402 103 131 73 0.000000 0.587928 0.001364 0.808912
-3.55225801 -0.15032800 -6.99493408 99 126 71 0.000000 0.025017 0.001001 0.999686
-3.42577100 -0.27766499 -7.09086084 102 127 64 0.000000 0.680398 0.001380 0.732842
-3.37313795 -0.42028201 -7.18763590 94 89 69 0.000000 0.183394 0.001139 0.983039
-3.53103495 -0.43216601 -7.08152199 76 81 71 0.000000 0.761293 0.001377 0.648407
-3.36040497 -0.32350600 -7.15962219 103 129 70 0.000000 0.452981 0.001313 0.891519
-3.49622989 -0.09345200 -6.94654608 79 97 56 0.000000 0.375114 0.001272 0.926978
-3.42662001 -0.25814000 -7.08152199 110 140 77 0.000000 0.674661 0.001380 0.738126
-3.25004601 -0.26153600 -7.20036983 92 118 58 0.000000 0.600218 0.001367 0.799835
-3.42067695 -0.02978300 -6.90155411 63 63 62 0.000000 0.603278 0.001368 0.797530
-3.42067695 -0.39990801 -7.15367985 121 147 80 0.000000 0.615457 0.001371 0.788169
-3.27126908 -0.15542200 -7.12651491 99 127 69 0.000000 0.409130 0.001291 0.912475
-3.21269488 -0.26238400 -7.23687315 82 110 55 0.000000 0.934187 0.001261 0.356781
-3.42662001 -0.37868500 -7.14264393 113 141 72 0.000000 0.783405 0.001372 0.621510
-3.37738299 -0.16221300 -7.06114912 104 131 72 0.000000 0.657235 0.001378 0.753685
-3.41558409 -0.33454201 -7.13075876 113 140 74 0.000000 0.509765 0.001338 0.860313
-3.21099710 -0.26747799 -7.28441191 70 89 46 0.000000 0.992690 0.001087 -0.120688
-3.39775705 -0.13589700 -7.02634382 104 130 69 0.000000 0.677534 0.001380 0.735490
-3.31626201 -0.14183900 -7.09510517 104 132 75 0.000000 0.815569 0.001362 0.578659
-3.32814598 -0.03148100 -6.98729420 49 52 41 0.000000 0.509765 0.001338 0.860313
-3.50641704 -0.15627100 -6.99408484 97 126 68 0.000000 0.027071 0.001003 0.999633
-3.23391700 -0.23946400 -7.19952106 88 113 57 0.000000 0.615457 0.001371 0.788169
-3.37823200 -0.11297600 -7.01785517 104 131 66 0.000000 0.691755 0.001381 0.722131
-3.37313795 -0.01025800 -6.95928001 50 58 38 0.000000 0.603278 0.001368 0.797530
-3.43595791 -0.14863101 -7.00936604 105 133 68 0.000000 0.415362 0.001294 0.909655
-3.29758501 -0.35576400 -7.21140623 104 130 69 0.000000 0.399807 0.001286 0.916599
-3.18468094 -0.20126300 -7.22159290 103 133 74 0.000000 0.446689 0.001310 0.894688
-3.30607510 -0.34048399 -7.20121908 96 121 63 0.000000 0.522373 0.001343 0.852716
-3.28824806 -0.32520401 -7.20631218 101 128 68 0.000000 0.618487 0.001371 0.785794
-3.19401908 -0.13929300 -7.17999601 87 112 53 0.000000 0.867668 0.001333 0.497143
-3.49622989 -0.40245399 -7.10189581 105 130 74 0.000000 0.240031 0.001182 0.970765
-3.52509308 -0.32520401 -7.04502010 100 127 65 0.000000 0.694569 0.001381 0.719425
-3.25514007 -0.36085799 -7.23432589 95 120 68 0.000000 0.242814 0.001184 0.970072
-3.51575494 -0.43301499 -7.08916283 59 70 41 0.000000 0.074296 0.001046 0.997236
-3.44444704 -0.17749400 -7.02549505 114 142 78 0.000000 0.359825 0.001263 0.933019
-3.45378494 -0.08156700 -6.91174078 92 110 65 0.000000 -0.560008 0.001356 0.828486
-3.29334092 -0.02553900 -7.10444307 64 66 65 0.000000 0.997400 0.001044 -0.072063
-3.28909612 -0.24540600 -7.16047096 94 120 67 0.000000 0.578659 0.001362 0.815569
-3.27806091 -0.11382500 -7.11463022 110 137 82 0.000000 0.516071 0.001340 0.856545
-3.53188396 -0.35746199 -7.07727814 97 97 57 0.000000 0.262509 0.001199 0.964929
-3.35700893 -0.39141899 -7.19272995 103 125 70 0.000000 0.135260 0.001100 0.990809
-3.47755408 -0.30143401 -7.06114912 107 132 73 0.000000 0.621510 0.001372 0.783405
-3.22882390 -0.21399701 -7.19103193 97 125 65 0.000000 0.665988 0.001379 0.745961
-3.40454793 -0.05440200 -6.94484901 119 148 72 0.000000 0.828486 0.001356 0.560008
-3.18468094 -0.22588100 -7.22668600 91 119 63 0.000000 0.528668 0.001345 0.848828
-3.44529605 -0.38802299 -7.12990999 113 140 73 0.000000 0.735490 0.001380 0.677534
-3.36549807 -0.13929300 -7.05265999 98 125 68 0.000000 0.566240 0.001358 0.824239
-3.58536601 -0.33454201 -7.04162407 76 93 49 0.000000 0.130369 0.001096 0.991465
-3.25683808 -0.16815600 -7.13840008 95 123 66 0.000000 0.594083 0.001366 0.804402
-3.41303706 -0.27596700 -7.10359383 104 133 69 0.000000 0.497143 0.001333 0.867668
-3.34172893 -0.03233000 -6.99238682 55 55 53 0.000000 0.180786 0.001137 -0.983522
-3.40115190 -0.32944801 -7.13924789 109 133 71 0.000000 0.645448 0.001376 0.763803
-3.45718098 -0.07138000 -6.90325212 57 57 59 0.000000 -0.300017 0.001225 0.953933
-3.36040497 -0.15457299 -7.07048702 102 130 73 0.000000 0.707106 0.001384 0.707106
-3.26277995 -0.20381001 -7.15792513 93 122 68 0.000000 0.615457 0.001371 0.788169
-3.26532698 -0.23861501 -7.17235613 97 125 68 0.000000 0.663079 0.001379 0.748548
-3.48689198 -0.19871600 -7.01276112 108 137 76 0.000000 0.120688 0.001087 0.992690
-3.34682202 -0.35831100 -7.18424082 95 120 59 0.000000 0.525521 0.001344 0.850780
-3.52594209 -0.11467400 -6.97795582 67 82 50 0.000000 -0.621510 0.001372 0.783405
-3.36210299 -0.40669900 -7.19018316 101 122 75 0.000000 0.118289 0.001085 0.992979
-3.30098104 -0.11212800 -7.09510517 108 135 78 0.000000 0.606331 0.001369 0.795211
-3.30607510 -0.15966600 -7.11123514 99 126 69 0.000000 0.528668 0.001345 0.848828
-3.29673696 -0.02469000 -7.07303381 49 52 47 0.000000 0.999960 0.000985 -0.008867
-3.29758501 -0.25559300 -7.15962219 101 128 72 0.000000 0.648407 0.001377 0.761293
-3.26362896 -0.09090500 -7.12396812 110 139 85 0.000000 0.311788 0.001232 0.950151
-3.27126908 -0.30992299 -7.21140623 97 123 61 0.000000 0.509765 0.001338 0.860313
-3.52509308 -0.36934701 -7.08661604 101 99 59 0.000000 0.276796 0.001209 0.960928
-3.53358197 -0.30652800 -7.00766802 97 125 64 0.000000 0.758770 0.001377 0.651358
-3.30692410 -0.30567899 -7.17829800 101 129 69 0.000000 0.813364 0.001362 0.581753
-3.46482110 -0.38632500 -7.11717701 113 137 72 0.000000 0.497143 0.001333 0.867668
-3.44444704 -0.19871600 -7.03653002 105 131 68 0.000000 0.686096 0.001380 0.727510
-3.22118402 -0.18683200 -7.18254280 98 128 67 0.000000 0.785794 0.001371 0.618487
-3.56668997 -0.21909000 -6.95843077 108 115 88 0.000000 0.165311 0.001125 0.986241
-3.42831802 -0.08241600 -6.93890619 99 125 61 0.000000 0.900850 0.001304 0.434129
-3.46312308 -0.30228299 -7.07388306 110 129 74 0.000000 0.660161 0.001378 0.751123
-3.43256211 -0.08071800 -6.92362499 100 126 65 0.000000 0.873026 0.001329 0.487672
-3.38587189 -0.35916001 -7.16641378 134 139 87 0.000000 0.584843 0.001363 0.811146
-3.33578610 -0.19532099 -7.10783911 107 134 78 0.000000 0.563126 0.001357 0.826370
-3.39351201 -0.43471301 -7.19527721 111 90 76 0.000000 0.962562 0.001205 0.271059
-3.25004601 -0.18004000 -7.15367985 94 121 68 0.000000 0.660161 0.001378 0.751123
-3.39351201 -0.37019601 -7.16471577 111 127 71 0.000000 0.702951 0.001381 0.711237
-3.45038891 -0.34897301 -7.11123514 113 137 73 0.000000 0.591008 0.001365 0.806665
-3.21524096 -0.15032800 -7.16301823 91 119 62 0.000000 0.691755 0.001381 0.722131
-3.44614506 -0.36764899 -7.12396812 114 141 74 0.000000 0.418483 0.001296 0.908224
-3.49538112 -0.27766499 -7.03568220 111 141 81 0.000000 0.541234 0.001350 0.840871
-3.22373009 -0.14863101 -7.15452909 85 113 61 0.000000 0.528668 0.001345 0.848828
-3.36125398 -0.09430000 -7.01530790 103 130 66 0.000000 0.600218 0.001367 0.799835
-3.47585607 -0.36425400 -7.10274601 110 109 65 0.000000 0.531813 0.001346 0.846861
-3.57687712 -0.32265699 -6.99663210 91 119 59 0.000000 0.815569 0.001362 0.578659
-3.33493805 -0.34812400 -7.18678808 102 128 66 0.000000 0.538096 0.001349 0.842882
-3.43510890 -0.09599800 -6.95333719 94 121 58 0.000000 0.630540 0.001374 0.776155
-3.59215689 -0.32265699 -6.97965384 91 111 62 0.000000 0.912475 0.001291 0.409130
-3.54886293 -0.23861501 -6.94909286 114 140 88 0.000000 0.970765 0.001182 0.240031
-3.38756990 -0.05779700 -6.96776915 120 148 80 0.000000 0.732842 0.001380 0.680398
-3.24749994 -0.06458900 -7.13670206 101 127 75 0.000000 0.018902 0.000995 0.999821
-3.40284991 -0.34897301 -7.14688921 107 131 66 0.000000 0.563126 0.001357 0.826370
-3.30437708 -0.32775000 -7.19782305 102 130 70 0.000000 0.556887 0.001355 0.830587
-3.45038891 -0.43216601 -7.11717701 78 83 61 0.000000 0.677534 0.001380 0.735490
-3.31031895 -0.22842801 -7.13840008 99 127 72 0.000000 0.375114 0.001272 0.926978
-3.20505500 -0.26238400 -7.24960709 77 105 48 0.000000 0.983522 0.001137 0.180786
-3.32475090 -0.16475999 -7.09850121 94 120 66 0.000000 0.606331 0.001369 0.795211
-3.33663511 -0.02469000 -6.98389816 62 63 58 0.000000 0.677534 0.001380 0.735490
-3.55480504 -0.21739200 -6.96861792 117 143 92 0.000000 0.885003 0.001319 0.465583
-3.34003091 -0.05610000 -6.99917793 95 124 65 0.000000 0.516071 0.001340 0.856545
-3.27466512 -0.30143401 -7.20376492 96 124 61 0.000000 0.727510 0.001380 0.686096
-3.41133904 -0.06798400 -6.94399881 106 133 65 0.000000 0.830587 0.001355 0.556887
-3.51151109 -0.18258700 -7.00427198 112 139 80 0.000000 0.135260 0.001100 0.990809
-3.47670507 -0.33284399 -7.08322001 107 120 71 0.000000 0.618487 0.001371 0.785794
-3.49453211 -0.37953401 -7.09934998 110 100 68 0.000000 0.462431 0.001317 0.886654
-3.59045911 -0.33623999 -7.02464581 74 93 48 0.000000 0.997710 0.001040 -0.067624
-3.35955596 -0.02723700 -6.98559618 87 82 63 0.000000 -0.657235 0.001378 -0.753685
-3.19826293 -0.20381001 -7.21225500 98 127 69 0.000000 0.609379 0.001369 0.792878
-3.30352807 -0.05525100 -7.03568220 100 126 68 0.000000 0.981537 0.001145 0.191268
-3.25429106 -0.21484600 -7.17150688 97 125 69 0.000000 0.677534 0.001380 0.735490
-3.34852004 -0.09939400 -7.03228617 103 132 69 0.000000 0.785794 0.001371 0.618487
-3.30777192 -0.13929300 -7.10189581 103 131 77 0.000000 0.722131 0.001381 0.691755
-3.19486809 -0.24710400 -7.28271389 58 73 43 0.000000 0.957524 0.001217 0.288352
-3.35700893 -0.13165200 -7.05520582 103 133 74 0.000000 0.621510 0.001372 0.783405
-3.38926792 -0.02469000 -6.95079088 115 139 76 0.000000 0.707106 0.001384 0.707106
-3.47076297 -0.43301499 -7.09765196 85 99 59 0.000000 0.372047 0.001270 0.928213
-3.24410391 -0.05355300 -7.14519119 49 53 49 0.000000 0.459279 0.001316 0.888291
-3.26872301 -0.37868500 -7.23517513 46 53 35 0.000000 0.302950 0.001227 0.953006
-3.40964198 -0.17919099 -7.05181122 114 142 79 0.000000 0.621510 0.001372 0.783405
-3.27890897 -0.32605299 -7.21225500 101 129 67 0.000000 0.279674 0.001211 0.960094
-3.46991396 -0.20890300 -7.02634382 112 140 79 0.000000 0.509765 0.001338 0.860313
-3.24834895 -0.23352200 -7.18424082 97 126 67 0.000000 0.722131 0.001381 0.691755
-3.39436102 -0.44235301 -7.20546293 138 98 83 0.000000 -0.276796 0.001209 0.960928
-3.28485203 -0.07986900 -7.11547899 119 149 91 0.000000 0.846861 0.001346 0.531813
-3.29418993 -0.03657500 -7.10359383 103 117 83 0.000000 0.905318 0.001299 0.424733
-3.18892503 -0.12146600 -7.14688921 81 109 53 0.000000 0.443546 0.001308 0.896251
-3.39775705 -0.15542200 -7.03992605 100 124 66 0.000000 0.688930 0.001381 0.724826
-3.40794396 -0.12401200 -7.00427198 108 138 73 0.000000 0.603278 0.001368 0.797530
-3.23731303 -0.27936301 -7.22244215 92 120 56 0.000000 0.677534 0.001380 0.735490
-3.53018689 -0.17070200 -6.99578285 111 139 84 0.000000 0.493986 0.001331 0.869469
-3.53612900 -0.27681601 -6.97880507 106 136 74 0.000000 0.896251 0.001308 0.443546
-3.21948600 -0.21654300 -7.20036983 98 127 69 0.000000 0.556887 0.001355 0.830587
-3.24495292 -0.08071800 -7.13245678 104 134 79 0.000000 -0.097074 0.001067 0.995277
-3.44359803 -0.12825701 -6.98559618 96 124 59 0.000000 0.291258 0.001219 0.956644
-3.54122210 -0.15542200 -6.99323606 97 123 71 0.000000 -0.218041 0.001166 0.975939
-3.42067695 -0.07053100 -6.92871904 106 132 67 0.000000 0.906778 0.001297 0.421606
-3.41133904 -0.02723700 -6.91513586 123 143 91 0.000000 0.924466 0.001275 0.381263
-3.29758501 -0.02553900 -7.08406878 65 71 60 0.000000 0.998844 0.001022 0.048051
-3.54292011 -0.27766499 -6.94824409 107 135 75 0.000000 0.982047 0.001143 0.188635
-3.30607510 -0.09514900 -7.08067417 102 129 69 0.000000 0.834745 0.001353 0.550634
-3.49113703 -0.26662901 -7.03568220 108 136 75 0.000000 0.645448 0.001376 0.763803
-3.58706403 -0.33454201 -7.01276112 82 102 53 0.000000 0.811146 0.001363 0.584843
-3.28315401 -0.36340499 -7.22159290 100 125 70 0.000000 0.440405 0.001307 0.897798
-3.21948600 -0.34557801 -7.24111700 87 107 65 0.000000 0.768784 0.001375 0.639507
-3.38162804 -0.36764899 -7.17235613 109 124 70 0.000000 0.475046 0.001323 0.879960
-3.39266300 -0.23776600 -7.09680319 124 144 96 0.000000 0.668888 0.001379 0.743362
-3.39521003 -0.19701800 -7.06963778 124 147 89 0.000000 0.541234 0.001350 0.840871
-3.56244493 -0.33369300 -7.02804089 79 101 45 0.000000 0.058843 0.001032 0.998267
-3.51915097 -0.26153600 -7.00681877 111 142 83 0.000000 0.858436 0.001339 0.512919
-3.43086410 -0.34303099 -7.12142086 113 138 71 0.000000 0.606331 0.001369 0.795211
-3.29334092 -0.13165200 -7.11038494 104 132 78 0.000000 0.657235 0.001378 0.753685
-3.42916608 -0.19362301 -7.04417086 102 128 68 0.000000 0.569351 0.001359 0.822094
-3.42237496 -0.08581100 -6.94994211 96 122 56 0.000000 0.797530 0.001368 0.603278
-3.39181399 -0.34472901 -7.15283108 117 131 74 0.000000 0.624527 0.001373 0.781002
-3.40115190 -0.25814000 -7.10019922 105 129 72 0.000000 0.651358 0.001377 0.758770
-3.20590305 -0.24795300 -7.22583723 88 115 54 0.000000 0.399807 0.001286 0.916599
