1.813118 0.295023 -4.377192 64 50 31 0 -0.746921 0.215846 0.628904
1.651512 -0.069644 -4.469940 122 89 30 0 -0.911026 0.404446 0.080345
1.757610 0.082827 -4.354005 123 88 43 0 -0.727771 0.536339 0.427421
1.721776 -0.065429 -4.324495 115 79 46 0 -0.656645 0.340543 0.672939
1.724586 0.078611 -4.502964 58 45 26 0 -0.767863 -0.006918 0.640577
1.770960 0.179791 -4.433403 89 88 55 0 0.245920 0.964568 -0.095565
1.647297 -0.154663 -4.371572 169 174 211 0 0.904133 -0.244717 -0.350223
1.700697 0.011158 -4.409513 103 84 81 0 0.832034 -0.554231 -0.023379
1.681023 -0.016244 -4.545825 77 64 21 0 -0.871409 0.277335 -0.404637
1.749179 0.011861 -4.309740 76 56 30 0 -0.674019 0.730311 0.111102
1.673294 -0.074563 -4.387732 120 89 30 0 -0.911203 0.254323 0.324080
1.792039 0.202978 -4.360329 61 64 32 0 -0.907641 0.277131 0.315255
1.632541 -0.111803 -4.533177 42 36 23 0 -0.110943 0.714476 0.690808
1.729505 0.092664 -4.426377 118 106 24 0 -0.926145 0.363114 0.101998
1.695076 0.021698 -4.481885 143 105 75 0 -0.872713 0.484224 -0.062436
1.642378 -0.118126 -4.428485 89 76 69 0 0.751187 0.609453 -0.253545
1.775879 0.138335 -4.372274 79 77 57 0 0.421230 -0.621023 -0.660981
1.754097 0.135525 -4.470643 37 27 10 0 -0.641473 0.300640 -0.705781
1.683834 -0.118126 -4.341358 122 80 45 0 -0.809418 0.196638 0.553331
1.707723 -0.020460 -4.362437 124 88 38 0 -0.796274 0.461678 0.390898
1.794850 0.239515 -4.401082 113 117 94 0 0.434198 0.570613 -0.697046
1.673294 -0.029594 -4.430593 109 99 20 0 -0.911128 0.411772 -0.016994
1.734423 0.041372 -4.377192 77 68 62 0 0.999736 -0.022971 0.000999
1.671889 -0.023973 -4.493127 129 85 31 0 -0.907943 0.417307 0.038664
1.657133 -0.058402 -4.528962 141 93 40 0 -0.887929 0.437510 -0.142011
1.708426 0.051911 -4.436916 120 98 23 0 -0.903110 0.420532 0.086864
1.750584 0.141848 -4.417243 111 109 27 0 -0.903438 0.426958 -0.038814
1.805389 0.246541 -4.356113 50 50 27 0 -0.793488 0.125599 0.595485
1.698589 0.020293 -4.526854 129 104 50 0 -0.923575 0.306907 0.229823
1.744260 0.110230 -4.389840 116 103 32 0 -0.782539 0.515801 0.348688
1.652215 -0.069644 -4.427782 110 86 31 0 -0.894454 0.435329 0.102183
1.761123 0.044885 -4.332224 67 57 53 0 0.736902 -0.254050 -0.626446
1.630433 -0.121639 -4.480480 115 75 73 0 0.859618 -0.119511 -0.496764
1.698589 -0.064726 -4.358924 94 75 73 0 0.814721 0.222476 -0.535476
1.780797 0.202978 -4.403190 125 137 46 0 -0.915229 0.389488 -0.103221
1.726694 0.081422 -4.465022 136 101 33 0 -0.864145 0.484905 -0.134615
1.738639 -0.021865 -4.323792 118 78 41 0 -0.768164 0.221914 0.600565
1.663457 -0.108992 -4.378598 117 81 33 0 -0.852630 0.040075 0.520975
1.688752 0.005537 -4.443943 123 95 26 0 -0.940398 0.331052 0.077817
1.647297 -0.087913 -4.509990 117 91 97 0 0.959713 -0.038688 0.278304
1.721073 0.067369 -4.402487 114 102 31 0 -0.881461 0.381213 0.278753
1.647297 -0.083697 -4.552148 60 52 26 0 0.830580 0.063673 0.553248
1.736531 0.013969 -4.342763 129 83 47 0 -0.767121 0.309091 0.562128
1.669078 -0.149745 -4.338548 112 77 39 0 -0.777316 0.040911 0.627778
1.685239 -0.042242 -4.388434 120 95 30 0 -0.886406 0.157615 0.435250
1.768852 0.172062 -4.397569 110 115 34 0 -0.925999 0.229011 0.300132
1.769555 0.113040 -4.347682 101 81 40 0 -0.656920 0.442961 0.610116
1.714047 0.009051 -4.373679 123 87 35 0 -0.830793 0.364162 0.420914
1.711939 0.045588 -4.513504 135 101 46 0 -0.831416 0.554739 0.031818
1.803281 0.264107 -4.383516 153 154 89 0 -0.892791 0.275737 0.356222
1.705615 -0.088616 -4.337845 86 57 48 0 0.909387 -0.103811 -0.402788
1.675402 -0.021865 -4.462211 129 96 35 0 -0.631320 0.720824 0.286092
1.644486 -0.146934 -4.410919 110 82 29 0 -0.947352 -0.087791 0.307922
1.625515 -0.133584 -4.512801 54 48 30 0 -0.333355 0.840431 0.427258
1.636055 -0.102668 -4.457293 113 93 21 0 -0.865072 0.501117 0.023087
1.653620 -0.099858 -4.408108 113 91 28 0 -0.761293 0.001377 0.648407
1.739342 0.106014 -4.455185 134 110 32 0 -0.813603 0.577899 -0.063896
1.683131 -0.002192 -4.516314 146 103 48 0 -0.841609 0.491573 -0.223719
1.686644 -0.017650 -4.403190 117 98 29 0 -0.867916 0.243016 0.433203
1.705615 0.046290 -4.473454 135 91 36 0 -0.881119 0.445640 0.158224
1.711939 -0.042944 -4.346277 123 81 44 0 -0.749953 0.292626 0.593246
1.739342 0.075801 -4.373679 124 98 36 0 -0.862780 0.292701 0.412234
1.808200 0.273944 -4.353303 57 52 25 0 -0.900059 0.370268 -0.229771
1.704913 0.041372 -4.411622 117 101 31 0 -0.866965 0.389905 0.310395
1.744963 0.118662 -4.430593 106 100 90 0 0.926547 0.189808 -0.324783
1.678213 -0.028892 -4.519125 106 71 76 0 0.728263 -0.434316 0.530096
1.654323 -0.134287 -4.389137 116 82 32 0 -0.751669 0.055838 0.657173
1.763231 0.152388 -4.438322 111 109 85 0 0.956075 -0.292169 0.023622
1.661349 -0.049268 -4.483993 128 89 32 0 -0.918313 0.372063 0.135169
1.684536 -0.087913 -4.353303 125 90 43 0 -0.785650 0.286122 0.548532
1.662755 -0.052079 -4.443943 120 97 28 0 -0.898400 0.412778 0.149971
1.702805 -0.116721 -4.323792 64 51 39 0 0.562444 0.140982 0.814728
1.739342 -0.047863 -4.317469 57 43 33 0 0.213996 0.561933 -0.799022
1.642378 -0.091426 -4.479777 120 83 22 0 -0.986620 0.142630 0.078977
1.667673 -0.133584 -4.357519 120 81 41 0 -0.883525 0.379511 0.274508
1.767447 0.121472 -4.388434 123 108 111 0 -0.125945 0.204819 -0.970663
1.641676 -0.090021 -4.436214 104 88 21 0 -0.903110 0.420532 0.086864
1.794850 0.229678 -4.370166 133 142 64 0 -0.896178 0.443456 0.014561
1.744260 0.114446 -4.477669 122 98 41 0 -0.877761 0.103183 0.467856
1.788526 0.179791 -4.366653 33 32 25 0 0.237725 -0.015530 -0.971208
1.677510 -0.039431 -4.543014 98 62 56 0 0.235947 -0.214126 -0.947881
1.751989 0.099690 -4.369463 125 102 38 0 -0.862261 0.198067 0.466127
1.719668 0.071585 -4.432701 122 104 26 0 -0.832241 0.554373 0.006810
1.697886 -0.007110 -4.386327 122 95 30 0 -0.871870 0.238601 0.427682
1.720371 0.068774 -4.483290 143 98 43 0 -0.666092 0.721471 -0.189213
1.655728 -0.123747 -4.408811 120 88 33 0 0.794250 -0.397930 0.459150
1.720371 -0.002192 -4.355411 125 83 40 0 -0.643732 0.325920 0.692377
1.685941 -0.000786 -4.465022 128 92 28 0 -0.940919 0.338631 0.001250
1.735126 0.092664 -4.489614 122 94 40 0 -0.920672 0.032741 0.388961
1.716857 0.043480 -4.393353 117 98 31 0 -0.833129 0.254097 0.491254
1.744963 0.044182 -4.358222 80 64 61 0 0.628032 -0.587623 -0.510171
1.658539 -0.050673 -4.508585 134 92 30 0 -0.815569 0.578659 0.001362
1.777284 0.137633 -4.350492 39 34 16 0 -0.761503 0.420873 0.492930
1.772366 0.150983 -4.401082 108 111 96 0 0.692951 -0.485900 -0.532654
1.683834 -0.060510 -4.375084 125 95 35 0 -0.909821 0.236524 0.341001
1.769555 0.158712 -4.380706 116 117 40 0 -0.766015 0.364384 0.529571
1.753394 0.002727 -4.328711 71 60 68 0 0.826891 -0.422141 -0.371548
1.644486 -0.090021 -4.531069 136 89 40 0 -0.975099 0.214935 -0.054644
1.751287 0.132012 -4.397569 113 108 31 0 -0.859748 0.435219 0.267240
1.726694 0.027319 -4.363140 123 87 39 0 -0.792146 0.254674 0.554658
1.701399 -0.046458 -4.369463 97 75 84 0 0.537252 0.293191 -0.790822
1.708426 0.019590 -4.391245 119 95 29 0 -0.864797 0.317963 0.388621
1.676807 -0.107587 -4.358222 127 82 40 0 -0.856700 -0.080448 0.509503
1.738639 0.116554 -4.410919 111 105 25 0 -0.851881 0.428260 0.301483
1.646594 -0.081589 -4.453780 116 95 27 0 -0.786315 0.214731 0.579309
1.686644 -0.000084 -4.424972 113 94 19 0 -0.796399 0.569295 -0.204087
1.685941 -0.143421 -4.330116 29 25 17 0 0.648407 0.001377 0.761293
1.780094 0.193843 -4.385624 115 125 46 0 -0.849628 0.357000 0.388179
1.675402 -0.052781 -4.401785 120 95 29 0 -0.828679 0.322351 0.457582
1.747773 0.090556 -4.386327 91 81 75 0 0.706063 -0.597438 -0.380188
1.725289 -0.038026 -4.332927 121 78 47 0 -0.649522 0.315852 0.691635
1.697886 -0.026784 -4.377895 106 80 43 0 -0.714775 0.206215 0.668260
1.773068 0.119364 -4.369463 116 107 111 0 0.639009 -0.070680 -0.765945
1.680320 -0.012731 -4.479074 133 91 36 0 -0.930950 0.348259 0.109763
1.730207 0.083530 -4.397569 115 102 30 0 -0.845369 0.331609 0.418792
1.718965 0.068774 -4.451672 132 100 32 0 -0.917739 0.394455 -0.046485
1.711236 0.053317 -4.490316 139 91 42 0 -0.732691 0.666763 -0.136349
1.673294 -0.059808 -4.538798 103 65 62 0 0.755481 -0.165689 -0.633874
1.674699 -0.087913 -4.374382 120 85 33 0 -0.837352 0.378615 0.394325
1.702805 0.032940 -4.502964 141 95 42 0 -0.870070 0.476022 -0.127994
1.666970 -0.037323 -4.468535 122 90 25 0 -0.861505 0.482854 0.157038
1.696481 0.022401 -4.443240 121 101 28 0 -0.836146 0.543708 -0.072400
1.697886 0.027319 -4.421458 112 100 18 0 -0.865072 0.501117 -0.023087
1.787823 0.217030 -4.393353 135 145 58 0 -0.965622 0.238535 0.103323
1.650810 -0.170824 -4.379301 64 56 48 0 0.756251 0.421598 -0.500340
1.775879 0.101798 -4.360329 28 24 27 0 0.546018 -0.696298 -0.465868
1.688049 0.008348 -4.491722 136 90 41 0 -0.879687 0.475325 0.014728
1.704210 0.039264 -4.457293 127 98 29 0 -0.832241 0.554373 -0.006810
1.688752 -0.078076 -4.370166 96 79 69 0 0.166683 -0.563120 -0.809391
1.718263 0.028022 -4.378598 117 94 32 0 -0.837352 0.394325 0.378615
1.771663 0.184709 -4.409513 120 129 38 0 -0.907943 0.417307 -0.038664
1.650107 -0.073860 -4.534583 139 94 40 0 -0.924241 0.377918 -0.054367
1.790634 0.207193 -4.377192 121 133 100 0 0.833699 -0.540817 -0.111643
1.662052 -0.160284 -4.350492 84 59 26 0 -0.750640 -0.363108 0.551989
1.678915 -0.016947 -4.446051 115 95 38 0 -0.972458 0.228168 0.047586
1.663457 -0.125855 -4.372274 122 79 39 0 -0.925055 0.134126 0.355365
1.751989 0.139741 -4.440430 129 111 33 0 -0.765959 0.600599 -0.229320
1.678915 -0.014839 -4.421458 109 90 20 0 -0.924117 0.370461 0.093633
1.739342 0.032237 -4.347682 122 83 41 0 -0.694134 0.451104 0.560967
1.636757 -0.161690 -4.408811 104 90 25 0 -0.841310 0.309465 0.443204
1.794147 0.224057 -4.407406 131 141 108 0 0.857691 -0.214798 -0.467149
1.690157 -0.009218 -4.529664 100 66 65 0 0.808492 -0.587103 -0.040635
1.800471 0.247946 -4.382111 145 151 76 0 -0.952479 0.294167 0.079049
1.704210 -0.064023 -4.343466 132 96 52 0 -0.713174 0.347611 0.608728
1.636055 -0.122342 -4.518422 131 91 30 0 -0.752509 0.365690 0.547723
1.647999 -0.067537 -4.550041 44 43 37 0 0.853452 -0.505696 0.126062
1.725992 0.054019 -4.384922 122 102 32 0 -0.904534 0.301511 0.301511
1.780797 0.153793 -4.370166 118 124 126 0 0.815613 -0.429354 -0.387855
1.709128 0.025914 -4.409513 93 82 76 0 0.793494 -0.603401 0.079205
1.636757 -0.094939 -4.500154 103 66 67 0 0.913533 -0.374167 0.159551
1.806092 0.268323 -4.368058 153 154 86 0 -0.964380 0.252184 0.079837
1.691563 0.011158 -4.514909 144 100 42 0 -0.778362 0.593405 -0.204994
1.650810 -0.067537 -4.517719 138 92 44 0 -0.947337 0.300763 -0.109971
1.756908 0.132714 -4.382813 118 109 31 0 -0.820144 0.396536 0.412461
1.742855 0.065261 -4.362437 123 86 41 0 -0.823761 0.372994 0.426959
1.751287 0.018185 -4.323792 113 81 46 0 -0.468360 0.403535 0.786002
1.638162 -0.133584 -4.416540 99 88 29 0 -0.879687 -0.014728 0.475325
1.711939 -0.078779 -4.328008 124 82 48 0 -0.704844 0.079931 0.704844
1.644486 -0.097750 -4.420053 115 99 37 0 -0.737844 0.142760 0.659702
1.692265 0.009051 -4.534583 111 90 36 0 -0.893466 0.403736 0.196766
1.730910 0.094772 -4.407406 117 105 33 0 -0.821456 0.370211 0.433767
1.662755 -0.045755 -4.523340 145 96 45 0 -0.850770 0.483358 -0.206293
1.643783 -0.076671 -4.500856 124 82 41 0 -0.840645 0.506793 -0.190987
1.775176 0.191736 -4.422161 100 101 36 0 -0.917290 0.252796 0.307689
1.735829 0.093367 -4.474859 138 105 36 0 -0.853625 0.520370 -0.023219
1.761826 0.163630 -4.407406 117 120 34 0 -0.892654 0.449683 0.030874
1.732315 -0.000084 -4.342763 121 80 45 0 -0.759974 0.222242 0.610777
1.702102 -0.102668 -4.335737 91 66 61 0 0.172950 -0.687207 -0.705574
1.659241 -0.058402 -4.456590 120 90 28 0 -0.856563 0.514490 -0.040001
1.711236 0.054019 -4.415135 118 100 27 0 -0.903637 0.371059 0.213904
1.786418 0.204383 -4.416540 122 134 97 0 0.931917 -0.126894 -0.339747
1.670484 -0.035918 -4.443240 117 95 26 0 -0.946270 0.322963 0.016337
1.721776 0.011158 -4.360329 127 85 42 0 -0.833129 0.254097 0.491254
1.763934 0.171359 -4.442537 28 26 19 0 -0.791951 -0.032239 0.609733
1.638162 -0.104776 -4.478372 121 82 19 0 -0.950171 0.252748 -0.182465
1.669078 -0.087913 -4.387732 109 81 40 0 -0.798692 0.491380 0.347327
1.660647 -0.092831 -4.398272 119 92 31 0 -0.753424 0.484227 0.444832
1.679618 -0.007110 -4.491722 132 86 34 0 -0.809072 0.525351 0.263455
1.747071 0.114446 -4.462914 134 107 33 0 -0.889513 0.452318 0.064617
1.799066 0.252162 -4.397569 104 106 89 0 0.339711 0.086593 -0.936535
1.757610 0.105311 -4.358222 129 96 43 0 -0.871870 0.238601 0.427682
1.751989 0.069477 -4.353303 126 88 43 0 -0.823695 0.309082 0.475390
1.716155 0.054019 -4.402487 116 103 32 0 -0.619033 0.372733 0.691280
1.728100 -0.049268 -4.325900 124 83 49 0 -0.767822 0.357239 0.531818
1.759015 0.045588 -4.318874 49 36 20 0 -0.746972 0.366163 0.554940
1.669078 -0.029594 -4.505072 135 89 38 0 -0.882055 0.467777 0.056243
1.805389 0.247946 -4.369463 97 102 75 0 0.751187 -0.253545 -0.609453
1.652215 -0.087210 -4.412324 110 96 28 0 -0.864161 0.308519 0.397545
1.664863 -0.046458 -4.431998 116 95 23 0 -0.866268 0.438407 -0.239542
1.638162 -0.096345 -4.540906 72 60 41 0 0.198040 0.206014 0.958300
1.677510 -0.040836 -4.424972 111 77 75 0 0.994811 -0.101730 0.001071
1.775176 0.148172 -4.358222 105 100 42 0 -0.516513 0.334214 0.788362
1.692265 -0.049268 -4.378598 105 82 87 0 0.600043 0.529052 -0.600043
1.688752 -0.096345 -4.344169 121 83 42 0 -0.775674 0.356391 0.520879
1.686644 -0.059808 -4.387732 82 65 65 0 0.686718 -0.032432 -0.726200
1.743558 0.005537 -4.319576 121 78 46 0 -0.988483 0.151127 0.007836
1.630433 -0.108992 -4.443943 105 93 17 0 -0.806262 0.560284 -0.189798
1.733721 -0.033810 -4.323090 120 81 45 0 -0.714665 0.255124 0.651280
1.800471 0.226867 -4.358924 30 32 13 0 -0.736314 0.126951 0.664624
1.693671 0.014672 -4.433403 122 100 26 0 -0.922520 0.355889 0.149334
1.732315 0.084935 -4.416540 107 94 85 0 0.054221 -0.959584 -0.276148
1.717560 0.065261 -4.471345 136 93 37 0 -0.846185 0.530090 0.054547
1.743558 0.087746 -4.372274 121 98 34 0 -0.862261 0.466127 0.198067
1.747773 0.127796 -4.441835 130 110 30 0 -0.810835 0.348866 -0.469934
1.666970 -0.035215 -4.516314 141 94 41 0 -0.891120 0.442052 -0.102444
1.735126 0.101798 -4.443943 130 113 35 0 -0.865386 0.436469 -0.246174
1.777987 0.129904 -4.363140 39 36 40 0 0.412512 -0.244507 -0.877525
1.735829 0.061748 -4.372274 122 93 37 0 -0.808395 0.411401 0.421006
1.664160 -0.044350 -4.495235 131 101 89 0 0.596322 -0.562536 0.572672
1.733721 0.094772 -4.455887 136 109 34 0 -0.917284 0.380472 -0.117601
1.709831 0.050506 -4.457293 126 97 26 0 -0.920747 0.389796 -0.016835
1.702805 0.008348 -4.391245 122 95 32 0 -0.810368 0.452336 0.372418
1.672591 -0.104074 -4.369463 120 80 36 0 -0.859475 0.071506 0.506151
1.795552 0.236001 -4.389137 143 150 70 0 -0.932001 0.293798 0.212266
1.768852 0.150280 -4.370869 118 116 44 0 -0.904338 0.316151 0.286741
1.669078 -0.031000 -4.456590 126 93 27 0 -0.958071 0.285567 0.023488
1.656431 -0.163798 -4.361032 102 77 32 0 -0.847394 0.040089 0.529449
1.636757 -0.106181 -4.424972 118 92 45 0 -0.826433 0.254881 0.502039
1.784310 0.191033 -4.413730 119 135 103 0 0.982531 -0.063120 -0.175069
1.670484 -0.138503 -4.343466 121 80 41 0 -0.949123 0.245767 0.196885
1.733018 0.103204 -4.431998 123 106 24 0 -0.948412 0.316137 -0.023931
1.645891 -0.120234 -4.402487 111 86 31 0 -0.842115 -0.236893 0.484484
1.723181 0.077206 -4.443943 129 108 32 0 -0.774720 0.626462 -0.085757
1.675402 -0.028189 -4.538798 144 114 40 0 -0.947994 0.291998 -0.126666
1.647999 -0.074563 -4.480480 124 84 27 0 -0.936955 0.340590 0.078190
1.658539 -0.104776 -4.397569 119 88 73 0 0.300330 0.136024 -0.944087
1.744260 0.016077 -4.333629 124 82 46 0 -0.792474 0.371322 0.483843
1.758313 0.033643 -4.328711 63 56 53 0 0.977483 -0.071820 -0.198418
1.698589 -0.052781 -4.357519 127 91 41 0 -0.745076 0.373353 0.552693
1.762529 0.161522 -4.430593 125 122 38 0 -0.728777 0.626716 -0.275883
1.749881 0.116554 -4.381408 113 100 28 0 -0.839489 0.214047 0.499443
1.706318 0.018887 -4.421458 108 89 81 0 0.720508 -0.671556 -0.172861
1.714047 -0.018352 -4.352600 126 89 44 0 -0.798217 0.220783 0.560450
1.683834 -0.016947 -4.431998 112 84 75 0 0.561204 0.157137 -0.812624
1.704913 -0.031702 -4.361032 123 89 37 0 -0.791487 0.428924 0.435399
1.723181 0.043480 -4.379301 119 95 31 0 -0.908254 0.221631 0.354900
1.665565 -0.146934 -4.349790 115 76 35 0 -0.821353 0.292558 0.489683
1.760421 0.094069 -4.353303 127 92 46 0 -0.900780 0.143274 0.409961
1.708426 0.035048 -4.474156 123 105 121 0 0.388389 -0.341968 -0.855694
1.745665 0.123580 -4.403190 113 108 46 0 -0.982218 -0.070758 0.173897
1.754097 0.146767 -4.407406 107 112 26 0 -0.955461 0.292539 0.038922
1.693671 -0.017650 -4.388434 120 92 28 0 -0.932202 0.188677 0.308870
1.679618 -0.042242 -4.399677 119 93 28 0 -0.885075 0.142014 0.443255
1.712642 0.051209 -4.501559 143 98 42 0 -0.802066 0.524731 -0.285214
1.748476 0.122877 -4.470643 130 108 40 0 -0.931179 0.283157 0.229625
1.701399 0.023806 -4.516314 134 97 43 0 -0.753134 0.633977 -0.175680
1.732315 0.101798 -4.420053 119 107 26 0 -0.936530 0.349105 -0.032205
1.716155 0.056127 -4.512098 131 102 44 0 -0.938157 0.319055 0.134410
1.713344 -0.031702 -4.347682 125 83 47 0 -0.787109 0.207945 0.580705
1.754097 0.011158 -4.336440 100 85 87 0 0.230421 0.316292 -0.920253
1.703507 0.040669 -4.446051 127 104 32 0 -0.924618 0.379498 0.032603
1.683131 -0.010623 -4.454482 114 104 110 0 0.825772 -0.507811 -0.245416
1.759718 0.056127 -4.332224 109 84 39 0 -0.442989 0.459335 0.769917
1.760421 0.135525 -4.403190 99 94 83 0 0.823101 0.238469 -0.515400
1.727397 0.005537 -4.351195 127 83 42 0 -0.778172 0.380188 0.499906
1.670484 -0.036621 -4.526854 140 92 42 0 -0.873300 0.429909 -0.229185
1.680320 -0.071752 -4.373679 123 91 35 0 -0.885248 0.299091 0.356203
1.718965 -0.046458 -4.336440 123 79 47 0 -0.718286 0.213460 0.662194
1.766744 0.102501 -4.345574 112 84 42 0 -0.616608 0.126293 0.777074
1.786418 0.200167 -4.369463 124 131 56 0 -0.926515 0.205106 0.315439
1.690860 -0.033810 -4.382813 120 92 29 0 -0.815475 0.317041 0.484237
1.774473 0.190330 -4.400380 118 129 37 0 -0.909021 0.394799 0.133473
1.806795 0.271836 -4.390543 146 149 120 0 0.458842 0.347704 -0.817659
1.772366 0.169251 -4.381408 118 121 42 0 -0.865860 0.358340 0.349112
1.806795 0.287294 -4.381408 70 68 46 0 -0.783734 0.046769 0.619334
1.709831 -0.009921 -4.363842 125 87 39 0 -0.744577 0.212958 0.632657
1.728100 0.085638 -4.454482 135 105 31 0 -0.864418 0.500453 -0.048253
1.785716 0.193843 -4.394758 109 126 90 0 0.996811 -0.079448 -0.007415
1.747773 0.132012 -4.431998 127 111 29 0 -0.839168 0.468265 -0.276632
1.704210 -0.106181 -4.324495 101 77 58 0 0.830457 0.118220 -0.544394
1.690157 0.014672 -4.475561 127 87 29 0 -0.969968 0.220734 0.102168
1.742152 0.005537 -4.330116 124 81 46 0 -0.940218 0.197432 0.277509
1.707723 0.037156 -4.518422 125 99 58 0 -0.775973 -0.119722 0.619300
1.743558 0.052614 -4.364545 95 82 84 0 0.348424 0.173507 -0.921138
1.657836 -0.075266 -4.434809 125 74 77 0 0.291628 -0.915510 -0.277119
1.707021 0.044182 -4.495938 141 91 43 0 -0.841068 0.499809 -0.206870
1.705615 -0.050673 -4.349790 129 86 46 0 -0.717859 0.308115 0.624295
1.682428 -0.009218 -4.439727 121 102 24 0 -0.893781 0.427707 0.134991
1.668376 -0.033810 -4.494533 129 93 62 0 -0.963807 0.149984 0.220411
1.627623 -0.125153 -4.524043 38 32 22 0 -0.103575 0.593734 0.797967
1.723884 0.035751 -4.372274 117 94 29 0 -0.897648 0.205802 0.389710
1.664863 -0.040836 -4.505072 135 91 46 0 -0.900850 0.434129 0.001304
1.775879 0.154496 -4.391948 105 109 90 0 0.995448 0.071655 -0.062836
1.742855 0.099690 -4.387029 118 105 30 0 -0.923180 0.205624 0.324744
1.784310 0.204383 -4.384922 126 136 55 0 -0.925063 0.338301 0.172660
1.803281 0.259188 -4.374382 153 157 87 0 -0.965591 0.244887 0.087550
1.714047 0.060343 -4.448159 129 100 31 0 -0.804280 0.587687 -0.088081
1.652918 -0.059105 -4.512098 137 91 37 0 -0.872030 0.482906 -0.079784
1.727397 0.073693 -4.396163 118 103 30 0 -0.800802 0.292206 0.522812
1.656431 -0.065429 -4.419351 131 104 56 0 -0.897080 0.307953 0.316879
1.645891 -0.138503 -4.405298 112 87 25 0 -0.863929 0.262671 0.429687
1.735829 0.046290 -4.362437 119 90 35 0 -0.616874 0.379994 0.689254
1.698589 -0.055592 -4.372977 78 62 56 0 0.460770 -0.762485 -0.454211
1.789229 0.213517 -4.413027 125 133 108 0 0.863546 -0.119258 -0.489965
1.643081 -0.128666 -4.407406 107 89 27 0 -0.915316 0.009063 0.402635
1.708426 0.009051 -4.382813 120 91 31 0 -0.716628 0.523754 0.460571
1.702805 -0.017650 -4.370869 124 87 36 0 -0.856809 0.231203 0.460894
1.693671 -0.118126 -4.328008 114 74 44 0 -0.831657 0.301144 0.466539
1.687347 0.003429 -4.474156 130 92 31 0 -0.905535 0.262708 0.333154
1.645189 -0.082995 -4.474859 125 88 25 0 -0.928748 0.334572 0.159650
1.789931 0.216328 -4.372977 131 140 63 0 -0.946742 0.149912 0.284968
1.715452 0.002727 -4.365950 124 84 37 0 -0.719012 0.386654 0.577513
1.645189 -0.087913 -4.461509 119 90 23 0 -0.941130 0.284400 -0.182730
1.630433 -0.113208 -4.457995 109 88 18 0 -0.910076 0.403407 -0.095000
1.712642 0.060343 -4.433403 123 102 28 0 -0.936644 0.316786 0.149479
1.651512 -0.109695 -4.408108 98 78 79 0 0.902331 -0.204877 -0.379241
1.679618 -0.052781 -4.392651 122 92 32 0 -0.815712 0.293908 0.498229
1.696481 0.023103 -4.491722 134 89 35 0 -0.916203 0.395724 0.063048
1.746368 0.096880 -4.377192 122 105 33 0 -0.793706 0.387998 0.468496
1.757610 0.159414 -4.442537 127 116 38 0 -0.890694 0.190967 -0.412547
1.689455 0.004835 -4.434106 123 99 27 0 -0.971348 0.206427 0.117777
1.782202 0.186114 -4.370869 122 127 53 0 -0.952713 0.198089 0.230430
1.707021 0.024509 -4.399677 113 100 28 0 -0.846220 0.259549 0.465344
1.676105 -0.015542 -4.487506 128 85 34 0 -0.934773 0.318016 0.158319
1.643081 -0.088616 -4.544419 93 71 40 0 -0.572346 0.429674 0.698427
1.637460 -0.142718 -4.420053 109 90 27 0 -0.515533 0.324004 0.793251
1.625515 -0.137800 -4.491722 100 74 61 0 0.974183 -0.142410 -0.175177
1.674699 -0.019757 -4.519125 141 92 39 0 -0.885873 0.338406 -0.317350
1.729505 0.054019 -4.375787 122 95 35 0 -0.814866 0.444907 0.371553
1.773771 0.127796 -4.374382 124 118 121 0 0.531946 -0.222283 -0.817082
1.738639 0.113040 -4.435511 128 107 28 0 -0.918050 0.395688 -0.024812
1.727397 0.087043 -4.434106 125 109 20 0 -0.942440 0.332851 -0.031882
1.710534 0.046290 -4.405298 123 104 39 0 -0.821353 0.292558 0.489683
1.798363 0.244433 -4.362437 142 145 81 0 -0.988199 0.087918 0.125430
1.788526 0.193843 -4.362437 93 96 45 0 -0.951098 -0.008680 0.308766
1.753394 0.142551 -4.431295 121 114 31 0 -0.909387 0.402788 -0.103811
1.693671 0.003429 -4.419351 120 88 83 0 0.269623 0.815102 -0.512750
1.751989 0.086340 -4.361032 123 91 40 0 -0.649761 0.410463 0.639790
1.649405 -0.078076 -4.465724 118 86 21 0 -0.651247 0.699488 -0.294267
1.718263 0.037859 -4.385624 118 99 29 0 -0.833608 0.451994 0.317490
1.656431 -0.143421 -4.387029 114 79 32 0 -0.893999 0.332824 0.299990
1.810308 0.276052 -4.362437 67 66 31 0 -0.906189 0.413904 -0.086631
1.660647 -0.052079 -4.535285 141 97 41 0 -0.798265 0.599762 -0.055297
1.719668 -0.054187 -4.330819 121 79 47 0 -0.717859 0.308115 0.624295
1.647999 -0.072455 -4.509990 133 87 35 0 -0.898059 0.358339 -0.255114
1.752692 0.108122 -4.384922 86 80 71 0 0.964634 -0.165776 -0.204936
1.698589 0.030130 -4.479074 132 86 34 0 -0.839965 0.539877 0.054689
1.780094 0.143956 -4.365248 50 49 39 0 0.867700 0.086065 -0.489580
1.747071 0.133417 -4.420053 111 107 24 0 -0.914395 0.398444 0.071585
1.681726 -0.134990 -4.331521 116 79 44 0 -0.571402 0.341546 0.746221
