0.386898 -0.749416 -4.928984 150 171 130 0 0.824815 -0.214970 0.522942
0.508362 -0.259345 -4.994280 64 59 35 0 0.835162 -0.333751 0.437167
0.627720 -0.583718 -5.232294 44 52 32 0 0.765978 0.055630 0.640455
0.418493 -0.482615 -4.840518 148 155 108 0 0.885617 0.268233 0.379122
0.222605 -0.890539 -4.785052 59 50 53 0 -0.190884 -0.837183 0.512531
0.612274 -0.342193 -5.201401 30 35 26 0 0.467160 -0.228289 0.854193
0.506256 -0.498763 -5.053959 158 131 112 0 0.862189 -0.243959 0.443975
0.521702 -0.724140 -5.092575 141 162 119 0 0.626469 0.070568 0.776245
0.386898 -0.637078 -4.808221 26 28 24 0 0.166723 0.346055 0.923282
0.441662 -0.598463 -4.950749 144 163 118 0 0.872347 -0.286737 0.395970
0.429726 -0.345002 -4.898091 77 69 51 0 0.819933 0.001360 0.572458
0.316687 -0.771883 -4.807519 37 33 30 0 0.729764 -0.617492 -0.293509
0.530830 -0.365363 -5.080639 128 149 96 0 0.885711 -0.111597 0.450625
0.581381 -0.468573 -5.171913 121 138 93 0 0.828486 0.001356 0.560008
0.553999 -0.598463 -5.127680 133 149 111 0 0.714832 -0.047085 0.697710
0.454300 -0.465062 -4.954259 131 141 98 0 0.855209 0.141804 0.498507
0.453598 -0.782415 -5.014641 121 124 114 0 0.667081 -0.182489 0.722288
0.490810 -0.623036 -5.044831 135 152 108 0 0.864673 -0.103989 0.491453
0.563829 -0.264260 -5.084852 35 38 30 0 0.557225 -0.684399 0.470211
0.314581 -0.839987 -4.888261 22 21 26 0 0.451284 -0.704402 0.547869
0.481682 -0.366065 -4.986557 129 147 98 0 0.793784 -0.244841 0.556740
0.643869 -0.479806 -5.249846 60 66 54 0 0.561879 -0.093887 0.821874
0.438152 -0.686226 -4.982344 140 162 116 0 0.845910 -0.135872 0.515728
0.576467 -0.677099 -5.166998 26 28 22 0 0.777074 -0.126293 0.616608
0.401642 -0.659546 -4.898091 145 156 128 0 0.938551 -0.244051 0.244051
0.419195 -0.572485 -4.872815 141 163 115 0 0.922679 -0.378981 0.070975
0.361622 -0.706587 -4.840518 155 167 130 0 0.809894 -0.586380 0.015177
0.563829 -0.390639 -5.148041 120 144 93 0 0.851663 0.023240 0.523574
0.470448 -0.542294 -4.995684 137 157 106 0 0.895144 -0.150384 0.419644
0.266135 -0.828754 -4.814540 133 140 77 0 -0.650015 0.592907 -0.475334
0.370749 -0.828754 -4.938813 93 90 91 0 0.650624 -0.563202 0.509403
0.536447 -0.447510 -5.101000 121 139 94 0 0.870237 -0.031323 0.491636
0.496426 -0.428553 -5.027279 130 151 101 0 0.852790 -0.048533 0.519994
0.422003 -0.419425 -4.881240 127 140 93 0 0.995895 0.055875 0.071214
0.469746 -0.302875 -4.944430 145 161 115 0 0.818867 -0.166169 0.549404
0.587700 -0.549315 -5.171913 113 136 91 0 0.870617 0.094848 0.482732
0.443066 -0.524039 -4.917750 141 158 109 0 0.925318 -0.070767 0.372531
0.480278 -0.701672 -5.040619 136 158 123 0 0.887950 0.022768 0.459377
0.341261 -0.764160 -4.874219 158 177 147 0 0.990466 0.023556 0.135726
0.563829 -0.308492 -5.138914 130 146 115 0 0.666909 -0.610363 0.427421
0.613678 -0.425042 -5.214039 120 145 101 0 0.693705 -0.038303 0.719240
0.521000 -0.302875 -5.047640 103 110 80 0 -0.196638 0.553331 -0.809418
0.526617 -0.654631 -5.100298 129 144 102 0 0.809418 -0.196638 0.553331
0.521000 -0.561953 -5.080639 122 132 97 0 0.745992 -0.104468 0.657709
0.400940 -0.554932 -4.809626 41 43 28 0 0.943169 -0.254725 0.213418
0.553297 -0.508593 -5.121361 121 131 94 0 0.777683 0.110258 0.618912
0.591913 -0.618122 -5.182445 128 148 101 0 0.846759 -0.048664 0.529746
0.449385 -0.394149 -4.941622 129 147 100 0 0.835882 -0.111547 0.537456
0.410769 -0.793648 -4.974621 156 174 132 0 0.640455 -0.055630 0.765978
0.609466 -0.521231 -5.219656 25 26 18 0 0.528287 -0.829305 -0.182116
0.458513 -0.633568 -4.997790 137 154 109 0 0.820069 -0.150321 0.552170
0.479576 -0.483317 -5.000598 133 154 99 0 0.894930 -0.055848 0.442698
0.496426 -0.313407 -4.994280 132 151 99 0 0.854207 -0.212422 0.474560
0.395323 -0.698162 -4.943728 38 37 29 0 0.449859 0.127103 0.884009
0.487299 -0.766266 -5.053257 56 59 53 0 0.813690 -0.087850 0.574623
0.431833 -0.472083 -4.906517 118 140 92 0 0.681659 0.731638 -0.006942
0.422705 -0.735373 -4.969706 146 166 134 0 0.855834 -0.095409 0.508374
0.375664 -0.715012 -4.891070 150 171 141 0 0.830793 -0.420914 0.364162
0.540659 -0.252324 -5.039917 23 27 14 0 0.382113 -0.762600 0.521950
0.319495 -0.809095 -4.847539 158 166 145 0 0.689557 -0.545969 0.475845
0.546978 -0.696758 -5.126978 135 149 108 0 0.698872 -0.189760 0.689615
0.417088 -0.609696 -4.906517 143 162 121 0 0.907954 -0.300695 0.291895
0.402344 -0.621632 -4.853156 150 166 126 0 0.705013 -0.461675 0.538343
0.422705 -0.653929 -4.943026 163 136 133 0 0.837246 -0.204391 0.507192
0.506958 -0.363257 -5.029385 123 146 95 0 0.894356 -0.174826 0.411780
0.428322 -0.521231 -4.870709 130 150 96 0 0.975029 -0.015401 0.221544
0.492916 -0.559145 -5.040619 128 150 102 0 0.884025 -0.039381 0.465777
0.471151 -0.413106 -4.982344 128 147 96 0 0.847896 -0.086927 0.522988
0.292815 -0.859646 -4.840518 171 176 149 0 0.706002 -0.509056 0.492365
0.545574 -0.308492 -5.091873 121 143 89 0 0.893974 -0.237901 0.379754
0.518894 -0.411702 -5.066597 129 141 93 0 0.911029 -0.030412 0.411219
0.471151 -0.589335 -5.009726 129 150 96 0 0.833469 -0.198157 0.515813
0.524511 -0.607590 -5.089766 133 145 109 0 0.774811 -0.142373 0.615952
0.259114 -0.879305 -4.811732 129 128 121 0 0.632390 -0.507599 0.585172
0.556808 -0.643397 -5.137509 135 150 106 0 0.769719 -0.070498 0.634479
0.589807 -0.388533 -5.185955 120 143 99 0 0.752966 0.032371 0.657262
0.561020 -0.435574 -5.139616 116 137 92 0 0.834265 0.048910 0.549190
0.541361 -0.402575 -5.110127 186 123 129 0 0.876393 0.006670 0.481550
0.460619 -0.736076 -5.018854 139 159 118 0 0.770149 -0.152221 0.619435
0.356005 -0.802074 -4.905814 151 167 131 0 0.823067 -0.222243 0.522655
0.557510 -0.345002 -5.162786 43 33 27 0 0.436163 -0.055709 -0.898142
0.455002 -0.350619 -4.938813 137 155 108 0 0.716685 -0.333153 0.612676
0.386196 -0.673588 -4.859475 144 166 121 0 0.956075 -0.023622 0.292169
0.563829 -0.556336 -5.134701 129 147 109 0 0.850251 -0.054450 0.523554
0.514681 -0.457339 -5.064490 161 138 118 0 0.884025 -0.039381 0.465777
0.433237 -0.569676 -4.913538 137 159 114 0 0.912190 -0.301154 0.277876
0.547680 -0.342896 -5.117851 130 142 94 0 0.922257 -0.079435 0.378327
0.340559 -0.731161 -4.813136 160 161 132 0 0.926515 -0.315439 0.205106
0.436747 -0.432765 -4.921260 121 136 84 0 0.908249 0.017038 0.418083
0.626316 -0.376597 -5.221060 23 31 20 0 0.346815 -0.227824 0.909844
0.502043 -0.658844 -5.066597 130 150 107 0 0.779278 -0.167961 0.603751
0.460619 -0.518422 -4.962685 130 152 96 0 0.971846 -0.101836 0.212473
0.374962 -0.686928 -4.806817 37 29 32 0 0.767207 -0.638144 -0.064531
0.385494 -0.790138 -4.942324 146 166 124 0 0.770573 -0.284397 0.570383
0.614380 -0.480509 -5.217550 121 144 96 0 0.736989 -0.047042 0.674266
0.396727 -0.595654 -4.809626 70 70 57 0 0.530727 -0.111351 0.840197
0.529425 -0.519124 -5.090468 124 148 97 0 0.831416 -0.031818 0.554739
0.582083 -0.509997 -5.169806 119 143 97 0 0.879023 0.047847 0.474372
0.600338 -0.580910 -5.192274 122 145 94 0 0.820436 -0.055072 0.569080
0.417088 -0.439084 -4.847539 118 116 92 0 0.978582 0.054165 0.198605
0.410769 -0.519827 -4.831391 147 164 113 0 0.555297 -0.735482 0.388216
0.291411 -0.802776 -4.800498 27 21 22 0 0.719336 -0.670256 0.182518
0.503447 -0.696055 -5.072916 138 157 114 0 0.767314 -0.038154 0.640135
0.486597 -0.519827 -5.020960 141 143 105 0 0.808492 -0.040635 0.587103
0.426216 -0.387830 -4.900899 136 148 96 0 0.861443 -0.135100 0.489555
0.634039 -0.547911 -5.240719 137 156 113 0 0.734363 0.032419 0.677982
0.584892 -0.424340 -5.177530 125 122 95 0 0.822839 0.087597 0.561483
0.369345 -0.754330 -4.898091 150 172 141 0 0.883319 -0.262446 0.388420
0.487299 -0.281110 -4.966897 137 151 102 0 0.847694 -0.095777 0.521768
0.475363 -0.449616 -4.989365 134 136 101 0 0.856281 -0.006742 0.516466
0.433939 -0.761351 -4.991471 147 171 133 0 0.756703 -0.015329 0.653579
0.330027 -0.804180 -4.881240 118 128 62 0 -0.456824 0.583998 0.671013
0.442364 -0.316918 -4.915644 39 39 34 0 0.087791 0.947352 -0.307922
0.458513 -0.693247 -5.010428 136 158 115 0 0.775222 -0.135925 0.616892
0.448683 -0.564059 -4.954962 142 150 114 0 0.901935 -0.276042 0.332136
0.356707 -0.735373 -4.860879 158 175 135 0 0.647425 -0.427733 0.630782
0.563127 -0.479806 -5.138914 117 141 97 0 0.830951 0.046086 0.554433
0.439556 -0.633568 -4.968302 142 153 119 0 0.904338 -0.316151 0.286741
0.524511 -0.338683 -5.058874 126 122 91 0 0.909534 -0.212562 0.357162
0.611572 -0.614611 -5.210529 128 140 103 0 0.832241 -0.006810 0.554373
0.476767 -0.336577 -4.969706 133 151 108 0 0.854712 -0.166809 0.491570
0.507660 -0.329556 -5.022364 128 143 97 0 0.887929 -0.142011 0.437510
0.643869 -0.446105 -5.243528 63 67 60 0 0.259947 -0.023188 0.965344
0.636848 -0.514210 -5.245634 126 148 99 0 0.763515 0.046920 0.644083
0.442364 -0.718523 -4.994280 144 165 124 0 0.831745 -0.015073 0.554953
0.238051 -0.854732 -4.801902 111 103 78 0 -0.683136 0.728773 0.047064
0.412174 -0.566868 -4.839114 146 163 115 0 0.907267 -0.323919 0.268223
0.599636 -0.451020 -5.197891 112 134 85 0 0.822562 -0.023502 0.568190
0.336346 -0.766968 -4.841220 154 178 133 0 0.999736 0.022971 0.000999
0.543468 -0.561251 -5.108723 128 151 109 0 0.761831 -0.079811 0.642840
0.407259 -0.763458 -4.960578 145 165 126 0 0.625664 -0.064428 0.777427
0.607359 -0.554230 -5.216146 27 27 24 0 0.918313 -0.135169 -0.372063
0.565233 -0.283919 -5.111532 130 153 108 0 0.810385 -0.429968 0.398000
0.456406 -0.585825 -4.980237 153 145 120 0 0.902494 -0.101513 0.418568
0.495022 -0.461552 -5.027981 129 149 97 0 0.880445 -0.079533 0.467431
0.349686 -0.840689 -4.916346 33 31 33 0 0.642948 -0.468361 0.606016
0.591211 -0.653929 -5.185253 46 51 39 0 0.809250 -0.006846 0.587425
0.483788 -0.654631 -5.039215 136 145 114 0 0.883107 -0.014696 0.468942
0.424812 -0.458041 -4.877730 126 147 94 0 0.971535 0.062958 0.228379
0.575062 -0.602675 -5.152254 125 146 101 0 0.815569 0.001362 0.578659
0.506958 -0.747309 -5.075022 142 142 120 0 0.828358 -0.015061 0.559997
0.539957 -0.375192 -5.127680 120 125 69 0 0.773740 0.046850 0.631769
0.456406 -0.427148 -4.957068 128 148 97 0 0.818162 -0.063808 0.571437
0.406557 -0.630759 -4.883347 150 169 130 0 0.959218 -0.252564 0.126936
0.518192 -0.277600 -5.018151 135 153 102 0 0.839363 -0.293234 0.457693
0.490810 -0.592144 -5.039215 131 148 104 0 0.819076 -0.046363 0.571808
0.540659 -0.286727 -5.065895 125 147 97 0 0.843368 -0.332047 0.422463
0.433237 -0.542294 -4.893176 136 156 107 0 0.902494 -0.101513 0.418568
0.301241 -0.830860 -4.832093 157 163 148 0 0.810368 -0.372418 0.452336
0.586998 -0.357640 -5.183146 116 133 98 0 0.665410 -0.015345 0.746320
0.525213 -0.685524 -5.102404 136 155 112 0 0.760720 0.023816 0.648643
0.509064 -0.528252 -5.062384 131 151 105 0 0.832241 0.006810 0.554373
0.511171 -0.390639 -5.045534 119 140 90 0 0.913011 -0.094733 0.396782
0.429726 -0.799967 -4.997790 34 36 36 0 0.745528 -0.355709 0.563613
0.493618 -0.399766 -5.017449 132 152 103 0 0.858807 -0.104314 0.501566
0.478172 -0.731863 -5.043427 138 158 116 0 0.691018 -0.032502 0.722107
0.598934 -0.528954 -5.192274 120 139 91 0 0.800939 0.070208 0.594615
0.391110 -0.683418 -4.913538 147 169 131 0 0.729624 -0.658966 -0.182790
0.384791 -0.660950 -4.826476 151 172 134 0 0.971708 -0.159192 -0.174474
0.546276 -0.476998 -5.114340 117 140 93 0 0.839993 0.063316 0.538890
0.405855 -0.726948 -4.946537 145 167 128 0 0.722390 -0.293121 0.626285
0.594019 -0.492444 -5.199295 28 30 19 0 0.839219 0.371766 0.396864
0.447981 -0.499465 -4.933898 129 147 93 0 0.892654 -0.030874 0.449683
0.575765 -0.636376 -5.159275 134 156 118 0 0.791951 -0.032239 0.609733
0.540659 -0.632164 -5.112936 129 151 108 0 0.801998 -0.055359 0.594756
0.567339 -0.524741 -5.141020 120 141 98 0 0.837097 0.040258 0.545571
0.271752 -0.851221 -4.796988 143 142 122 0 0.594407 -0.690440 0.412277
0.466236 -0.363959 -4.961983 132 153 105 0 0.791335 -0.204364 0.576215
0.412174 -0.603377 -4.875624 141 162 114 0 0.971192 -0.197293 0.133650
0.266837 -0.856136 -4.827178 32 32 32 0 -0.008867 -0.999960 0.000985
0.420599 -0.695353 -4.957068 141 151 117 0 0.793139 -0.231267 0.563424
0.370047 -0.776798 -4.915644 152 165 131 0 0.702186 -0.355185 0.617073
0.388302 -0.814712 -4.956366 161 163 136 0 0.833928 -0.277976 0.476752
0.532234 -0.491040 -5.093979 117 145 91 0 0.846759 0.048664 0.529746
0.433939 -0.497359 -4.893878 121 137 85 0 0.961986 0.085595 0.259340
0.304049 -0.795755 -4.827880 152 173 129 0 -0.524463 -0.397023 0.753201
0.559616 -0.677801 -5.143828 147 164 119 0 0.725760 0.055828 0.685679
0.386898 -0.724140 -4.916346 146 168 132 0 0.774851 -0.442073 0.451860
0.580679 -0.576697 -5.161381 124 146 102 0 0.840584 -0.048790 0.539479
0.443768 -0.658844 -4.982344 138 156 117 0 0.807848 -0.173650 0.563229
0.414982 -0.641993 -4.919154 147 156 126 0 0.779116 -0.198237 0.594710
0.465534 -0.492444 -4.971110 130 151 95 0 0.870868 -0.014806 0.491293
0.444470 -0.547911 -4.931792 139 159 114 0 0.921833 -0.262357 0.285295
0.513277 -0.637781 -5.080639 130 151 108 0 0.830730 -0.040354 0.555211
0.392515 -0.648312 -4.850348 152 171 131 0 0.948937 -0.300562 0.095812
0.539255 -0.335172 -5.089766 125 114 88 0 0.909411 -0.172745 0.378326
0.536447 -0.587229 -5.103808 123 148 105 0 0.779604 -0.148711 0.608361
0.213477 -0.865965 -4.777328 142 136 136 0 -0.213962 -0.958178 -0.190041
0.372856 -0.697460 -4.863688 153 167 133 0 0.900358 -0.433406 0.038913
0.572254 -0.368874 -5.162083 114 100 79 0 0.817129 0.072729 0.571848
0.494320 -0.345704 -4.999195 126 134 93 0 0.868635 -0.143564 0.474196
0.489405 -0.679205 -5.052555 131 152 111 0 0.876970 -0.085592 0.472862
0.411471 -0.676396 -4.933197 163 149 143 0 0.766973 -0.023750 0.641240
0.473257 -0.633568 -5.020257 129 152 109 0 0.848579 -0.196750 0.491124
0.354601 -0.708693 -4.808923 121 113 99 0 0.713510 -0.696072 0.079925
0.405855 -0.595654 -4.847539 152 171 126 0 0.908442 -0.339754 0.243515
0.539957 -0.670077 -5.118553 138 156 113 0 0.742779 -0.086098 0.663978
0.469746 -0.756437 -5.033597 142 160 119 0 0.712351 0.166266 0.681844
0.335644 -0.788031 -4.860879 157 164 143 0 0.855694 -0.341968 0.388389
0.636146 -0.398362 -5.232294 89 97 77 0 0.523040 -0.191429 0.830533
0.397429 -0.615313 -4.827178 155 170 123 0 0.979557 -0.149466 -0.134643
0.605253 -0.367469 -5.200699 121 147 108 0 0.711101 -0.023844 0.702686
0.530830 -0.390639 -5.087660 125 143 89 0 0.867700 -0.086065 0.489580
0.437449 -0.364661 -4.913538 139 157 106 0 0.912869 -0.184288 0.364291
0.569446 -0.457339 -5.151552 116 138 90 0 0.861949 0.006723 0.506950
0.391812 -0.679907 -4.884049 147 170 134 0 0.888825 -0.405351 0.213731
0.553999 -0.314109 -5.115744 123 146 101 0 0.931179 -0.229625 0.283157
0.452194 -0.611100 -4.980940 138 155 119 0 0.906652 -0.301238 0.295360
0.512575 -0.583718 -5.070107 125 147 98 0 0.873667 -0.048004 0.484151
0.483086 -0.424340 -5.002003 125 145 95 0 0.878142 -0.062231 0.474335
0.344069 -0.731863 -4.838412 157 173 135 0 0.846875 -0.421107 0.324765
0.348984 -0.787329 -4.884049 157 176 137 0 0.719930 -0.507110 0.473857
0.498533 -0.724140 -5.068703 139 155 114 0 0.744904 0.055761 0.664837
0.315985 -0.837881 -4.862986 164 178 138 0 0.757650 -0.499100 0.420553
0.417088 -0.395554 -4.874219 112 104 90 0 0.729501 0.236892 0.641647
0.519596 -0.363257 -5.055363 122 143 90 0 0.893616 -0.111174 0.434846
0.375664 -0.686928 -4.832093 153 172 136 0 0.940844 -0.332753 0.063941
0.473257 -0.680609 -5.028683 137 157 118 0 0.753658 -0.086007 0.651615
0.610870 -0.391341 -5.207720 120 140 103 0 0.696072 -0.079925 0.713510
0.504852 -0.613207 -5.063086 131 150 107 0 0.774400 -0.214854 0.595098
0.531532 -0.424340 -5.093277 171 115 112 0 0.885003 0.001319 0.465583
0.565935 -0.320428 -5.160679 143 114 95 0 0.649267 -0.038192 0.759601
0.479576 -0.564059 -5.020257 139 151 117 0 0.848824 -0.077939 0.522898
0.349686 -0.770479 -4.903006 78 80 57 0 0.228931 0.357250 0.905518
0.460619 -0.401170 -4.963387 136 156 108 0 0.807688 -0.055166 0.587024
0.279475 -0.834370 -4.843327 114 123 73 0 -0.630283 0.750483 0.198793
0.371451 -0.804882 -4.928282 157 175 129 0 0.758669 -0.267672 0.593947
0.615082 -0.454531 -5.216847 126 148 104 0 0.759587 -0.055789 0.648009
0.475363 -0.302173 -4.971110 64 63 59 0 0.603019 0.310354 0.734880
0.525915 -0.466466 -5.084149 134 139 100 0 0.874442 -0.014776 0.484905
0.458513 -0.657440 -5.002705 137 157 112 0 0.878541 -0.056370 0.474330
0.556808 -0.337279 -5.139616 136 134 96 0 0.895310 -0.047407 0.442914
0.532936 -0.274791 -5.044831 132 153 101 0 0.818141 -0.310547 0.483948
0.521000 -0.436276 -5.075022 140 144 101 0 0.892654 -0.030874 0.449683
0.426918 -0.670780 -4.959877 141 163 119 0 0.813041 -0.205930 0.544570
0.343367 -0.753628 -4.821561 163 179 145 0 0.419388 -0.588469 -0.691244
0.612976 -0.582314 -5.213337 131 154 104 0 0.825890 -0.006826 0.563790
0.425514 -0.630759 -4.937409 147 165 124 0 0.864673 -0.103989 0.491453
0.506256 -0.561251 -5.060278 129 149 97 0 0.863546 -0.119258 0.489965
0.550489 -0.366767 -5.147339 64 74 33 0 0.024979 0.411494 0.911070
0.476767 -0.514912 -4.999897 133 149 99 0 0.932915 -0.141517 0.331123
0.418493 -0.550017 -4.854560 143 161 109 0 0.956790 -0.086511 0.277611
0.509766 -0.427851 -5.051853 125 148 92 0 0.893031 -0.078675 0.443065
0.553297 -0.454531 -5.127680 117 142 94 0 0.822562 0.023502 0.568190
0.359516 -0.731161 -4.884751 146 167 121 0 0.714259 -0.474508 0.514467
0.444470 -0.418021 -4.938111 120 136 83 0 0.883251 -0.006641 0.468854
0.496426 -0.526848 -5.041321 136 148 100 0 0.855209 -0.141804 0.498507
0.415684 -0.361150 -4.888261 43 43 42 0 0.840251 0.149148 -0.521280
0.602445 -0.633568 -5.199997 119 135 101 0 0.805563 -0.023571 0.592041
0.572254 -0.415213 -5.159977 117 141 92 0 0.837737 0.031743 0.545150
0.318091 -0.781712 -4.841220 156 173 131 0 -0.086032 -0.654720 0.750960
0.253497 -0.867370 -4.789967 168 161 136 0 0.469350 -0.721439 0.509153
0.446577 -0.441893 -4.940217 125 143 91 0 0.869903 0.134164 0.474624
0.564531 -0.619526 -5.140318 130 148 107 0 0.780077 -0.055618 0.623206
0.222605 -0.871582 -4.805413 29 30 26 0 -0.769041 0.601926 -0.215084
0.431130 -0.596356 -4.930388 148 164 122 0 0.945905 -0.237506 0.221031
0.429726 -0.410298 -4.904410 121 137 82 0 0.838455 -0.006795 0.544928
0.452896 -0.531060 -4.945132 135 157 105 0 0.949523 -0.055101 0.308819
0.504150 -0.476998 -5.046938 130 148 104 0 0.883640 0.047801 0.465721
0.428322 -0.442595 -4.902304 119 136 81 0 0.935330 0.056251 0.349277
0.477470 -0.606888 -5.023066 133 157 112 0 0.814530 -0.109284 0.569734
0.552595 -0.260749 -5.065193 30 38 20 0 0.523469 -0.557132 0.644658
0.457811 -0.563357 -4.976025 143 148 114 0 0.901972 -0.189053 0.388209
0.443066 -0.342896 -4.917750 144 162 114 0 0.863920 -0.166308 0.475377
0.595424 -0.551421 -5.194380 120 120 96 0 0.851332 -0.390648 0.350182
0.441662 -0.466466 -4.935303 121 137 90 0 0.909800 0.166583 0.380151
0.505554 -0.284621 -5.000598 136 155 105 0 0.895144 -0.150384 0.419644
0.492214 -0.374490 -5.004811 129 149 102 0 0.845943 -0.229331 0.481443
0.596828 -0.415213 -5.194380 125 147 103 0 0.740750 0.001379 0.671779
0.493618 -0.484019 -5.026577 131 154 98 0 0.900074 -0.047230 0.433169
0.622104 -0.498763 -5.228081 125 150 104 0 0.759524 -0.046849 0.648790
0.420599 -0.507891 -4.847539 136 154 101 0 0.958552 0.062211 0.278044
0.483788 -0.462956 -5.008322 130 153 101 0 0.908992 -0.063481 0.411950
0.559616 -0.411000 -5.140318 116 140 85 0 0.813603 0.063896 0.577899
0.422003 -0.582314 -4.892474 146 167 124 0 0.932915 -0.331123 0.141517
0.535042 -0.711502 -5.115744 91 101 76 0 0.810785 -0.040609 0.583933
0.514681 -0.676396 -5.085554 136 156 111 0 0.798013 -0.174140 0.576932
0.514681 -0.298663 -5.021662 128 145 93 0 0.878860 -0.180467 0.441631
0.569446 -0.582314 -5.143828 125 144 97 0 0.825890 -0.006826 0.563790
0.552595 -0.576697 -5.120659 128 149 109 0 0.786307 -0.070437 0.613808
0.359516 -0.751522 -4.877730 160 161 150 0 0.879983 -0.372823 0.294334
0.576467 -0.302173 -5.156466 99 102 95 0 0.347998 -0.793821 0.498744
0.340559 -0.750118 -4.853858 154 175 137 0 0.735002 -0.641371 0.220033
0.416386 -0.716417 -4.977429 55 57 38 0 0.420838 -0.849441 -0.318346
0.420599 -0.437680 -4.868603 130 145 94 0 0.979237 0.046630 0.197282
0.575062 -0.282514 -5.130488 52 52 48 0 0.877802 -0.260480 0.402012
0.388302 -0.769075 -4.940217 148 169 130 0 0.698448 -0.276502 0.660089
0.412174 -0.496657 -4.825774 61 63 48 0 0.548984 0.072347 0.832696
0.285092 -0.837881 -4.806817 161 175 145 0 0.774768 -0.458337 0.435501
0.454300 -0.311301 -4.932494 142 140 119 0 -0.030874 0.449683 0.892654
0.438152 -0.575995 -4.933197 141 163 117 0 0.854467 -0.307485 0.418735
0.440258 -0.501572 -4.914239 128 147 92 0 0.966879 0.023108 0.254186
0.365132 -0.744501 -4.916346 41 43 28 0 0.552261 0.072404 0.830521
0.576467 -0.438382 -5.164190 111 136 89 0 0.830951 0.046086 0.554433
0.436045 -0.521231 -4.898091 132 151 100 0 0.947621 -0.047317 0.315874
0.516085 -0.489636 -5.070107 124 147 99 0 0.865851 0.001334 0.500299
0.485895 -0.545102 -5.026577 149 146 115 0 0.829699 -0.078543 0.552657
0.287901 -0.809095 -4.827178 114 132 50 0 -0.627147 0.640526 -0.443184
0.468342 -0.383618 -4.971812 127 140 95 0 0.826157 -0.096601 0.555097
0.522404 -0.257239 -5.016045 124 134 90 0 0.870059 -0.159389 0.466469
0.577169 -0.486125 -5.161381 116 136 88 0 0.840584 0.048790 0.539479
0.330729 -0.828754 -4.881240 157 178 136 0 0.790822 -0.293191 0.537252
0.240859 -0.886326 -4.794179 178 165 157 0 0.706002 -0.509056 0.492365
0.397429 -0.746607 -4.946537 145 169 127 0 0.798030 -0.380550 0.467257
0.534340 -0.306386 -5.066597 129 148 100 0 0.849150 -0.190198 0.492717
0.389706 -0.705183 -4.908623 164 145 141 0 0.829333 -0.251734 0.498835
0.601743 -0.601271 -5.195082 129 153 101 0 0.861144 0.039830 0.506798
0.470448 -0.282514 -4.941622 33 30 20 0 0.859151 -0.237895 0.453062
0.428322 -0.500870 -4.873518 126 147 95 0 0.927038 0.087456 0.364626
0.247881 -0.850519 -4.821561 63 63 50 0 -0.632657 0.744577 0.212958
0.628423 -0.427148 -5.228081 122 148 106 0 0.673238 -0.038268 0.738435
0.336346 -0.829456 -4.905814 28 24 25 0 0.883389 -0.351845 0.309563
0.455704 -0.546507 -4.964791 139 160 113 0 0.895144 -0.150384 0.419644
0.609466 -0.499465 -5.210529 122 146 96 0 0.842102 0.015013 0.539109
0.518192 -0.512103 -5.075022 126 150 104 0 0.831416 0.031818 0.554739
0.506256 -0.454531 -5.046236 141 138 106 0 0.883830 -0.151390 0.442636
0.422003 -0.476296 -4.859475 132 154 100 0 0.983444 0.110078 0.143948
0.393217 -0.672886 -4.812434 165 168 131 0 0.816040 -0.212813 -0.537392
0.396025 -0.662354 -4.874921 148 167 128 0 0.949647 -0.309751 -0.047164
0.431833 -0.651121 -4.961983 139 161 120 0 0.880826 -0.309725 0.358072
0.492916 -0.298663 -4.980940 132 149 98 0 0.848093 -0.173777 0.500539
0.464832 -0.446105 -4.972514 127 136 91 0 0.888235 -0.006619 0.459341
0.450087 -0.762756 -5.011832 147 168 134 0 0.704874 -0.165942 0.689650
0.410067 -0.630057 -4.903708 146 164 119 0 0.956852 -0.261198 0.127318
0.323006 -0.756437 -4.818753 148 166 125 0 0.881342 -0.364328 0.300835
0.565935 -0.499465 -5.141722 117 139 94 0 0.825348 0.015106 0.564423
0.627720 -0.459445 -5.231592 127 150 106 0 0.674266 -0.047042 0.736989
0.469044 -0.321832 -4.950749 132 150 98 0 0.860884 -0.205115 0.465626
0.414982 -0.452424 -4.832795 20 26 8 0 0.993934 -0.007604 -0.109713
0.549787 -0.432063 -5.123467 120 143 97 0 0.825348 0.015106 0.564423
0.539255 -0.354129 -5.096085 126 146 93 0 0.909387 -0.103811 0.402788
0.350388 -0.821030 -4.919857 118 101 95 0 0.103782 -0.980433 0.167272
0.489405 -0.704481 -5.058171 133 153 117 0 0.762794 -0.119973 0.635415
0.399536 -0.637781 -4.865794 151 173 135 0 0.865711 -0.404609 0.294678
0.465534 -0.524741 -4.980940 133 155 103 0 0.940106 -0.125437 0.316965
0.540659 -0.382916 -5.107319 136 145 97 0 0.913257 -0.054983 0.403657
0.528723 -0.546507 -5.090468 126 149 105 0 0.832034 0.023379 0.554231
0.314581 -0.814009 -4.873518 27 28 20 0 -0.063649 0.967214 -0.245859
0.447981 -0.375192 -4.936005 132 151 102 0 0.861936 -0.086335 0.499612
0.521000 -0.531762 -5.077830 130 150 107 0 0.847295 -0.006757 0.531080
0.405855 -0.663056 -4.917048 146 163 131 0 0.877034 -0.149313 0.456637
0.419897 -0.457339 -4.854560 130 153 99 0 0.977984 0.086905 0.189722
0.601040 -0.474190 -5.200699 120 139 94 0 0.806665 0.001365 0.591008
0.540659 -0.526848 -5.104510 120 142 93 0 0.783814 0.070471 0.616984
0.368643 -0.716417 -4.861581 157 174 139 0 0.650808 -0.460083 0.603964
0.511171 -0.713608 -5.079937 137 154 110 0 0.705574 0.172950 0.687207
0.285092 -0.849817 -4.822263 163 181 152 0 0.758902 -0.386795 0.523887
0.417790 -0.420127 -4.860879 128 133 92 0 0.980910 0.039047 0.190502
0.540659 -0.503678 -5.105915 125 148 103 0 0.837097 0.040258 0.545571
0.476065 -0.394852 -4.985855 135 155 108 0 0.851914 -0.141742 0.504134
0.457108 -0.484721 -4.955664 125 146 91 0 0.900566 0.078370 0.427597
0.417790 -0.532465 -4.846837 145 163 111 0 0.953742 -0.070791 0.292172
0.539255 -0.327449 -5.107319 44 44 34 0 -0.807995 0.585689 -0.064127
0.486597 -0.323939 -4.981642 131 145 99 0 0.851398 -0.199711 0.485012
0.590509 -0.571080 -5.176827 120 141 95 0 0.854899 -0.077718 0.512940
0.407961 -0.594952 -4.825072 120 137 92 0 0.428718 -0.747382 -0.507563
0.220498 -0.891241 -4.804008 49 49 50 0 -0.213767 0.865531 -0.452946
0.584190 -0.528954 -5.169806 116 140 92 0 0.856700 0.080448 0.509503
0.497831 -0.501572 -5.037108 152 139 111 0 0.921478 -0.111237 0.372162
0.463427 -0.469275 -4.970408 126 145 91 0 0.841618 -0.023340 0.539569
0.432535 -0.614611 -4.944430 142 162 118 0 0.935084 -0.064443 0.348519
0.432535 -0.781712 -4.993577 139 165 122 0 0.641614 0.015310 0.766875
0.436045 -0.411000 -4.922665 121 139 84 0 0.903820 -0.017103 0.427571
0.436747 -0.551421 -4.910027 148 160 121 0 0.968623 -0.191666 0.158221
0.523809 -0.288131 -5.034300 129 146 96 0 0.880393 -0.246630 0.405070
0.398131 -0.712204 -4.925473 146 166 128 0 0.785323 -0.174685 0.593929
0.424109 -0.593548 -4.912835 145 163 116 0 0.808395 -0.421006 0.411401
0.303347 -0.851923 -4.853858 166 170 145 0 0.763353 -0.533213 0.364659
0.516788 -0.327449 -5.038512 131 142 98 0 0.893015 -0.141454 0.427218
0.279475 -0.816818 -4.797690 37 30 27 0 0.094327 -0.917294 0.386877
0.386898 -0.697460 -4.887559 153 172 136 0 0.620627 -0.778339 -0.094919
0.424812 -0.554932 -4.874921 139 155 111 0 0.928591 -0.270780 0.253767
0.307560 -0.804180 -4.811732 165 169 138 0 0.514737 -0.397083 0.759850
0.440258 -0.745203 -4.997790 143 163 123 0 0.761667 0.085924 0.642247
0.493618 -0.750118 -5.059576 131 146 113 0 0.520879 -0.356391 0.775674
0.584892 -0.451020 -5.176126 126 140 104 0 0.815194 0.032050 0.578300
0.555403 -0.383618 -5.133297 144 135 107 0 0.887054 -0.047691 0.459197
0.416386 -0.806988 -4.985855 55 55 59 0 0.624750 -0.490033 0.607910
0.559616 -0.534571 -5.127680 126 142 105 0 0.836582 0.054651 0.545109
0.471151 -0.431361 -4.982344 131 150 102 0 0.803048 -0.015204 0.595721
0.492214 -0.267068 -4.977429 61 62 53 0 0.443184 0.627147 0.640526
0.591211 -0.340087 -5.185253 117 144 108 0 0.667544 -0.079989 0.740261
0.457108 -0.383618 -4.954259 131 147 103 0 0.864673 -0.103989 0.491453
0.512575 -0.347810 -5.037108 134 146 101 0 0.881543 -0.198678 0.428262
0.572956 -0.337279 -5.168402 136 131 110 0 0.822094 0.001359 0.569351
0.546978 -0.543698 -5.111532 121 146 101 0 0.798410 -0.015221 0.601921
0.512575 -0.546507 -5.068703 122 143 95 0 0.809171 -0.023595 0.587100
0.591913 -0.591441 -5.180338 125 145 100 0 0.817129 -0.072729 0.571848
0.568743 -0.665865 -5.153658 143 161 112 0 0.830580 -0.063673 0.553248
0.499937 -0.584420 -5.052555 131 154 108 0 0.878541 -0.056370 0.474330
0.394621 -0.632866 -4.829285 154 173 131 0 0.956761 -0.284098 0.062425
0.624912 -0.516316 -5.230188 126 147 100 0 0.819661 0.032007 0.571954
0.581381 -0.611803 -5.166296 130 151 103 0 0.875445 -0.143255 0.461599
0.587700 -0.634270 -5.176126 135 156 108 0 0.825728 0.046263 0.562168
0.395323 -0.792244 -4.957068 152 170 129 0 0.810178 -0.342217 0.475920
0.429024 -0.483317 -4.884049 126 144 95 0 0.976981 0.110485 0.182486
0.599636 -0.511401 -5.195082 117 140 91 0 0.810228 0.078872 0.580783
0.449385 -0.580910 -4.960578 138 160 112 0 0.941345 -0.119515 0.315572
0.551191 -0.275493 -5.075022 130 154 107 0 0.815945 -0.413561 0.403981
0.321602 -0.793648 -4.827178 160 180 144 0 0.246174 -0.865386 0.436469
0.560318 -0.695353 -5.145935 57 57 49 0 0.826406 -0.087671 0.556207
0.522404 -0.343598 -5.075724 52 54 39 0 0.102396 0.994231 -0.031930
0.443066 -0.700970 -4.990769 142 162 118 0 0.747927 -0.120441 0.652763
0.520298 -0.394149 -5.068001 128 147 90 0 0.880424 -0.112002 0.460770
0.585594 -0.487530 -5.176827 119 137 94 0 0.879023 0.047847 0.474372
0.627018 -0.534571 -5.231592 128 152 102 0 0.767863 0.006918 0.640577
0.466236 -0.577399 -4.997790 146 132 105 0 0.861649 -0.214288 0.460046
0.504852 -0.404681 -5.037108 127 147 98 0 0.881099 -0.070765 0.467607
0.549787 -0.361150 -5.124169 139 139 99 0 0.903843 0.001300 0.427862
0.469044 -0.703076 -5.027279 139 157 116 0 0.846185 -0.054547 0.530090
0.392515 -0.715714 -4.941622 122 127 67 0 0.736065 0.079849 0.672185
0.512575 -0.600569 -5.074320 127 151 112 0 0.871193 0.118734 0.476367
0.496426 -0.604782 -5.050448 129 151 104 0 0.821621 -0.159552 0.547250
0.573658 -0.538081 -5.150147 121 143 99 0 0.830599 0.112007 0.545490
0.548382 -0.292344 -5.086256 126 146 102 0 0.808064 -0.395231 0.436835
0.372153 -0.703779 -4.809626 143 132 117 0 0.563288 -0.775910 0.284024
0.444470 -0.610398 -4.965493 160 141 127 0 0.831239 -0.244301 0.499358
0.503447 -0.639887 -5.066597 133 153 110 0 0.787478 -0.079470 0.611198
0.618593 -0.597058 -5.220358 136 150 106 0 0.840871 0.001350 0.541234
0.484491 -0.637078 -5.037108 141 141 106 0 0.890490 -0.278931 0.359478
0.516788 -0.745905 -5.089064 26 27 27 0 0.855991 -0.048557 0.514705
0.393919 -0.612505 -4.808221 58 57 42 0 0.942411 -0.039748 0.332088
0.378472 -0.759245 -4.917750 151 169 135 0 0.880149 -0.221150 0.420037
0.317389 -0.795755 -4.858071 151 171 132 0 0.569734 -0.814530 -0.109284
0.586998 -0.477700 -5.191572 26 27 16 0 0.466589 0.856168 -0.221970
0.527319 -0.637781 -5.097489 125 138 104 0 0.791038 0.055387 0.609255
0.555403 -0.293748 -5.101702 131 147 107 0 0.833408 -0.382832 0.398586
0.608764 -0.568272 -5.204912 125 149 99 0 0.839993 -0.063316 0.538890
0.433237 -0.720629 -4.980237 143 164 121 0 0.784732 -0.040857 0.618487
0.600338 -0.434169 -5.198593 116 135 90 0 0.806665 0.001365 0.591008
0.403046 -0.568974 -4.825072 155 172 122 0 0.908118 -0.030492 0.417602
0.521000 -0.707289 -5.092575 135 155 109 0 0.730311 0.111102 0.674019
0.532936 -0.406085 -5.093979 132 143 94 0 0.869664 -0.109957 0.481242
0.641763 -0.498763 -5.249846 102 115 89 0 0.584429 -0.088025 0.806656
0.426918 -0.538783 -4.863688 140 156 110 0 0.931755 -0.016661 0.362705
0.412174 -0.612505 -4.889666 145 160 119 0 0.956161 -0.292400 -0.016039
0.533638 -0.611803 -5.103106 129 150 107 0 0.767011 -0.198285 0.610227
0.252795 -0.863859 -4.811732 163 158 144 0 0.848579 -0.196750 0.491124
0.471853 -0.563357 -5.004811 169 117 118 0 0.873148 -0.056555 0.484163
0.397429 -0.571080 -4.807519 62 63 41 0 0.960793 -0.175289 0.214828
0.521000 -0.322534 -5.059576 83 86 64 0 0.955176 0.102945 -0.277561
0.474661 -0.771181 -5.039215 77 78 70 0 0.840197 0.111351 -0.530727
0.346176 -0.809095 -4.894580 156 176 132 0 0.747122 -0.292769 0.596737
0.377068 -0.781712 -4.929686 151 171 130 0 0.809418 -0.196638 0.553331
0.408663 -0.745905 -4.958472 147 160 134 0 0.663898 -0.133379 0.735833
0.551191 -0.614611 -5.126978 131 154 118 0 0.716814 -0.070957 0.693644
0.441662 -0.788734 -5.005513 107 113 101 0 0.570613 -0.434198 0.697046
0.413578 -0.548613 -4.839114 149 165 115 0 0.925055 -0.134126 0.355365
0.422705 -0.492444 -4.858071 135 154 99 0 0.956644 0.001219 0.291258
0.453598 -0.514912 -4.945834 129 147 96 0 0.884600 0.022820 0.465791
0.581381 -0.662354 -5.171211 120 128 93 0 0.826891 -0.371548 0.422141
0.458513 -0.296557 -4.927579 34 31 17 0 0.832144 -0.221396 0.508448
0.329325 -0.779606 -4.828582 158 178 140 0 0.899586 -0.380538 0.214326
0.459917 -0.609696 -4.994982 140 161 113 0 0.847896 -0.086927 0.522988
0.309666 -0.831562 -4.849646 162 182 144 0 0.762198 -0.476988 0.437649
0.268944 -0.866667 -4.812434 168 182 149 0 0.666270 -0.545435 0.508513
0.447981 -0.636376 -4.981642 142 165 123 0 0.832795 -0.096368 0.545129
0.374962 -0.710800 -4.875624 147 160 127 0 0.850251 -0.523554 -0.054450
0.386898 -0.652525 -4.804008 26 22 20 0 0.987116 -0.150340 0.054775
0.422003 -0.618122 -4.928282 143 165 123 0 0.434846 -0.893616 -0.111174
0.544170 -0.597058 -5.113638 128 146 103 0 0.773429 -0.032285 0.633061
0.325814 -0.813307 -4.862284 159 173 139 0 0.737332 -0.349948 0.577821
0.436747 -0.473488 -4.921963 123 142 96 0 0.824750 0.339046 0.452587
0.567339 -0.270579 -5.098894 80 82 67 0 0.537190 -0.749453 0.386972
0.222605 -0.868072 -4.789967 52 47 50 0 0.599406 -0.585899 0.545375
0.276667 -0.818924 -4.820859 93 98 72 0 -0.696896 0.635166 -0.333016
0.468342 -0.348512 -4.960578 135 149 103 0 0.799300 -0.230359 0.555026
0.304049 -0.820328 -4.820859 161 182 142 0 0.809072 -0.484807 0.332212
0.464832 -0.559145 -4.989365 144 158 118 0 0.913257 -0.054983 0.403657
0.412174 -0.791542 -4.990067 131 131 48 0 -0.648221 -0.189385 -0.737525
0.539255 -0.467871 -5.103808 121 131 88 0 0.860606 -0.048349 0.506970
0.459215 -0.720629 -5.017449 142 163 126 0 0.784215 -0.110349 0.610599
0.378472 -0.740990 -4.909325 147 161 135 0 0.825520 0.040508 0.562918
0.445875 -0.481211 -4.931792 123 146 93 0 0.897317 0.221036 0.382055
0.360920 -0.710098 -4.822966 155 168 128 0 0.823703 -0.554500 -0.118508
0.377770 -0.683418 -4.867900 149 169 135 0 -0.685421 -0.494375 0.534595
0.333538 -0.745203 -4.829987 154 178 134 0 0.983890 -0.167344 0.062902
0.333538 -0.767670 -4.818753 152 166 131 0 0.848014 -0.485227 0.213137
0.422003 -0.365363 -4.901602 143 151 125 0 0.900993 0.261008 0.346536
0.455704 -0.368171 -4.947238 131 151 101 0 0.850585 -0.116974 0.512662
0.450789 -0.741692 -5.008322 141 160 122 0 0.649226 -0.015292 0.760442
0.487299 -0.719225 -5.054661 138 158 118 0 0.830730 0.040354 0.555211
0.502043 -0.376597 -5.023768 129 149 102 0 0.879960 0.001323 0.475046
0.443066 -0.387830 -4.928984 134 148 102 0 0.904023 -0.072267 0.421332
0.257710 -0.847008 -4.801200 43 37 39 0 0.183015 0.690535 0.699762
0.523809 -0.495253 -5.082043 119 146 89 0 0.800939 -0.070208 0.594615
0.401642 -0.777500 -4.959174 145 165 121 0 0.687223 -0.206322 0.696531
0.381281 -0.723438 -4.930388 103 102 79 0 0.612658 0.142304 0.777431
0.532234 -0.697460 -5.110829 140 159 115 0 0.736314 0.126951 0.664624
0.470448 -0.465062 -4.983046 125 146 94 0 0.882855 -0.070684 0.464296
0.570148 -0.475594 -5.151552 121 143 99 0 0.872713 0.062436 0.484224
0.501341 -0.549315 -5.052555 124 146 94 0 0.817161 -0.078711 0.571011
0.348984 -0.719225 -4.818051 152 167 129 0 0.999889 0.000993 -0.014894
0.490810 -0.735373 -5.058874 141 161 117 0 0.758233 0.165626 0.630595
0.426216 -0.755032 -4.980237 147 166 121 0 0.664593 -0.365936 0.651465
0.450789 -0.715012 -5.006216 144 159 111 0 0.826054 -0.205372 0.524841
0.543468 -0.273387 -5.059576 129 151 100 0 0.831183 -0.325245 0.450944
0.598232 -0.564761 -5.188061 121 140 96 0 0.823973 0.063819 0.563024
0.553999 -0.333066 -5.153658 64 59 39 0 0.697859 0.348112 0.625948
0.557510 -0.550017 -5.122765 124 131 98 0 0.792378 -0.015211 0.609841
0.405153 -0.585123 -4.837008 151 169 123 0 0.904903 -0.341722 0.253725
0.622806 -0.474190 -5.228081 124 148 98 0 0.787196 -0.088433 0.610330
0.405855 -0.807690 -4.973918 155 156 140 0 0.737304 -0.405599 0.540252
0.544872 -0.420829 -5.115042 127 136 97 0 0.846861 0.001346 0.531813
0.551893 -0.352023 -5.145935 113 120 64 0 0.577415 0.055059 0.814592
0.445875 -0.354831 -4.926175 135 156 104 0 0.864565 -0.181780 0.468491
0.608061 -0.546507 -5.203507 119 142 88 0 0.879461 0.022896 0.475421
0.418493 -0.781712 -4.978833 150 168 125 0 0.703583 -0.230349 0.672243
0.329325 -0.746607 -4.809626 50 47 39 0 0.924510 -0.378984 0.040652
0.584190 -0.592144 -5.167700 123 144 95 0 0.873412 -0.109711 0.474463
0.505554 -0.439786 -5.044129 129 149 95 0 0.900850 -0.009179 0.434034
0.451492 -0.406085 -4.950047 123 142 90 0 0.838366 -0.078285 0.539458
0.580679 -0.385724 -5.174721 138 138 112 0 0.785217 0.015233 0.619033
0.616487 -0.439084 -5.217550 122 148 102 0 0.658391 -0.006930 0.752644
0.561722 -0.573889 -5.131893 130 142 109 0 0.815569 0.001362 0.578659
0.562424 -0.296557 -5.118553 129 152 110 0 0.823263 -0.436218 0.363251
0.574360 -0.653227 -5.158573 139 157 110 0 0.772270 -0.079690 0.630277
0.482384 -0.293748 -4.961281 138 156 105 0 0.883284 -0.118056 0.453732
0.622104 -0.571782 -5.225975 132 156 103 0 0.852716 0.001343 0.522373
0.263327 -0.849817 -4.814540 170 172 144 0 0.880355 -0.443815 0.167340
0.607359 -0.405383 -5.206316 121 146 103 0 0.713646 -0.038307 0.699458
0.338452 -0.793648 -4.891772 116 127 65 0 -0.046672 -0.015557 0.998789
0.480980 -0.352725 -4.980940 130 149 105 0 0.823205 -0.127663 0.553205
0.428322 -0.539486 -4.879836 139 157 109 0 0.942772 -0.071917 0.325590
0.447279 -0.517018 -4.929686 136 154 103 0 0.937788 0.008835 0.347095
0.486597 -0.337981 -4.985152 133 148 103 0 0.855542 -0.063010 0.513885
0.487299 -0.611803 -5.036406 140 142 108 0 0.822839 -0.087597 0.561483
0.372153 -0.733267 -4.921963 30 30 22 0 0.388928 0.300466 0.870893
0.442364 -0.561251 -4.936707 146 153 120 0 0.936039 -0.205064 0.285973
0.360920 -0.780308 -4.905112 153 174 138 0 0.809329 -0.284444 0.513885
0.417088 -0.624440 -4.916346 142 164 122 0 0.814210 -0.252793 0.522645
0.452194 -0.669375 -4.997790 139 161 119 0 0.797171 -0.070128 0.599667
0.431833 -0.697460 -4.976025 143 164 123 0 0.818447 -0.198918 0.539051
0.546978 -0.389235 -5.118553 173 77 91 0 0.851185 0.031627 0.523912
0.583488 -0.648312 -5.173317 143 162 116 0 0.855991 -0.048557 0.514705
0.477470 -0.274089 -4.950749 81 46 40 0 0.776891 -0.421834 0.467437
0.390408 -0.682013 -4.898091 155 176 146 0 0.935511 -0.350003 -0.048142
0.494320 -0.658142 -5.054661 130 149 105 0 0.801135 -0.119068 0.586519
0.362324 -0.813307 -4.920558 162 178 135 0 0.714954 -0.340377 0.610724
0.315283 -0.777500 -4.827880 155 174 135 0 -0.871255 -0.490829 0.001330
0.528723 -0.587229 -5.091873 129 147 107 0 0.809200 -0.128234 0.573368
0.614380 -0.533869 -5.215444 123 148 98 0 0.821872 0.031985 0.568774
0.550489 -0.653929 -5.130488 135 156 109 0 0.801135 -0.119068 0.586519
0.453598 -0.496657 -4.946537 128 146 92 0 0.899819 -0.095666 0.425646
0.512575 -0.478402 -5.062384 171 106 113 0 0.846861 0.001346 0.531813
0.414982 -0.570378 -4.852454 146 162 118 0 0.942969 -0.196853 0.268436
0.568041 -0.630759 -5.148041 133 155 113 0 0.799631 -0.167154 0.576758
0.562424 -0.406085 -5.155764 66 62 46 0 0.864565 0.468491 0.181780
0.406557 -0.697460 -4.935303 142 165 126 0 0.799967 -0.261437 0.540095
0.529425 -0.453828 -5.089064 135 115 94 0 0.865796 -0.086156 0.492925
0.397429 -0.673588 -4.921260 157 179 146 0 0.763393 -0.055649 0.643533
0.476767 -0.315513 -4.960578 135 152 103 0 0.811508 -0.229440 0.537412
0.358813 -0.723438 -4.853858 152 171 133 0 0.783605 -0.586549 0.204753
0.512575 -0.361150 -5.042023 122 142 91 0 0.883830 -0.151390 0.442636
0.625614 -0.397660 -5.223166 117 143 104 0 0.706003 -0.055850 0.706003
0.483086 -0.575995 -5.026577 130 141 105 0 0.831416 -0.031818 0.554739
0.299134 -0.814712 -4.808221 157 152 124 0 0.830730 -0.040354 0.555211
0.456406 -0.754330 -5.020960 144 164 126 0 0.823898 -0.072571 0.562072
0.306155 -0.781010 -4.807519 55 55 45 0 0.797798 -0.586046 -0.141665
0.394621 -0.698864 -4.924069 137 157 114 0 -0.166809 -0.491570 0.854712
0.561722 -0.658142 -5.144531 138 159 113 0 0.743282 -0.126611 0.656888
0.431130 -0.581612 -4.922665 145 166 121 0 0.865532 -0.333607 0.373578
0.483086 -0.754330 -5.047640 140 165 124 0 0.716814 0.165887 0.677244
0.390408 -0.649014 -4.830689 159 177 137 0 0.920544 -0.388499 -0.040825
0.406557 -0.649014 -4.910729 136 147 118 0 0.823342 -0.269259 0.499608
0.502043 -0.358342 -5.017449 117 137 86 0 0.901327 -0.134421 0.411752
0.499937 -0.300067 -4.994982 133 152 103 0 0.851947 -0.232349 0.469254
0.479576 -0.288833 -4.975323 32 32 29 0 0.633688 0.627000 0.453112
0.513277 -0.401873 -5.053257 129 141 93 0 0.900489 -0.086877 0.426112
0.383387 -0.675694 -4.834199 150 172 133 0 0.489557 -0.868298 -0.079956
0.389004 -0.735373 -4.924069 146 165 127 0 0.736423 -0.159432 0.657467
0.531532 -0.672886 -5.108021 136 155 114 0 0.818815 -0.015138 0.573858
0.345473 -0.751522 -4.870709 151 173 137 0 -0.040752 0.591603 0.805199
0.555403 -0.332364 -5.167700 34 21 19 0 0.583337 -0.379580 -0.718079
0.452896 -0.649716 -4.992876 136 159 115 0 0.889150 -0.111320 0.443870
0.397429 -0.766266 -4.951451 143 160 127 0 0.770767 -0.174829 0.612661
0.230328 -0.861753 -4.811030 26 27 19 0 -0.611443 0.767752 0.191555
0.366537 -0.727650 -4.873518 150 171 140 0 0.855794 -0.420958 0.300684
0.321602 -0.843498 -4.877028 169 169 148 0 0.785955 -0.382487 0.485775
0.571552 -0.297259 -5.140318 121 146 107 0 0.712710 -0.594744 0.371920
0.516085 -0.429957 -5.063788 125 144 90 0 0.892387 -0.039152 0.449569
0.469746 -0.606888 -5.011832 134 156 108 0 0.823027 -0.078724 0.562521
0.466938 -0.690439 -5.021662 137 160 118 0 0.813603 -0.063896 0.577899
0.520298 -0.583718 -5.081341 131 140 104 0 0.743704 -0.120240 0.657607
0.505554 -0.678503 -5.075724 131 150 106 0 0.736777 -0.055795 0.673829
0.445173 -0.575995 -4.948643 142 164 121 0 0.928352 -0.008939 0.371596
0.412174 -0.658844 -4.928282 149 170 139 0 0.829060 -0.127661 0.544392
0.556106 -0.482615 -5.127680 113 139 93 0 0.805568 0.094346 0.584944
0.431130 -0.458743 -4.908623 116 133 81 0 0.809848 0.160173 0.564349
0.541361 -0.618824 -5.115042 136 155 114 0 0.872970 -0.134192 0.468951
0.589105 -0.517018 -5.178934 121 137 92 0 0.816280 0.127957 0.563307
0.411471 -0.702374 -4.950047 147 159 127 0 0.849150 -0.190198 0.492717
0.351090 -0.814712 -4.905814 154 172 138 0 0.679207 -0.086179 0.728870
0.589807 -0.408192 -5.185253 122 143 100 0 0.821872 -0.031985 0.568774
0.581381 -0.345002 -5.177530 120 136 104 0 0.710585 -0.046993 0.702041
0.478874 -0.646908 -5.029385 138 158 122 0 0.828279 -0.191605 0.526538
0.576467 -0.621632 -5.158573 136 159 114 0 0.854755 -0.110615 0.507107
0.590509 -0.370278 -5.185955 120 144 100 0 0.687381 0.006943 0.726264
0.380579 -0.802074 -4.938813 148 169 125 0 0.766853 -0.142566 0.625788
0.417790 -0.749416 -4.967600 145 165 125 0 0.855209 -0.141804 0.498507
0.419897 -0.385022 -4.881943 130 133 101 0 0.729401 0.363884 0.579278
0.529425 -0.268472 -5.033597 137 158 106 0 0.841310 -0.309465 0.443204
0.431833 -0.634270 -4.948643 156 159 136 0 0.893394 -0.317684 0.317684
0.498533 -0.631462 -5.057469 129 151 107 0 0.830457 -0.118220 0.544394
0.397429 -0.629355 -4.811030 146 147 112 0 0.261745 -0.030721 0.964648
0.523809 -0.352725 -5.062384 118 140 88 0 0.887494 -0.126785 0.443035
0.561722 -0.509997 -5.134701 115 136 95 0 0.811373 0.239548 0.533188
0.606657 -0.464360 -5.207720 118 142 96 0 0.791522 -0.023648 0.610682
0.404450 -0.542294 -4.811732 51 52 33 0 0.971560 -0.236647 0.008324
0.339154 -0.762053 -4.859475 158 176 143 0 0.899586 -0.380538 0.214326
0.437449 -0.564059 -4.924771 148 164 127 0 0.881641 -0.230446 0.411829
0.619295 -0.554932 -5.221762 125 147 95 0 0.855991 0.048557 0.514705
0.431130 -0.422936 -4.907920 117 126 78 0 0.842216 -0.197371 0.501714
0.426216 -0.355534 -4.909325 32 31 27 0 0.101752 0.994544 -0.022976
0.543468 -0.451020 -5.111532 120 144 92 0 0.852716 0.001343 0.522373
0.283688 -0.865965 -4.833497 125 124 116 0 0.805942 -0.505099 0.308760
0.360920 -0.763458 -4.893878 152 175 138 0 0.827214 -0.412816 0.381183
0.443768 -0.491040 -4.923367 120 138 83 0 0.903820 0.017103 0.427571
0.278773 -0.823839 -4.835604 100 114 43 0 -0.634284 0.664094 -0.395807
0.570148 -0.427148 -5.155062 119 139 87 0 0.838005 0.015038 0.545455
0.502745 -0.426446 -5.038512 126 148 92 0 0.872713 -0.062436 0.484224
0.548382 -0.632164 -5.123467 132 155 114 0 0.838757 -0.126908 0.529511
0.405153 -0.626547 -4.869305 145 159 120 0 0.839887 -0.476193 0.260442
0.438152 -0.335875 -4.907920 162 165 126 0 0.765461 -0.119927 0.632208
0.598232 -0.359044 -5.193678 121 149 111 0 0.689258 -0.070804 0.721048
0.383387 -0.763458 -4.928984 152 174 137 0 0.873935 -0.245183 0.419669
0.465534 -0.630759 -5.008322 136 156 108 0 0.900027 -0.165077 0.403362
0.563829 -0.356236 -5.164190 106 89 56 0 -0.276063 0.387695 -0.879478
0.559616 -0.281812 -5.098894 134 156 109 0 0.844149 -0.371175 0.386836
0.383387 -0.664461 -4.813136 154 163 132 0 0.951115 -0.308835 0.001230
0.599636 -0.645504 -5.195785 23 26 22 0 0.715531 0.095502 0.692023
0.483788 -0.450318 -5.005513 128 128 95 0 0.862685 -0.125718 0.489866
0.312474 -0.804882 -4.824370 159 177 141 0 0.857181 -0.406196 0.316616
0.278773 -0.830860 -4.815945 104 94 90 0 0.728777 -0.275883 0.626716
0.396727 -0.634270 -4.841922 148 166 124 0 0.957305 -0.252200 0.141285
0.338452 -0.743097 -4.843327 150 172 131 0 0.749953 -0.292626 0.593246
0.459215 -0.593548 -4.990067 141 148 113 0 0.945157 -0.215370 0.245549
0.342665 -0.782415 -4.870007 152 167 137 0 0.840590 -0.286389 0.459770
0.416386 -0.589335 -4.883347 144 163 119 0 0.929543 -0.294802 0.221454
0.509766 -0.309897 -5.018151 132 147 103 0 0.885473 -0.182346 0.427419
0.422003 -0.667269 -4.948643 145 166 133 0 0.895125 -0.348846 0.277593
0.485895 -0.412404 -5.005513 126 146 96 0 0.853452 -0.126062 0.505696
0.376366 -0.694651 -4.851752 156 171 138 0 0.669347 -0.541853 0.508301
0.442364 -0.343598 -4.931090 139 136 119 0 -0.220836 0.285540 0.932576
0.389706 -0.656737 -4.841220 150 169 130 0 0.966705 -0.222098 0.127097
0.405153 -0.606888 -4.821561 152 172 126 0 0.322597 -0.506938 -0.799341
0.560318 -0.586527 -5.131191 134 146 108 0 0.767517 -0.104194 0.632504
0.538553 -0.682715 -5.117851 142 161 116 0 0.759601 0.038192 0.649267
0.257710 -0.875093 -4.823668 160 155 143 0 -0.672500 0.729163 0.126746
0.516085 -0.253728 -5.002705 84 91 62 0 0.664100 -0.657541 0.355826
0.413578 -0.465062 -4.832795 46 46 34 0 0.932937 0.056422 0.355592
0.381281 -0.696055 -4.813838 165 172 141 0 0.782218 -0.561875 -0.269133
0.546978 -0.339385 -5.131893 97 96 69 0 0.761264 0.641449 0.094975
0.344771 -0.722033 -4.805413 37 32 32 0 0.832241 -0.554373 -0.006810
0.410067 -0.596356 -4.859475 147 166 119 0 0.888225 -0.388319 0.245489
0.339857 -0.735373 -4.825072 144 155 122 0 0.627078 -0.714127 -0.311121
0.337750 -0.814009 -4.883347 161 179 136 0 0.790824 -0.402690 0.460910
0.586296 -0.500168 -5.176827 120 133 89 0 0.840871 0.001350 0.541234
0.518894 -0.344300 -5.049044 129 136 93 0 0.904456 -0.134046 0.404959
0.536447 -0.434872 -5.101000 135 136 96 0 0.874782 0.001327 0.484515
0.227519 -0.863157 -4.779435 68 58 59 0 0.751320 -0.656144 0.070662
0.381983 -0.822435 -4.948643 132 126 120 0 0.759230 -0.427989 0.490302
0.462023 -0.543698 -4.975323 138 160 110 0 0.950727 -0.165402 0.262223
0.570148 -0.441191 -5.153658 116 139 91 0 0.852790 0.048533 0.519994
0.551191 -0.679907 -5.134701 138 162 119 0 0.801135 -0.119068 0.586519
0.460619 -0.775393 -5.022364 145 154 125 0 0.761293 0.001377 0.648407
0.323006 -0.824541 -4.867198 162 181 141 0 0.862780 -0.292701 0.412234
0.422003 -0.715714 -4.966196 144 164 123 0 0.772593 -0.135988 0.620167
0.542063 -0.260047 -5.049746 129 144 102 0 0.807967 -0.270364 0.523538
0.420599 -0.641993 -4.930388 144 149 126 0 0.882240 -0.127260 0.453274
0.491512 -0.421532 -5.018151 125 147 93 0 0.866720 -0.143727 0.477639
0.509766 -0.620228 -5.072214 132 152 108 0 0.855991 -0.048557 0.514705
0.354601 -0.792946 -4.897389 153 175 135 0 0.862780 -0.292701 0.412234
0.481682 -0.595654 -5.026577 136 154 113 0 0.767314 -0.038154 0.640135
0.430428 -0.526146 -4.881943 135 153 102 0 0.943946 -0.150327 0.293883
0.404450 -0.642695 -4.886155 148 168 126 0 0.975916 -0.118406 0.183218
0.311070 -0.835775 -4.874219 95 90 85 0 0.461824 -0.858963 0.221134
0.419195 -0.564059 -4.862284 141 157 112 0 0.956924 -0.054500 0.285176
0.479576 -0.505082 -5.006917 129 151 97 0 0.911203 -0.254323 0.324080
0.615785 -0.565463 -5.214741 127 151 97 0 0.865851 0.001334 0.500299
0.372153 -0.699566 -4.841220 153 171 133 0 0.871120 -0.449658 0.197375
0.321602 -0.785223 -4.853156 156 178 139 0 0.879983 0.372823 0.294334
0.431833 -0.555634 -4.899495 138 147 109 0 0.945644 -0.302766 0.118706
0.397429 -0.651823 -4.881240 155 173 136 0 0.032368 -0.930908 -0.363818
0.561020 -0.378703 -5.143126 122 139 95 0 0.885003 0.001319 0.465583
0.595424 -0.465764 -5.193678 122 142 99 0 0.807678 -0.046515 0.587786
0.423407 -0.441893 -4.879836 125 144 94 0 0.981424 0.095837 0.166199
0.543468 -0.717821 -5.122063 43 41 39 0 0.774507 -0.277175 0.568606
0.325814 -0.798563 -4.847539 156 169 139 0 0.895756 -0.165348 0.412652
0.318091 -0.768372 -4.820157 49 47 42 0 -0.048346 -0.998805 0.007200
0.459917 -0.530358 -4.965493 135 156 105 0 0.917294 -0.094327 0.386877
0.478874 -0.688332 -5.036406 136 147 116 0 0.794254 -0.110109 0.597526
0.268944 -0.836477 -4.805413 57 49 52 0 -0.015167 0.583256 0.812147
0.416386 -0.498763 -4.840518 142 158 107 0 0.952409 -0.039209 0.302292
0.354601 -0.742395 -4.884751 149 169 141 0 -0.111643 0.833699 0.540817
0.335644 -0.757841 -4.811732 112 106 92 0 0.808409 -0.300987 0.505847
0.423407 -0.516316 -4.855965 130 149 99 0 0.902965 0.095413 0.418987
0.563127 -0.607590 -5.138212 132 148 108 0 0.732718 -0.055922 0.678231
0.612976 -0.360448 -5.207018 123 147 104 0 0.659702 -0.142760 0.737844
0.504150 -0.323237 -5.012535 129 147 97 0 0.878171 -0.158216 0.451424
0.384791 -0.694651 -4.905112 159 174 143 0 0.865374 0.031344 0.500145
0.431833 -0.402575 -4.913538 125 141 85 0 0.873470 -0.039641 0.485261
0.521702 -0.543698 -5.079937 134 148 112 0 0.825728 -0.046263 0.562168
0.436747 -0.734671 -4.992876 144 167 130 0 0.641129 0.149345 0.752761
0.436747 -0.376597 -4.915644 138 156 105 0 0.863348 -0.071363 0.499538
0.491512 -0.506487 -5.027981 137 147 106 0 0.861224 -0.141352 0.488173
0.450087 -0.432063 -4.947941 120 139 88 0 0.889714 0.070350 0.451065
0.512575 -0.688332 -5.085554 135 154 110 0 0.765978 -0.055630 0.640455
0.274561 -0.856136 -4.810328 157 170 147 0 0.763861 -0.509784 0.395774
0.383387 -0.670077 -4.848241 146 171 125 0 0.958152 -0.270248 0.094393
0.575765 -0.326045 -5.171913 156 154 139 0 0.736314 0.126951 0.664624
0.633337 -0.500870 -5.241421 130 151 104 0 0.781725 0.015273 0.623436
0.504852 -0.538081 -5.055363 130 153 104 0 0.838366 -0.078285 0.539458
0.516085 -0.390639 -5.056767 124 147 90 0 0.918162 -0.079781 0.388089
0.466236 -0.405383 -4.973217 129 151 101 0 0.870489 -0.039630 0.490590
0.410067 -0.584420 -4.848944 149 169 122 0 0.966005 -0.165118 0.198922
0.426216 -0.606186 -4.925473 143 155 118 0 0.923807 -0.119422 0.363757
0.439556 -0.514912 -4.910729 137 155 103 0 0.911923 -0.063309 0.405449
0.529425 -0.333768 -5.068703 134 135 99 0 0.901327 -0.134421 0.411752
0.538553 -0.658142 -5.117851 138 159 115 0 0.749124 -0.038235 0.661325
0.443066 -0.647610 -4.978131 136 154 117 0 0.825411 -0.261716 0.500202
0.452896 -0.570378 -4.967600 140 158 115 0 0.926507 -0.213592 0.309779
0.448683 -0.461552 -4.943728 126 135 92 0 0.903843 0.001300 0.427862
0.539255 -0.542996 -5.102404 126 150 107 0 0.773712 0.001374 0.633537
0.603147 -0.621632 -5.199295 138 160 108 0 0.819568 -0.069841 0.568709
0.530128 -0.346406 -5.095383 55 55 39 0 0.695131 0.633269 -0.340240
0.577169 -0.441893 -5.176827 34 34 22 0 0.929867 0.348188 0.118794
0.404450 -0.716417 -4.940919 145 167 122 0 0.896483 -0.262277 0.357112
0.553297 -0.324641 -5.121361 128 142 107 0 0.939409 -0.117258 0.322121
0.485193 -0.484019 -5.011130 132 153 99 0 0.911072 0.001292 0.412244
0.318793 -0.828754 -4.880538 127 117 109 0 0.602756 -0.514960 0.609510
0.464130 -0.434169 -4.972514 130 145 94 0 0.863837 -0.056850 0.500554
0.454300 -0.340087 -4.933197 142 160 112 0 0.823419 -0.182146 0.537405
0.259114 -0.868072 -4.800498 161 162 142 0 0.569317 -0.744492 0.348727
0.279475 -0.860348 -4.821561 163 182 147 0 0.779116 -0.198237 0.594710
0.631231 -0.559145 -5.237911 143 163 115 0 0.752966 0.032371 0.657262
0.317389 -0.818924 -4.853858 157 178 140 0 0.787763 -0.454541 0.415719
0.424812 -0.448212 -4.892474 116 138 87 0 0.996811 0.079448 0.007415
0.543468 -0.432063 -5.111532 118 138 85 0 0.856281 0.006742 0.516466
0.572254 -0.549315 -5.146637 124 146 103 0 0.854025 0.014935 0.520018
0.477470 -0.431361 -4.994280 134 152 103 0 0.855958 -0.014922 0.516830
0.436747 -0.708693 -4.984450 142 163 120 0 0.721048 -0.070804 0.689258
0.593317 -0.455233 -5.188763 116 136 90 0 0.853625 -0.023219 0.520370
0.578573 -0.566166 -5.156466 117 138 89 0 0.876166 -0.094530 0.472650
0.512575 -0.665865 -5.080639 131 150 104 0 0.814592 -0.055059 0.577415
0.416386 -0.510699 -4.836306 142 158 108 0 0.895622 0.039057 0.443097
0.476065 -0.460850 -4.992876 128 151 102 0 0.877538 -0.070926 0.474232
0.543468 -0.514912 -5.108021 123 145 99 0 0.832034 0.023379 0.554231
0.424812 -0.474190 -4.870709 131 148 97 0 0.948827 0.071389 0.307622
0.533638 -0.627951 -5.104510 131 150 106 0 0.841263 0.040192 0.539129
0.461321 -0.620228 -4.999897 142 163 115 0 0.816019 -0.134282 0.562212
0.552595 -0.371682 -5.128382 167 100 101 0 0.871091 0.006690 0.491076
0.502745 -0.757841 -5.072214 64 21 18 0 0.532378 -0.721447 -0.442819
0.413578 -0.530358 -4.827178 152 166 121 0 0.631129 -0.293885 0.717849
0.377770 -0.811201 -4.952856 28 26 25 0 0.341164 -0.935192 -0.094991
0.418493 -0.706587 -4.959877 149 166 130 0 0.751975 -0.120138 0.648152
0.379175 -0.710098 -4.909325 144 161 126 0 0.960878 0.142886 0.237270
0.429024 -0.550017 -4.884751 143 158 116 0 0.929239 -0.056677 0.365105
0.466938 -0.740990 -5.027279 140 162 122 0 0.714832 -0.047085 0.697710
0.616487 -0.491742 -5.219656 122 143 96 0 0.799155 -0.006877 0.601086
0.478172 -0.324641 -4.967600 136 158 110 0 0.848579 -0.196750 0.491124
0.459215 -0.572485 -4.983046 150 153 123 0 0.872073 -0.071161 0.484175
0.464832 -0.535975 -4.983748 136 156 103 0 0.897156 -0.159335 0.411974
0.477470 -0.418723 -4.993577 127 149 100 0 0.821874 -0.093887 0.561879
0.605253 -0.558442 -5.199997 121 147 97 0 0.848133 0.014975 0.529572
0.451492 -0.486125 -4.942324 119 141 84 0 0.907704 0.086513 0.410595
0.424109 -0.502976 -4.862986 127 147 93 0 0.944563 0.039623 0.325932
0.557510 -0.425744 -5.134701 115 139 92 0 0.841263 0.040192 0.539129
0.529425 -0.313407 -5.058874 128 144 96 0 0.890497 -0.213425 0.401827
0.497831 -0.537379 -5.046236 133 154 104 0 0.838757 -0.126908 0.529511
0.499937 -0.686226 -5.068001 134 155 115 0 0.804357 0.055326 0.591564
0.497831 -0.573889 -5.048342 129 150 108 0 0.837137 0.096206 0.538467
0.431833 -0.389937 -4.910729 131 144 91 0 0.790629 -0.221252 0.570924
0.441662 -0.589335 -4.943728 144 167 122 0 0.793348 -0.333621 0.509211
0.506958 -0.270579 -4.996386 141 159 107 0 0.860606 -0.048349 0.506970
0.357409 -0.715714 -4.834901 152 167 130 0 0.348655 -0.856917 0.379647
0.486597 -0.432765 -5.009024 132 149 102 0 0.896251 0.001308 0.443546
0.516085 -0.307088 -5.029385 127 146 97 0 0.876578 -0.221749 0.427127
0.363728 -0.832264 -4.930388 76 71 68 0 0.634748 -0.680673 0.365759
0.393919 -0.656737 -4.865092 146 167 125 0 0.782597 -0.372742 0.498603
0.635444 -0.478402 -5.242124 128 151 107 0 0.707024 -0.015340 0.707024
0.558914 -0.469977 -5.134701 117 144 98 0 0.825728 0.046263 0.562168
0.498533 -0.705183 -5.068001 139 158 120 0 0.728534 -0.055821 0.682732
0.443768 -0.406787 -4.936005 121 139 86 0 0.844691 -0.078081 0.529529
0.489405 -0.581612 -5.034300 135 149 110 0 0.783814 -0.070471 0.616984
0.383387 -0.709395 -4.897389 157 167 142 0 0.655050 -0.601440 0.457362
0.325814 -0.782415 -4.818051 151 164 132 0 0.826594 -0.365092 0.428311
0.237349 -0.862455 -4.793477 192 177 166 0 -0.490590 -0.870489 0.039630
0.563829 -0.446105 -5.143126 119 141 96 0 0.837737 0.031743 0.545150
0.609466 -0.519124 -5.208422 120 145 95 0 0.823898 0.072571 0.562072
0.504852 -0.488232 -5.049746 171 118 117 0 0.879461 -0.022896 0.475421
0.540659 -0.643397 -5.115042 134 150 102 0 0.761712 -0.333350 0.555583
0.422003 -0.430659 -4.878432 124 139 88 0 0.977483 0.071820 0.198418
0.347580 -0.828052 -4.904410 160 176 139 0 0.656816 -0.370385 0.656816
0.341261 -0.792244 -4.875624 159 181 140 0 0.674926 -0.467257 0.571092
0.489405 -0.464360 -5.018151 127 152 99 0 0.887417 -0.039290 0.459289
0.561722 -0.365363 -5.145935 124 133 90 0 0.894930 0.055848 0.442698
0.495724 -0.516316 -5.037108 170 117 116 0 0.896903 -0.110885 0.428099
0.452194 -0.700268 -5.004109 139 162 119 0 0.799478 -0.088188 0.594187
0.424812 -0.642695 -4.940919 144 148 125 0 0.830533 -0.191429 0.523040
0.374962 -0.726246 -4.889666 151 166 140 0 0.921634 -0.128504 0.366166
0.605253 -0.482615 -5.207018 122 141 97 0 0.822562 0.023502 0.568190
0.515383 -0.502274 -5.070107 128 151 103 0 0.830521 -0.072404 0.552261
0.520298 -0.373086 -5.060980 121 141 86 0 0.896903 -0.110885 0.428099
0.313176 -0.817520 -4.843327 159 172 148 0 0.844149 -0.371175 0.386836
0.570148 -0.644802 -5.152254 134 154 107 0 0.797171 -0.070128 0.599667
0.417790 -0.425744 -4.851050 63 65 43 0 0.994231 -0.102396 0.031930
0.458513 -0.448212 -4.963387 131 147 103 0 0.851185 -0.031627 0.523912
0.512575 -0.448212 -5.058171 136 144 101 0 0.874962 -0.056494 0.480885
0.591211 -0.602675 -5.181040 125 147 100 0 0.769719 -0.070498 0.634479
0.572254 -0.402575 -5.159977 119 138 90 0 0.821309 0.046330 0.568599
0.378472 -0.771883 -4.923367 150 173 132 0 0.826687 -0.238615 0.509560
0.565233 -0.415915 -5.148743 117 140 90 0 0.855542 0.063010 0.513885
0.427620 -0.658844 -4.953557 143 159 122 0 0.838683 -0.412287 0.355852
0.571552 -0.592846 -5.148041 128 150 106 0 0.808045 -0.070078 0.584938
0.483086 -0.740288 -5.049044 138 157 114 0 0.728773 -0.047064 0.683136
0.579977 -0.459445 -5.181742 28 27 19 0 0.881140 -0.318903 0.349131
0.502745 -0.733969 -5.072214 140 160 121 0 0.770129 0.181476 0.611529
0.427620 -0.692545 -4.966897 142 166 128 0 0.807343 -0.119116 0.577934
0.531532 -0.463658 -5.093979 129 131 103 0 0.799835 0.001367 0.600218
0.542766 -0.355534 -5.106617 131 147 92 0 0.904456 -0.134046 0.404959
0.438152 -0.491742 -4.909325 118 138 83 0 0.934332 0.126482 0.333204
0.249987 -0.845604 -4.811732 129 129 74 0 -0.563220 0.817766 -0.118496
0.570148 -0.676396 -5.157168 130 146 107 0 0.809344 -0.032039 0.586461
0.590509 -0.643397 -5.188763 37 38 30 0 0.268522 -0.738834 -0.618078
0.397429 -0.586527 -4.815945 141 160 110 0 0.926547 -0.324783 0.189808
0.402344 -0.786627 -4.965493 154 171 127 0 0.764987 -0.236223 0.599161
0.615082 -0.403277 -5.214039 123 146 106 0 0.683136 -0.047064 0.728773
0.347580 -0.740990 -4.867900 148 161 125 0 0.771365 -0.168215 0.613758
0.431130 -0.731161 -4.983046 146 168 129 0 0.814866 -0.444907 0.371553
0.387600 -0.682013 -4.872815 149 167 129 0 0.954905 -0.141713 0.260910
0.480980 -0.514912 -5.011832 127 147 98 0 0.853595 -0.119879 0.506957
0.419195 -0.415213 -4.870709 128 143 95 0 0.974011 0.095784 0.205251
0.446577 -0.626547 -4.976727 139 162 123 0 0.872220 -0.222917 0.435362
0.525915 -0.617419 -5.094681 134 149 112 0 0.749843 -0.133206 0.648068
0.476767 -0.492444 -4.994982 133 155 100 0 0.858253 0.062799 0.509370
0.594721 -0.627249 -5.188061 135 156 107 0 0.848683 -0.120411 0.515013
0.546978 -0.606888 -5.117851 128 149 108 0 0.806860 -0.150634 0.571215
0.480278 -0.283919 -4.954962 142 156 111 0 0.779285 0.015280 0.626484
0.415684 -0.736778 -4.961281 148 168 135 0 0.622490 -0.006901 0.782598
0.332836 -0.808393 -4.871411 161 181 142 0 0.831239 -0.244301 0.499358
0.549787 -0.566868 -5.116447 124 145 103 0 0.783734 -0.046769 0.619334
0.569446 -0.492444 -5.149446 117 139 91 0 0.856228 0.054297 0.513737
0.330027 -0.784521 -4.838412 155 175 140 0 0.751508 -0.570500 0.331310
0.539957 -0.700970 -5.117851 141 160 116 0 0.757585 -0.085792 0.647074
0.435343 -0.335875 -4.921260 38 39 36 0 -0.610681 0.556548 0.563315
0.349686 -0.777500 -4.879134 156 171 136 0 0.885873 -0.338406 0.317350
0.491512 -0.364661 -4.999897 123 144 97 0 0.872030 -0.079784 0.482906
0.388302 -0.804882 -4.951451 154 174 132 0 0.774811 -0.142373 0.615952
0.401642 -0.686226 -4.912133 157 172 145 0 0.571954 0.032007 0.819661
0.597530 -0.611100 -5.188763 133 153 105 0 0.797059 -0.151037 0.584709
0.386898 -0.719225 -4.906517 153 165 141 0 0.908744 -0.206598 0.362631
0.523809 -0.278302 -5.029385 135 151 105 0 0.869534 -0.261616 0.418889
0.608764 -0.625845 -5.207720 105 113 87 0 0.734433 -0.023873 0.678262
0.333538 -0.798563 -4.862986 156 172 137 0 0.632729 -0.688317 0.354786
0.605955 -0.424340 -5.206316 122 147 103 0 0.744904 -0.055761 0.664837
0.268944 -0.874391 -4.820157 95 94 90 0 0.704872 -0.501575 0.501575
0.532936 -0.601271 -5.100298 128 149 109 0 0.820417 -0.063763 0.568199
0.238753 -0.856838 -4.815945 52 54 42 0 -0.301421 0.950833 -0.071151
0.452194 -0.305684 -4.923367 88 79 71 0 0.665528 -0.159181 0.729201
0.456406 -0.437680 -4.959877 127 144 98 0 0.851663 -0.023240 0.523574
0.489405 -0.267068 -4.966897 80 75 49 0 0.808255 -0.325525 0.490670
0.545574 -0.575995 -5.112234 129 153 115 0 0.778585 0.001373 0.627537
0.299836 -0.805584 -4.829987 124 126 94 0 0.509153 0.721439 0.469350
0.489405 -0.528252 -5.027279 175 118 123 0 0.814721 -0.222476 0.535476
0.500639 -0.260749 -4.980237 25 32 11 0 0.729501 -0.641647 0.236892
0.396025 -0.646908 -4.860879 143 166 124 0 0.887484 -0.325861 0.325861
0.479576 -0.616717 -5.027279 131 153 111 0 0.818186 -0.055111 0.572306
0.419897 -0.375192 -4.897389 131 140 104 0 0.981430 0.175040 0.078466
0.557510 -0.667269 -5.140318 137 158 115 0 0.805568 -0.094346 0.584944
0.521000 -0.736778 -5.093277 100 103 89 0 0.838213 -0.087106 0.538341
0.524511 -0.596356 -5.087660 132 141 105 0 0.793430 -0.094629 0.601260
0.456406 -0.683418 -5.006216 137 159 116 0 0.795510 -0.174255 0.580344
0.475363 -0.370278 -4.978833 134 154 110 0 0.766112 -0.245971 0.593776
0.376366 -0.698864 -4.885453 145 156 121 0 -0.141141 -0.918118 -0.370322
0.604551 -0.348512 -5.197189 118 145 107 0 0.561483 -0.087597 0.822839
0.513979 -0.370278 -5.047640 123 145 94 0 0.889993 -0.056052 0.452516
0.313176 -0.847711 -4.866496 159 162 140 0 0.603167 -0.656634 0.452793
0.580679 -0.601271 -5.161381 128 151 107 0 0.838455 0.006795 0.544928
0.364430 -0.696758 -4.812434 153 164 128 0 0.725226 -0.663896 0.182456
0.369345 -0.818924 -4.943026 56 47 49 0 -0.547936 -0.808858 -0.213342
0.344069 -0.772585 -4.865794 161 167 149 0 0.847170 -0.427471 0.315551
0.437449 -0.608292 -4.952153 143 152 120 0 0.731678 -0.516964 0.444292
0.356005 -0.783117 -4.893176 152 174 137 0 0.836574 -0.254208 0.485306
0.450789 -0.541592 -4.944430 146 164 119 0 0.912713 -0.199163 0.356775
0.506958 -0.571782 -5.062384 129 150 101 0 0.744577 -0.212958 0.632657
0.502745 -0.602675 -5.058874 130 151 108 0 0.788189 -0.032200 0.614591
0.437449 -0.500870 -4.903708 126 144 89 0 0.920595 0.001280 0.390517
0.546978 -0.370278 -5.119255 135 143 96 0 0.856281 -0.006742 0.516466
0.503447 -0.527550 -5.053257 128 148 95 0 0.850640 -0.040111 0.524216
0.500639 -0.436978 -5.035002 129 149 98 0 0.870868 -0.014806 0.491293
0.289305 -0.838583 -4.816647 157 173 144 0 0.781252 -0.490102 0.386582
0.573658 -0.379405 -5.163487 122 118 84 0 0.867597 -0.023010 0.496736
0.435343 -0.481913 -4.904410 117 135 84 0 0.948937 0.095812 0.300562
0.404450 -0.558442 -4.824370 143 157 112 0 0.667367 -0.466655 0.580392
0.526617 -0.536677 -5.086958 127 150 102 0 0.833029 -0.087461 0.546272
0.316687 -0.799967 -4.834199 162 179 143 0 0.702812 -0.687433 0.183008
0.331431 -0.818924 -4.876326 162 180 137 0 0.724152 -0.268971 0.635026
0.553999 -0.694651 -5.134701 141 157 113 0 0.766875 0.015310 0.641614
0.496426 -0.276195 -4.980940 139 158 107 0 0.821723 -0.140655 0.552257
0.583488 -0.621632 -5.169806 132 154 105 0 0.825520 0.040508 0.562918
0.436747 -0.346406 -4.907218 153 170 124 0 0.838213 -0.087106 0.538341
0.464130 -0.479806 -4.971812 128 149 94 0 0.808045 0.070078 0.584938
0.544170 -0.383618 -5.132595 83 79 56 0 0.807343 0.577934 0.119116
0.526617 -0.335172 -5.080639 41 42 30 0 0.469352 0.327124 0.820182
0.594019 -0.380107 -5.190870 119 143 102 0 0.682310 0.032491 0.730340
0.460619 -0.496657 -4.962685 131 147 96 0 0.908118 -0.030492 0.417602
0.638252 -0.488232 -5.244932 132 153 111 0 0.728870 -0.086179 0.679207
0.579275 -0.456637 -5.169105 116 139 93 0 0.834745 0.001353 0.550634
0.340559 -0.803478 -4.880538 159 176 135 0 0.846564 -0.268872 0.459388
0.483086 -0.473488 -5.007620 130 152 97 0 0.876205 -0.014760 0.481712
0.561722 -0.317620 -5.143828 130 131 110 0 0.992275 -0.087721 0.087721
0.607359 -0.453828 -5.207720 117 140 92 0 0.760742 -0.032342 0.648248
0.265433 -0.859646 -4.797690 166 179 147 0 0.626454 -0.656364 0.420406
0.300539 -0.839285 -4.838412 162 177 143 0 0.706063 -0.597438 0.380188
0.408663 -0.626547 -4.893878 147 166 123 0 0.928591 -0.253767 0.270780
0.345473 -0.739586 -4.850348 152 173 134 0 0.603964 -0.460083 0.650808
0.400940 -0.736778 -4.945132 147 171 131 0 0.723386 -0.247433 0.644585
0.471151 -0.733267 -5.035704 137 161 120 0 0.861665 0.014880 0.507260
0.519596 -0.293046 -5.044129 45 47 31 0 0.001340 0.856545 -0.516071
0.450087 -0.421532 -4.947941 126 144 95 0 0.856301 -0.023143 0.515959
0.601743 -0.499465 -5.199997 115 139 89 0 0.804296 0.064059 0.590766
0.491512 -0.325343 -4.990769 133 151 101 0 0.832479 -0.181495 0.523487
0.403046 -0.611803 -4.849646 151 171 128 0 0.967327 -0.158853 0.197598
0.544170 -0.323237 -5.116447 46 48 35 0 -0.783674 0.618690 0.055469
0.441662 -0.781010 -5.012535 56 58 42 0 0.995250 -0.022842 -0.094630
0.296326 -0.859646 -4.850348 83 82 78 0 0.531813 -0.846861 0.001346
0.329325 -0.766968 -4.848944 146 165 125 0 0.260442 0.839887 -0.476193
0.502745 -0.715012 -5.071511 140 152 117 0 0.586461 -0.032039 0.809344
0.590509 -0.558442 -5.176126 120 140 94 0 0.871091 0.006690 0.491076
0.563127 -0.324641 -5.151552 147 100 107 0 0.906640 -0.030531 0.420798
0.586998 -0.472785 -5.179636 123 138 98 0 0.822562 0.023502 0.568190
0.510469 -0.646908 -5.076426 129 150 108 0 0.859618 0.119511 0.496764
0.365132 -0.747309 -4.885453 159 157 148 0 0.737682 -0.104542 0.667006
0.425514 -0.462956 -4.886858 121 144 91 0 0.977094 0.110217 0.182044
0.455002 -0.302173 -4.937409 43 43 38 0 -0.706063 0.597438 0.380188
0.420599 -0.452424 -4.863688 130 145 92 0 0.976255 0.087407 0.198206
0.400940 -0.799967 -4.978833 37 31 21 0 0.237253 -0.963274 0.125757
0.595424 -0.575995 -5.184551 121 142 95 0 0.817161 -0.078711 0.571011
0.393919 -0.625845 -4.820157 155 172 129 0 0.911817 -0.214630 0.350034
0.497129 -0.375895 -5.014641 132 152 105 0 0.864565 -0.181780 0.468491
0.321602 -0.834370 -4.872113 165 182 136 0 0.873582 -0.404240 0.271007
0.340559 -0.748713 -4.811732 144 130 119 0 -0.159181 0.665528 0.729201
0.494320 -0.582314 -5.043427 131 153 108 0 0.850780 0.001344 0.525521
0.400238 -0.681311 -4.927579 147 165 128 0 -0.996092 0.016083 0.086850
0.492916 -0.308492 -4.985855 130 147 96 0 0.841784 -0.252995 0.476858
0.472555 -0.326747 -4.959174 136 157 109 0 0.821880 -0.189199 0.537325
0.426918 -0.560549 -4.883347 138 152 112 0 0.896483 -0.357112 0.262277
0.424109 -0.411000 -4.886858 122 137 86 0 0.952409 -0.039209 0.302292
0.546978 -0.673588 -5.127680 138 160 114 0 0.783814 -0.070471 0.616984
0.605253 -0.533167 -5.199295 120 141 91 0 0.832034 0.023379 0.554231
0.336346 -0.757139 -4.847539 153 174 131 0 0.777088 -0.428458 0.461040
0.549084 -0.461552 -5.121361 121 146 98 0 0.837737 0.031743 0.545150
0.486597 -0.376597 -4.996386 132 152 107 0 0.812624 -0.157137 0.561204
0.492916 -0.633568 -5.049044 133 153 108 0 0.852790 -0.048533 0.519994
0.518192 -0.476296 -5.070809 135 137 97 0 0.886597 -0.102570 0.451026
0.536447 -0.510699 -5.099596 120 145 95 0 0.799155 -0.006877 0.601086
0.475363 -0.571080 -5.013939 134 150 105 0 0.863348 -0.071363 0.499538
0.511873 -0.321130 -5.026577 128 142 98 0 0.880355 -0.167340 0.443815
0.381281 -0.731161 -4.910729 150 166 141 0 0.760402 -0.403912 0.508570
0.639656 -0.469977 -5.246336 131 153 116 0 0.727543 -0.199263 0.656487
0.510469 -0.697460 -5.081341 138 158 115 0 0.783587 0.079369 0.616191
0.619997 -0.461552 -5.222465 123 148 104 0 0.741060 -0.023815 0.671016
0.565233 -0.374490 -5.166998 28 26 18 0 -0.332878 0.212870 -0.918629
0.431833 -0.771883 -4.990769 145 169 127 0 0.664068 -0.230775 0.711165
0.409365 -0.687630 -4.935303 142 161 129 0 0.793262 -0.381345 0.474670
0.565935 -0.591441 -5.139616 130 148 102 0 0.820069 -0.150321 0.552170
0.570148 -0.618122 -5.148743 130 151 107 0 0.773740 -0.046850 0.631769
0.522404 -0.267068 -5.018854 134 154 103 0 0.837971 -0.227427 0.496066
0.484491 -0.557740 -5.026577 140 140 112 0 0.840197 -0.111351 0.530727
0.520298 -0.679205 -5.096085 137 158 115 0 0.784345 -0.198005 0.587875
0.627018 -0.505082 -5.234400 125 150 106 0 0.759587 -0.055789 0.648009
0.462725 -0.380107 -4.961983 130 149 104 0 0.836958 -0.165013 0.521798
0.636146 -0.449616 -5.237911 121 145 101 0 0.714917 -0.104658 0.691332
0.512575 -0.281110 -5.010428 135 153 100 0 0.820208 -0.252730 0.513212
0.422705 -0.650418 -4.956366 148 142 116 0 -0.609899 0.789869 -0.064275
0.499937 -0.475594 -5.037810 126 144 92 0 0.879853 0.006655 0.475200
0.426216 -0.583718 -4.911431 142 162 114 0 0.928179 -0.349609 0.127505
0.566637 -0.362555 -5.156466 123 137 95 0 0.814564 0.046426 0.578214
0.591211 -0.421532 -5.188763 120 139 95 0 0.798609 0.023611 0.601387
0.488001 -0.293748 -4.972514 138 156 107 0 0.864565 -0.181780 0.468491
0.421301 -0.576697 -4.884049 142 163 118 0 0.910581 -0.245436 0.332572
0.477470 -0.760649 -5.042023 143 163 124 0 0.805804 0.206420 0.555041
0.528723 -0.375192 -5.079235 122 144 88 0 0.879301 -0.127248 0.458952
0.455704 -0.321130 -4.930388 146 162 110 0 0.775767 -0.191264 0.601334
0.522404 -0.698162 -5.096787 136 153 112 0 0.720524 0.126800 0.681738
0.564531 -0.470679 -5.143126 117 140 96 0 0.823027 0.078724 0.562521
0.582786 -0.638483 -5.168402 139 160 112 0 0.807995 -0.064127 0.585689
0.414280 -0.528252 -4.837008 136 156 101 0 0.961302 0.263562 -0.080215
0.332836 -0.743097 -4.820157 130 146 113 0 0.751187 -0.609453 0.253545
0.464832 -0.592846 -5.002705 128 151 102 0 0.839567 -0.174475 0.514477
0.327921 -0.839987 -4.884049 165 164 143 0 0.817280 -0.452281 0.357064
0.372153 -0.686928 -4.856667 149 167 130 0 0.934773 -0.318016 0.158319
0.520298 -0.656035 -5.092575 132 150 105 0 0.820417 -0.063763 0.568199
0.628423 -0.570378 -5.233698 133 153 103 0 0.745071 0.032394 0.666198
0.567339 -0.384320 -5.155062 117 140 89 0 0.838844 0.001351 0.544370
0.231732 -0.891241 -4.789265 130 118 130 0 0.355826 -0.657541 0.664100
0.404450 -0.707289 -4.936005 147 167 128 0 0.890265 -0.222935 0.397150
0.522404 -0.573889 -5.082043 130 140 105 0 0.783674 -0.055469 0.618690
0.419897 -0.476998 -4.849646 139 159 104 0 0.940146 -0.016449 0.340376
0.473257 -0.694651 -5.030789 135 152 117 0 0.673271 -0.133455 0.727252
0.380579 -0.691141 -4.860177 150 169 142 0 0.800161 -0.556567 0.223552
0.410769 -0.652525 -4.919154 138 150 122 0 0.870319 -0.229189 0.435909
0.615082 -0.382916 -5.211231 123 149 107 0 0.715286 -0.023890 0.698423
0.455704 -0.602675 -4.985152 144 159 122 0 0.900241 -0.251950 0.355087
0.537851 -0.425042 -5.102404 148 117 98 0 0.844534 -0.006778 0.535459
0.259816 -0.859646 -4.789265 136 125 119 0 0.427218 0.141454 0.893015
0.259816 -0.834370 -4.808923 47 49 27 0 -0.722202 0.643187 -0.254430
0.495724 -0.439084 -5.026577 132 151 105 0 0.874182 0.022969 0.485056
0.572254 -0.467169 -5.156466 117 140 94 0 0.865374 0.031344 0.500145
0.533638 -0.381511 -5.090468 126 145 88 0 0.785691 -0.238041 0.570987
0.520298 -0.638483 -5.090468 132 145 106 0 0.683251 0.001380 0.730182
0.430428 -0.516316 -4.880538 133 150 98 0 0.942411 -0.039748 0.332088
0.565935 -0.330258 -5.159275 127 68 69 0 0.799081 0.032187 0.600361
0.542063 -0.484019 -5.108723 120 125 92 0 0.813603 0.063896 0.577899
0.589807 -0.533167 -5.176827 117 140 93 0 0.841663 0.136130 0.522563
0.595424 -0.443999 -5.192274 113 135 86 0 0.815194 0.032050 0.578300
0.417088 -0.672184 -4.940217 160 160 143 0 0.854703 -0.254430 0.452490
0.547680 -0.284621 -5.076426 131 148 102 0 0.818899 -0.364132 0.443636
0.509766 -0.518422 -5.063086 130 138 96 0 0.814564 -0.046426 0.578214
0.560318 -0.401170 -5.141020 117 140 90 0 0.816001 0.087788 0.571345
0.347580 -0.796457 -4.887559 158 178 137 0 0.746697 -0.387237 0.540824
0.436747 -0.540890 -4.902304 136 156 110 0 0.964730 -0.117210 0.235708
0.254902 -0.845604 -4.826476 73 76 57 0 -0.229875 0.973097 0.015484
0.377068 -0.679907 -4.840518 158 178 140 0 0.771432 -0.412627 0.484388
0.585594 -0.581612 -5.168402 126 148 101 0 0.893111 0.001311 0.449834
0.444470 -0.500870 -4.924771 127 144 90 0 0.930581 0.024523 0.365263
0.445875 -0.756437 -5.005513 142 160 122 0 0.746274 -0.142648 0.650174
0.551893 -0.638483 -5.130488 133 153 108 0 0.735833 -0.133379 0.663898
0.549084 -0.309897 -5.101000 119 142 90 0 0.877525 -0.244507 0.412512
0.615785 -0.608292 -5.216847 108 120 89 0 0.777427 -0.064428 0.625664
0.622104 -0.484019 -5.227379 126 151 106 0 0.784732 0.040857 0.618487
0.429024 -0.354831 -4.897389 156 164 119 0 0.774485 -0.023723 0.632147
0.513277 -0.573889 -5.070809 129 150 101 0 0.798878 -0.190209 0.570627
0.395323 -0.781712 -4.952856 149 167 127 0 0.800761 -0.079070 0.593742
0.613678 -0.350619 -5.206316 54 65 47 0 0.626303 -0.229593 0.745004
0.416386 -0.443999 -4.837710 32 34 22 0 0.960546 -0.276389 0.030985
0.337750 -0.837881 -4.900899 109 109 103 0 0.553506 -0.760062 0.340495
0.558914 -0.516316 -5.127680 121 141 101 0 0.837093 0.102295 0.537411
0.434641 -0.529656 -4.893176 135 155 106 0 0.903438 -0.038814 0.426958
0.386898 -0.698162 -4.914942 145 158 123 0 -0.397890 -0.602613 0.691767
0.546978 -0.706587 -5.126276 142 152 118 0 0.707024 -0.015340 0.707024
0.618593 -0.587229 -5.221060 135 159 107 0 0.799835 0.001367 0.600218
0.536447 -0.457339 -5.100298 121 135 92 0 0.828614 0.093669 0.551929
0.580679 -0.360448 -5.176126 116 140 98 0 0.760442 0.015292 0.649226
0.484491 -0.727650 -5.050448 138 158 119 0 0.791246 0.070365 0.607436
0.443066 -0.332364 -4.915644 152 166 120 0 0.736777 -0.055795 0.673829
0.630529 -0.389937 -5.226677 103 118 88 0 0.703583 -0.230349 0.672243
0.367239 -0.823137 -4.931090 163 168 134 0 0.573574 -0.492837 0.654312
0.370047 -0.719927 -4.878432 150 171 139 0 0.819931 -0.229212 0.524571
0.229626 -0.889135 -4.806817 137 134 118 0 0.310312 0.904464 0.292664
0.462023 -0.759245 -5.027279 143 165 126 0 0.661331 0.006932 0.750063
0.435343 -0.751522 -4.992173 145 167 127 0 0.757585 -0.085792 0.647074
0.447981 -0.694651 -4.996386 139 159 119 0 0.782371 -0.085640 0.616897
0.437449 -0.724842 -4.988663 142 164 121 0 0.827552 -0.175723 0.533178
0.453598 -0.639887 -4.992173 138 160 114 0 0.895756 -0.165348 0.412652
0.605955 -0.436276 -5.206316 119 140 96 0 0.780873 0.032244 0.623857
0.334240 -0.772585 -4.833497 165 183 146 0 0.974834 -0.157638 0.157638
0.350388 -0.767670 -4.874219 160 160 145 0 0.782471 -0.252461 0.569212
0.414982 -0.758543 -4.969706 142 160 122 0 0.808331 -0.308463 0.501450
0.618593 -0.524039 -5.221762 124 146 96 0 0.792144 0.006888 0.610295
0.528723 -0.287429 -5.042725 128 146 97 0 0.867443 -0.213502 0.449398
0.568041 -0.601271 -5.143828 128 147 103 0 0.788189 -0.032200 0.614591
0.568041 -0.290940 -5.124169 133 156 118 0 0.832475 -0.396492 0.387014
0.434641 -0.480509 -4.915644 117 133 82 0 0.006866 0.806037 0.591826
0.482384 -0.694651 -5.046938 136 155 122 0 0.869101 -0.188034 0.457500
0.598232 -0.342193 -5.191572 118 145 109 0 0.610370 -0.158244 0.776149
0.617891 -0.393447 -5.214039 121 147 110 0 0.702318 -0.038308 0.710831
0.403046 -0.602675 -4.813136 148 161 116 0 0.858748 -0.166447 0.484611
0.526617 -0.563357 -5.088362 127 145 106 0 0.850251 0.054450 0.523554
0.414280 -0.658142 -4.945132 154 161 138 0 -0.727687 0.560138 0.395875
0.591913 -0.328151 -5.183848 121 143 113 0 0.584429 -0.088025 0.806656
0.521702 -0.505082 -5.080639 128 154 105 0 0.734307 0.006941 0.678782
0.556808 -0.342193 -5.152254 121 122 69 0 0.268233 0.379122 0.885617
0.365132 -0.804180 -4.919154 154 172 131 0 0.778122 -0.262518 0.570623
0.524511 -0.442595 -5.081341 171 98 102 0 0.822562 -0.023502 0.568190
0.499937 -0.746607 -5.065895 139 152 115 0 0.728534 -0.055821 0.682732
0.609466 -0.588633 -5.207018 130 152 100 0 0.858589 -0.014873 0.512449
0.372856 -0.743799 -4.921963 121 126 65 0 0.451376 -0.190910 0.871673
0.483086 -0.706587 -5.048342 136 156 115 0 0.818885 -0.040594 0.572520
0.447981 -0.790138 -5.012535 33 34 37 0 0.786362 -0.348958 0.509768
0.432535 -0.447510 -4.909325 112 136 81 0 0.815569 0.001362 0.578659
0.461321 -0.316216 -4.936707 145 160 113 0 0.808921 -0.134574 0.572308
0.637550 -0.557740 -5.244932 50 57 42 0 0.633537 0.001374 0.773712
0.556106 -0.316216 -5.124872 122 143 102 0 0.934930 -0.143730 0.324419
0.567339 -0.313407 -5.154360 131 130 114 0 0.715646 -0.556981 0.421454
0.418493 -0.463658 -4.847539 138 154 99 0 0.970564 0.040186 0.237466
0.586296 -0.658142 -5.178232 102 115 89 0 0.857831 -0.151037 0.491237
0.518894 -0.552123 -5.076426 126 133 94 0 0.740920 -0.055891 0.669264
0.395323 -0.720629 -4.928984 148 170 135 0 0.856674 -0.412130 0.310255
0.507660 -0.632866 -5.071511 134 152 108 0 0.826157 -0.096601 0.555097
0.389706 -0.656737 -4.853858 148 168 127 0 0.887302 -0.386237 0.252024
0.524511 -0.553528 -5.085554 130 148 112 0 0.867480 -0.006704 0.497427
0.483788 -0.605484 -5.030087 136 142 106 0 0.797059 -0.151037 0.584709
0.431833 -0.565463 -4.905112 137 158 112 0 0.960433 -0.222652 0.167318
0.443768 -0.513508 -4.919154 129 147 95 0 0.929449 0.048504 0.365749
0.544872 -0.687630 -5.125574 142 161 114 0 0.777683 0.110258 0.618912
0.504150 -0.507891 -5.052555 139 144 101 0 0.893001 -0.014596 0.449818
0.440960 -0.533167 -4.916346 139 159 110 0 0.955088 -0.054685 0.291232
0.553297 -0.587229 -5.124872 132 138 97 0 0.663437 -0.251758 0.704605
0.247178 -0.879305 -4.794881 177 175 150 0 0.813708 -0.460199 0.355101
0.481682 -0.770479 -5.045534 70 69 67 0 0.634310 -0.322833 0.702446
0.623508 -0.438382 -5.223869 121 148 104 0 0.705324 -0.070967 0.705324
0.424109 -0.582314 -4.902304 146 165 124 0 0.711656 -0.569655 0.411143
0.431130 -0.790840 -4.995684 147 164 133 0 0.728813 -0.324815 0.602766
0.489405 -0.478402 -5.020257 130 154 100 0 0.791522 -0.023648 0.610682
0.327219 -0.802776 -4.857369 158 169 144 0 0.782539 -0.348688 0.515801
0.534340 -0.664461 -5.112234 134 154 115 0 0.775996 -0.079478 0.625710
0.361622 -0.797861 -4.912133 153 169 129 0 0.753992 -0.277787 0.595257
0.418493 -0.658844 -4.935303 155 154 135 0 0.839343 -0.381234 0.387510
0.442364 -0.442595 -4.931792 121 134 86 0 0.878541 0.056370 0.474330
0.397429 -0.625845 -4.837710 147 168 125 0 0.931397 -0.338815 0.133057
0.601040 -0.461552 -5.199997 119 143 98 0 0.792878 0.001369 0.609379
0.528021 -0.385022 -5.080639 124 144 89 0 0.917646 -0.088366 0.387450
0.346878 -0.726246 -4.831391 157 173 133 0 0.836582 -0.545109 0.054651
0.462725 -0.531762 -4.975323 136 157 104 0 0.963274 -0.125757 0.237253
0.610870 -0.488934 -5.212635 125 145 100 0 0.759264 0.110572 0.641320
0.533638 -0.396256 -5.094681 123 141 85 0 0.904023 -0.072267 0.421332
0.419897 -0.523337 -4.847539 141 160 109 0 0.929058 -0.095738 0.357330
0.477470 -0.361150 -4.978131 127 148 101 0 0.816762 -0.206099 0.538910
0.551191 -0.476296 -5.122765 112 139 90 0 0.829699 0.078543 0.552657
0.534340 -0.549315 -5.097489 129 153 112 0 0.777567 -0.055642 0.626334
0.528723 -0.501572 -5.086958 117 144 91 0 0.818186 0.055111 0.572306
0.417088 -0.453126 -4.841922 135 135 103 0 0.926547 0.189808 0.324783
0.407259 -0.621632 -4.885453 146 166 124 0 0.992612 -0.111289 0.048338
0.306155 -0.823137 -4.834199 162 169 151 0 0.793262 -0.474670 0.381345
0.607359 -0.507891 -5.207018 121 143 91 0 0.833613 0.063473 0.548690
0.299134 -0.800669 -4.813838 154 167 128 0 0.412791 -0.872455 0.261585
0.575062 -0.494551 -5.157871 115 138 91 0 0.870584 0.023017 0.491481
0.458513 -0.784521 -5.022364 28 27 30 0 0.744371 -0.460487 0.483594
0.422003 -0.467871 -4.864390 126 146 95 0 0.967273 0.087017 0.238350
0.484491 -0.274791 -4.960578 118 122 91 0 0.821874 -0.093887 0.561879
0.473257 -0.671482 -5.026577 135 157 118 0 0.799155 -0.006877 0.601086
0.428322 -0.530358 -4.872815 133 151 98 0 0.971607 -0.141348 0.189737
0.463427 -0.298663 -4.935303 150 155 114 0 0.787639 -0.119697 0.604398
0.564531 -0.683418 -5.149446 119 131 97 0 0.822021 -0.040473 0.568018
0.447981 -0.337279 -4.923367 139 157 108 0 0.793649 -0.357543 0.492223
0.470448 -0.312705 -4.949345 138 157 108 0 0.855332 -0.189576 0.482150
0.583488 -0.568272 -5.164190 122 144 100 0 0.830951 -0.046086 0.554433
0.509766 -0.456637 -5.055363 150 136 111 0 0.879780 -0.094312 0.465932
0.411471 -0.597058 -4.868603 146 167 124 0 0.948559 -0.227927 0.219738
0.457811 -0.648312 -5.001301 137 160 117 0 0.781594 -0.135476 0.608899
0.520298 -0.335172 -5.048342 128 134 93 0 0.879718 -0.118341 0.460533
0.558212 -0.451020 -5.134701 119 142 94 0 0.816607 0.015148 0.576995
0.502745 -0.449616 -5.039215 135 148 102 0 0.862574 -0.080207 0.499533
0.257710 -0.860348 -4.818753 39 38 38 0 0.618142 -0.762325 0.191732
0.407961 -0.671482 -4.926175 156 158 133 0 0.773584 -0.405521 0.486951
0.324410 -0.754330 -4.808221 35 34 28 0 0.780077 -0.623206 -0.055618
0.546978 -0.258643 -5.057469 122 139 99 0 0.822106 -0.346900 0.451445
0.560318 -0.292344 -5.109425 131 153 110 0 0.820144 -0.396536 0.412461
0.517490 -0.601973 -5.082043 130 149 109 0 0.711743 -0.086228 0.697128
0.600338 -0.484019 -5.199295 122 144 101 0 0.832034 0.023379 0.554231
0.515383 -0.466466 -5.065895 179 114 123 0 0.838844 0.001351 0.544370
0.545574 -0.411702 -5.116447 134 131 100 0 0.875645 0.031225 0.481944
0.524511 -0.455233 -5.081341 167 137 122 0 0.860200 -0.062737 0.506082
0.426216 -0.473488 -4.879836 122 140 89 0 0.990305 0.056098 0.127080
0.480278 -0.679205 -5.035704 135 148 113 0 0.838005 -0.015038 0.545455
0.572956 -0.356938 -5.165594 132 126 104 0 0.828614 0.093669 0.551929
0.606657 -0.358342 -5.199997 120 147 104 0 0.676080 -0.149736 0.721454
0.575765 -0.429255 -5.162786 111 134 84 0 0.844534 0.006778 0.535459
0.469044 -0.293748 -4.943026 151 151 120 0 0.620028 0.325393 0.713922
0.392515 -0.761351 -4.943026 144 169 127 0 0.801296 -0.244278 0.546126
0.376366 -0.702374 -4.872113 155 165 139 0 0.696298 -0.546018 0.465868
0.400940 -0.613909 -4.835604 151 170 125 0 0.935570 -0.253880 0.245464
0.467640 -0.637781 -5.013939 133 156 113 0 0.820505 -0.109304 0.561092
0.432535 -0.604782 -4.933898 142 156 115 0 0.769041 -0.215084 0.601926
0.459215 -0.410298 -4.963387 132 152 101 0 0.805563 -0.023571 0.592041
0.330027 -0.790840 -4.850348 155 173 136 0 0.854193 -0.228289 0.467160
0.556808 -0.686928 -5.138914 146 164 122 0 0.569212 0.252461 0.782471
0.405153 -0.617419 -4.860879 152 169 127 0 0.948937 -0.095812 0.300562
0.507660 -0.660950 -5.073618 132 152 111 0 0.723183 -0.230603 0.651021
0.570850 -0.276898 -5.113638 55 61 46 0 0.716628 -0.523754 0.460571
0.535042 -0.338683 -5.082043 126 120 87 0 0.902739 -0.167386 0.396289
0.426216 -0.389235 -4.891772 135 147 97 0 0.772582 -0.364426 0.519914
0.475363 -0.724140 -5.039215 137 158 116 0 0.816968 -0.176032 0.549159
0.471151 -0.403979 -4.980940 127 147 97 0 0.834974 -0.096288 0.541799
0.443768 -0.397660 -4.934601 133 151 100 0 0.843007 -0.174570 0.508788
0.583488 -0.546507 -5.164190 118 140 95 0 0.838005 0.015038 0.545455
0.419897 -0.488232 -4.850348 140 157 104 0 0.965202 -0.015783 0.261029
0.535042 -0.358342 -5.089064 122 143 87 0 0.900566 -0.078370 0.427597
0.617891 -0.575995 -5.218954 136 159 104 0 0.819568 -0.069841 0.568709
0.489405 -0.488232 -5.019556 129 152 99 0 0.846861 0.001346 0.531813
0.473257 -0.422936 -4.986557 128 148 100 0 0.846759 -0.048664 0.529746
0.475363 -0.408894 -4.989365 128 148 98 0 0.838366 -0.078285 0.539458
0.542766 -0.393447 -5.111532 162 127 108 0 0.883640 -0.047801 0.465721
0.535744 -0.287429 -5.058171 127 150 100 0 0.830300 -0.291306 0.475125
0.459215 -0.464360 -4.961983 127 142 93 0 0.870584 0.023017 0.491481
0.497129 -0.419425 -5.026577 131 153 101 0 0.845790 -0.190116 0.498492
0.538553 -0.363257 -5.096787 131 150 94 0 0.920470 -0.046355 0.388054
0.411471 -0.520529 -4.822263 146 147 117 0 0.832979 0.174970 0.524911
0.412876 -0.507189 -4.828582 131 146 100 0 0.892654 0.030874 0.449683
0.520298 -0.330258 -5.064490 65 67 51 0 0.855834 0.508374 -0.095409
0.449385 -0.534571 -4.937409 144 162 117 0 0.856294 -0.198756 0.476715
0.507660 -0.705885 -5.076426 142 157 112 0 0.750063 -0.006932 0.661331
0.492214 -0.611100 -5.044129 136 155 116 0 0.852630 -0.040075 0.520975
0.443066 -0.375895 -4.928282 134 150 100 0 0.874830 -0.134035 0.465519
0.435343 -0.507189 -4.897389 127 147 93 0 0.944563 -0.039623 0.325932
0.419897 -0.554932 -4.862986 144 160 114 0 0.974640 -0.189409 0.119165
0.447279 -0.451020 -4.940919 124 136 90 0 0.837491 -0.023378 0.545951
0.599636 -0.425042 -5.197891 124 146 102 0 0.785005 0.006898 0.619451
0.538553 -0.476998 -5.103106 117 120 86 0 0.792144 0.006888 0.610295
0.476065 -0.345704 -4.970408 136 149 110 0 0.857558 -0.173289 0.484320
0.375664 -0.676396 -4.829285 152 172 133 0 0.657622 -0.752971 0.023837
0.581381 -0.500870 -5.169105 114 134 85 0 0.858186 -0.006736 0.513295
0.515383 -0.412404 -5.058171 121 128 88 0 0.863912 -0.110317 0.491413
0.577169 -0.531762 -5.155764 119 140 94 0 0.847692 0.023281 0.529978
0.524511 -0.328853 -5.053959 128 144 99 0 0.916203 -0.063048 0.395724
0.601743 -0.570378 -5.194380 124 146 99 0 0.839965 -0.054689 0.539877
0.537851 -0.276898 -5.053257 129 151 102 0 0.777537 -0.373412 0.505965
0.501341 -0.493849 -5.043427 163 136 119 0 0.863912 -0.110317 0.491413
0.516788 -0.401170 -5.061682 126 145 93 0 0.901392 -0.063900 0.428263
0.372856 -0.696055 -4.832795 153 173 135 0 0.883869 -0.459388 0.087968
0.456406 -0.554932 -4.968302 138 156 110 0 0.924050 -0.214334 0.316533
0.501341 -0.567570 -5.053959 130 150 98 0 0.861761 -0.095120 0.498317
0.464130 -0.729757 -5.024470 134 155 111 0 0.720669 -0.080074 0.688639
0.444470 -0.427148 -4.937409 119 135 81 0 0.907943 0.038664 0.417307
0.372153 -0.690439 -4.840518 148 168 128 0 0.807678 -0.587786 0.046515
0.447279 -0.317620 -4.931090 28 27 24 0 -0.815945 0.403981 0.413561
0.465534 -0.544400 -4.987258 137 159 107 0 0.900577 -0.030686 0.433611
0.413578 -0.401873 -4.868603 77 77 70 0 0.498730 0.545749 0.673370
0.505554 -0.337981 -5.019556 124 134 91 0 0.900577 -0.030686 0.433611
0.439556 -0.524039 -4.909325 139 157 109 0 0.894975 -0.096039 0.435656
0.463427 -0.587229 -4.995684 121 134 83 0 0.877034 -0.149313 0.456637
0.454300 -0.577399 -4.973217 139 158 111 0 0.922257 -0.079435 0.378327
0.556106 -0.652525 -5.137509 131 152 109 0 0.804296 -0.064059 0.590766
0.401642 -0.653929 -4.888964 146 167 122 0 0.960106 -0.244938 0.134913
0.576467 -0.366767 -5.169806 131 137 107 0 0.851533 0.071782 0.519365
0.508362 -0.446105 -5.050448 130 143 96 0 0.893001 -0.014596 0.449818
0.434641 -0.417319 -4.916346 127 141 88 0 0.832196 0.127243 0.539684
0.420599 -0.424340 -4.872113 127 139 90 0 0.986936 0.062049 0.148684
0.516788 -0.271281 -5.011832 135 153 104 0 0.823101 -0.238469 0.515400
0.544170 -0.302173 -5.085554 124 146 94 0 0.885617 -0.268233 0.379122
0.355303 -0.745203 -4.865794 160 177 144 0 0.858142 -0.188880 0.477406
0.388302 -0.759245 -4.935303 150 170 128 0 0.833608 -0.317490 0.451994
0.567339 -0.373086 -5.155764 119 139 88 0 0.793758 0.119285 0.596423
0.596828 -0.587229 -5.186657 131 151 106 0 0.847295 -0.006757 0.531080
0.475363 -0.583016 -5.014641 130 153 102 0 0.881346 -0.102941 0.461120
0.450087 -0.348512 -4.931090 135 152 105 0 0.809418 -0.196638 0.553331
0.463427 -0.570378 -4.990769 164 145 134 0 0.881749 -0.136205 0.451627
0.589807 -0.583718 -5.176126 125 146 102 0 0.870489 0.039630 0.490590
0.516788 -0.538081 -5.072916 123 131 95 0 0.744305 -0.079799 0.663055
0.431833 -0.436978 -4.914942 127 141 88 0 0.673931 -0.189688 0.714028
0.402344 -0.630759 -4.860879 151 162 127 0 0.936863 -0.238753 0.255508
0.490810 -0.409596 -5.012535 130 151 100 0 0.865796 -0.086156 0.492925
0.631231 -0.514912 -5.238613 130 152 101 0 0.774362 0.015293 0.632558
0.400238 -0.644802 -4.871411 147 169 126 0 0.941856 -0.191121 0.276369
0.550489 -0.550719 -5.117148 124 144 101 0 0.734307 -0.006941 0.678782
0.353197 -0.741692 -4.874921 160 179 151 0 -0.080009 -0.915355 -0.394620
0.561020 -0.269174 -5.091873 113 131 94 0 0.715133 -0.580326 0.389624
0.437449 -0.696758 -4.983046 142 165 122 0 0.824678 -0.150077 0.545328
0.391110 -0.789436 -4.949345 146 165 126 0 0.774370 -0.346132 0.529663
0.573658 -0.576697 -5.149446 127 148 104 0 0.810309 -0.094222 0.578378
0.588402 -0.396958 -5.183146 118 139 96 0 0.833613 0.063473 0.548690
0.360920 -0.773287 -4.899495 148 170 128 0 0.834524 -0.207495 0.510408
0.534340 -0.299365 -5.060980 127 146 98 0 0.900993 -0.261008 0.346536
0.312474 -0.776096 -4.819455 134 127 115 0 0.428670 -0.635499 0.642171
0.540659 -0.551421 -5.105213 126 148 103 0 0.736065 -0.079849 0.672185
0.424812 -0.573889 -4.893878 139 161 117 0 0.925371 -0.220326 0.308457
0.506256 -0.648312 -5.068001 131 152 107 0 0.792378 0.015211 0.609841
0.491512 -0.666567 -5.053257 129 149 106 0 0.823205 -0.127663 0.553205
0.611572 -0.559847 -5.209125 122 145 90 0 0.789869 0.064275 0.609899
0.382685 -0.670780 -4.806817 44 34 35 0 0.858963 -0.461824 -0.221134
0.425514 -0.451722 -4.884049 124 145 95 0 0.988395 0.071183 0.134198
0.572254 -0.290940 -5.133999 135 155 120 0 0.739433 -0.542688 0.398408
0.383387 -0.700268 -4.895283 154 171 135 0 0.910609 -0.221499 0.348898
0.433237 -0.373788 -4.907920 135 149 97 0 0.866692 -0.119296 0.484370
0.379175 -0.717821 -4.898793 165 160 148 0 0.883256 -0.088186 0.460525
0.605955 -0.575995 -5.201401 126 149 98 0 0.862174 0.001337 0.506611
0.550489 -0.386426 -5.126276 164 109 106 0 0.874442 -0.014776 0.484905
0.575062 -0.474892 -5.159977 118 138 89 0 0.870237 0.031323 0.491636
0.535042 -0.417319 -5.098894 180 106 114 0 0.823898 0.072571 0.562072
0.499235 -0.557740 -5.050448 126 147 97 0 0.822562 -0.023502 0.568190
0.490810 -0.353427 -4.996386 130 148 102 0 0.848093 -0.173777 0.500539
0.390408 -0.707289 -4.939516 51 49 36 0 0.515400 0.238469 0.823101
0.484491 -0.684822 -5.047640 135 154 114 0 0.880355 -0.167340 0.443815
0.457108 -0.517720 -4.953557 131 151 99 0 0.915238 0.001287 0.402911
0.604551 -0.397660 -5.202806 120 146 103 0 0.722162 -0.023838 0.691313
0.404450 -0.592846 -4.813136 151 164 120 0 0.682402 0.196519 0.704065
0.554701 -0.622334 -5.129786 136 156 118 0 0.736314 -0.126951 0.664624
0.549787 -0.500870 -5.118553 120 130 93 0 0.815569 0.001362 0.578659
0.440258 -0.403979 -4.928282 118 137 81 0 0.871459 -0.085879 0.482892
0.428322 -0.365363 -4.907920 128 141 93 0 0.141896 0.167010 0.975691
0.464832 -0.308492 -4.939516 141 157 108 0 0.799496 -0.183565 0.571935
0.627720 -0.552123 -5.233698 135 156 105 0 0.792144 -0.006888 0.610295
0.327219 -0.774691 -4.813838 115 116 100 0 0.809742 -0.318509 0.492818
0.421301 -0.394149 -4.881943 132 142 94 0 0.926425 0.119053 0.357159
0.353197 -0.821733 -4.911431 157 176 140 0 0.715372 -0.350353 0.604563
0.450789 -0.773989 -5.013939 141 161 128 0 0.642023 -0.104310 0.759556
0.387600 -0.656737 -4.814540 159 174 137 0 0.920487 -0.357267 -0.158318
0.450789 -0.505784 -4.939516 128 147 92 0 0.920595 0.001280 0.390517
0.498533 -0.756437 -5.064490 86 88 75 0 0.649606 -0.301430 0.697963
0.416386 -0.796457 -4.980940 154 171 132 0 0.680829 -0.244846 0.690306
0.565233 -0.432063 -5.146637 114 137 91 0 0.797967 0.103575 0.593734
0.371451 -0.730459 -4.882645 148 169 141 0 0.844518 -0.309501 0.437034
0.525213 -0.710800 -5.099596 140 161 116 0 0.896137 -0.072734 0.437776
0.391812 -0.665865 -4.867900 152 170 132 0 0.825411 -0.500202 0.261716
0.523107 -0.400468 -5.073618 132 151 94 0 0.903110 -0.086864 0.420532
0.521702 -0.469977 -5.077128 134 140 103 0 0.886806 -0.093864 0.452509
0.561722 -0.276898 -5.107319 116 116 104 0 0.609135 0.792016 0.040797
0.509064 -0.403277 -5.045534 125 133 91 0 0.856642 -0.182612 0.482511
0.579275 -0.649716 -5.165594 141 161 115 0 0.836498 -0.046084 0.546028
0.305453 -0.838583 -4.867900 104 95 90 0 0.284962 -0.804507 0.521119
0.419195 -0.429957 -4.864390 131 144 95 0 0.977512 0.046892 0.205602
0.506958 -0.470679 -5.052555 143 147 114 0 0.887417 -0.039290 0.459289
0.552595 -0.267770 -5.070809 135 154 111 0 0.775444 -0.395037 0.492577
0.489405 -0.344300 -4.990769 136 146 106 0 0.821874 -0.093887 0.561879
0.542063 -0.328853 -5.095383 132 137 96 0 0.904456 -0.134046 0.404959
0.413578 -0.604782 -4.885453 140 159 112 0 0.933508 -0.246401 0.260481
0.425514 -0.526848 -4.864390 137 155 103 0 0.942031 -0.047812 0.332101
0.414982 -0.552826 -4.846837 146 163 116 0 0.900566 -0.078370 0.427597
0.500639 -0.406085 -5.029385 127 148 97 0 0.872073 -0.071161 0.484175
0.441662 -0.569676 -4.939516 142 162 121 0 0.859475 -0.071506 0.506151
0.536447 -0.401873 -5.101000 133 144 92 0 0.895622 -0.039057 0.443097
0.523809 -0.663056 -5.096787 133 154 112 0 0.798609 0.023611 0.601387
0.319495 -0.770479 -4.831391 149 171 136 0 0.924050 0.214334 0.316533
0.546978 -0.438382 -5.117851 115 138 84 0 0.842523 0.006784 0.538618
0.512575 -0.626547 -5.077830 135 156 117 0 0.879461 -0.022896 0.475421
0.439556 -0.545805 -4.916346 138 157 111 0 0.939247 -0.203943 0.276086
0.530830 -0.712906 -5.108021 141 160 115 0 0.834455 0.054695 0.548356
0.478172 -0.475594 -4.996386 129 152 95 0 0.867700 -0.086065 0.489580
0.547680 -0.449616 -5.119255 118 142 92 0 0.826370 0.001357 0.563126
0.337750 -0.738182 -4.833497 158 177 136 0 0.804600 -0.462285 0.372707
0.469044 -0.488232 -4.978131 127 148 94 0 0.908232 0.022409 0.417866
0.580679 -0.481913 -5.168402 114 137 90 0 0.839123 0.072167 0.539133
0.434641 -0.656737 -4.968302 134 156 109 0 0.624544 -0.285917 0.726771
0.371451 -0.710098 -4.855965 150 164 129 0 -0.365559 -0.624564 0.690135
0.509766 -0.276195 -5.002705 138 157 104 0 0.839887 -0.260442 0.476193
0.398834 -0.629355 -4.848944 146 165 126 0 0.907954 -0.291895 0.300695
0.556106 -0.701672 -5.139616 56 57 52 0 0.807109 -0.125419 0.576928
0.537851 -0.267770 -5.046938 131 153 101 0 0.804251 -0.342404 0.485736
0.401642 -0.663759 -4.909325 146 166 133 0 0.869032 -0.489615 0.071141
0.411471 -0.574591 -4.843327 145 164 118 0 0.975101 -0.126751 0.181969
0.546276 -0.325343 -5.102404 124 141 92 0 0.901379 -0.180276 0.393722
0.433237 -0.622334 -4.948643 145 166 128 0 0.895622 -0.039057 0.443097
0.405153 -0.603377 -4.851752 148 167 120 0 0.906277 -0.318739 0.277611
0.604551 -0.517018 -5.201401 118 142 92 0 0.824888 0.054993 0.562616
0.476767 -0.593548 -5.019556 129 152 102 0 0.837097 -0.040258 0.545571
0.242264 -0.864561 -4.800498 190 180 169 0 -0.371726 -0.908505 -0.190887
0.492214 -0.276898 -4.973217 147 160 114 0 0.821582 0.006835 0.570049
0.221200 -0.870178 -4.781541 134 109 113 0 0.284920 -0.955320 0.078643
0.414982 -0.618122 -4.907920 139 162 117 0 0.917114 -0.270079 0.293188
0.373558 -0.796457 -4.926877 153 172 128 0 0.822183 -0.245267 0.513672
0.304049 -0.791542 -4.820157 28 24 22 0 0.719565 -0.554148 0.418506
0.529425 -0.326045 -5.064490 127 143 97 0 0.897156 -0.159335 0.411974
0.414982 -0.562655 -4.848241 142 160 113 0 0.936169 -0.300961 0.181686
0.594721 -0.481913 -5.191572 121 138 96 0 0.818162 0.063808 0.571437
0.428322 -0.379405 -4.899495 142 157 106 0 0.893616 -0.111174 0.434846
0.561020 -0.487530 -5.135403 114 138 91 0 0.841263 0.040192 0.539129
0.489405 -0.306386 -4.978131 131 148 97 0 0.831167 -0.261578 0.490652
0.430428 -0.663056 -4.961983 140 163 122 0 0.830457 -0.143080 0.538396
0.473257 -0.380107 -4.978131 132 151 107 0 0.797967 -0.103575 0.593734
0.410067 -0.755032 -4.963387 145 161 123 0 0.585698 -0.134933 0.799219
0.404450 -0.797159 -4.969706 159 175 132 0 0.593128 -0.119214 0.796233
0.587700 -0.347810 -5.183146 118 143 108 0 0.599667 -0.070128 0.797171
0.372856 -0.746607 -4.900198 147 165 135 0 0.862884 -0.427637 0.269366
0.344069 -0.825945 -4.912133 132 121 114 0 0.087163 -0.532982 -0.841625
