0.38141501 0.06947700 -4.47185707 92 78 70 0.000000 0.794827 0.443362 -0.414342
0.38141501 0.00199700 -4.48273993 87 80 65 0.000000 0.782789 -0.158368 -0.601798
0.36472601 -0.01251500 -4.50886202 95 54 40 0.000000 0.956075 -0.292169 -0.023622
0.36617699 0.00127200 -4.52845287 108 63 45 0.000000 0.947621 -0.315874 -0.047317
0.37488401 -0.00961200 -4.48564291 44 38 28 0.000000 0.762485 -0.460770 -0.454211
0.36980501 0.02231400 -4.52264786 106 72 53 0.000000 0.959902 -0.270807 -0.072469
0.36472601 -0.02485000 -4.49434996 77 77 69 0.000000 0.855991 -0.277163 -0.436417
0.37198201 -0.01614300 -4.48709393 63 59 45 0.000000 0.704518 -0.333548 -0.626419
0.36399999 -0.01831900 -4.51103878 60 31 24 0.000000 0.960546 -0.030985 0.276389
0.36690301 0.01215500 -4.52627611 106 59 41 0.000000 0.996241 -0.086305 0.007458
0.37633500 0.08544000 -4.46895409 55 46 44 0.000000 0.885524 0.394393 -0.245565
0.36109799 -0.02267300 -4.50378323 91 81 72 0.000000 0.981675 -0.125918 0.143034
0.36762801 0.01288100 -4.52845287 105 57 36 0.000000 0.988665 -0.150135 0.001112
0.36327499 -0.02557500 -4.49652719 79 80 75 0.000000 0.810178 -0.342217 -0.475920
0.37996301 0.07092800 -4.47185707 105 89 80 0.000000 0.639558 0.558559 -0.528184
0.36617699 -0.01614300 -4.49434996 68 39 31 0.000000 0.869519 -0.284764 -0.403542
0.36980501 0.02013700 -4.51829481 102 66 49 0.000000 0.975029 -0.221544 -0.015401
0.32844600 -0.03428300 -4.52554989 91 84 55 0.000000 -0.682131 -0.659448 0.315952
0.36545199 0.00272300 -4.54151297 103 86 63 0.000000 0.989311 -0.094609 0.110962
0.36109799 -0.02122200 -4.50595999 106 99 90 0.000000 0.968200 -0.237341 0.079114
0.36762801 0.02666700 -4.53280592 105 89 71 0.000000 0.292252 0.046811 -0.955195
0.37198201 0.06004500 -4.51321602 46 45 37 0.000000 0.443204 0.633865 -0.633865
0.36399999 -0.02267300 -4.49652719 111 107 97 0.000000 0.826687 -0.238615 -0.509560
0.36399999 -0.00090500 -4.53643513 107 83 58 0.000000 0.969329 -0.173784 0.173784
0.36545199 -0.02122200 -4.51829481 95 87 76 0.000000 0.926571 -0.370894 0.062480
0.36254901 -0.01904500 -4.50886202 108 98 84 0.000000 0.970932 -0.157345 0.180371
0.36545199 -0.02194700 -4.49362421 119 116 105 0.000000 0.909800 -0.166583 -0.380151
0.36908001 0.02013700 -4.53353214 88 59 54 0.000000 0.950267 -0.143008 -0.276660
0.34803700 -0.02485000 -4.53715992 125 133 89 0.000000 0.001379 -0.665988 0.745961
0.38649401 0.01360700 -4.47911310 48 39 24 0.000000 0.609379 0.001369 -0.792878
0.37851200 0.07745900 -4.46967983 63 52 47 0.000000 0.810178 0.342217 -0.475920
0.37996301 -0.00308200 -4.48346615 50 49 42 0.000000 0.687207 -0.705574 -0.172950
0.36472601 -0.00235600 -4.52554989 108 64 47 0.000000 0.982462 -0.182373 -0.038828
0.36109799 -0.02557500 -4.49942923 34 29 25 0.000000 0.653921 -0.380493 -0.653921
0.36545199 -0.01178900 -4.51539183 102 66 54 0.000000 0.992918 0.016494 0.117655
0.36472601 -0.01614300 -4.49652719 78 43 32 0.000000 0.889322 -0.357223 -0.285480
0.37415901 0.07383100 -4.49870300 46 40 35 0.000000 0.844534 0.535459 0.006778
0.37778699 0.05496500 -4.51829481 107 90 69 0.000000 0.369808 0.616347 -0.695240
0.36908001 0.01723500 -4.53280592 96 66 57 0.000000 0.926753 -0.175256 -0.332285
0.36545199 -0.01904500 -4.51756907 87 79 68 0.000000 0.957962 -0.038819 0.284258
0.36762801 0.00852700 -4.53063011 105 59 37 0.000000 0.982957 -0.183224 -0.014981
0.34658599 -0.02049600 -4.53353214 63 72 42 0.000000 0.227927 -0.219738 0.948559
0.33134899 -0.03500800 -4.51829481 89 79 48 0.000000 -0.862708 -0.433636 0.260182
0.36327499 -0.01033800 -4.53715992 65 66 43 0.000000 0.721242 -0.166206 -0.672448
0.36545199 0.00054600 -4.52337408 117 72 53 0.000000 0.948461 -0.315309 -0.031658
0.36908001 -0.01831900 -4.48854494 81 76 62 0.000000 0.707165 -0.315554 -0.632727
0.36762801 0.00562500 -4.52554989 110 63 41 0.000000 0.963431 -0.267822 0.008483
0.35964701 -0.02485000 -4.50233221 40 17 11 0.000000 0.824259 -0.389101 -0.411336
0.36762801 0.01070400 -4.52845287 106 60 39 0.000000 0.996387 0.055536 0.064248
0.33207399 -0.03718500 -4.51902008 96 88 59 0.000000 -0.763333 -0.642124 -0.070706
0.37778699 0.08108700 -4.46822882 39 33 33 0.000000 0.902537 0.347807 -0.253884
0.37198201 -0.04226400 -4.55312300 118 100 86 0.000000 0.111275 -0.939801 0.323098
0.33860499 -0.03355700 -4.54369020 83 88 38 0.000000 0.126662 0.639269 -0.758480
0.34223300 -0.02557500 -4.53933716 85 94 47 0.000000 -0.548415 -0.669166 0.501456
0.32917199 -0.03355700 -4.53135490 67 41 49 0.000000 0.080207 -0.862574 -0.499533
0.36545199 0.00272300 -4.54151297 103 86 63 0.000000 0.989311 -0.094609 0.110962
0.36617699 0.00127200 -4.52845287 108 63 45 0.000000 0.947621 -0.315874 -0.047317
0.36327499 -0.02557500 -4.49652719 79 80 75 0.000000 0.810178 -0.342217 -0.475920
0.36908001 0.02013700 -4.53353214 88 59 54 0.000000 0.950267 -0.143008 -0.276660
0.36109799 -0.02267300 -4.50378323 91 81 72 0.000000 0.981675 -0.125918 0.143034
0.38141501 0.00199700 -4.48273993 87 80 65 0.000000 0.782789 -0.158368 -0.601798
0.36617699 -0.01614300 -4.49434996 68 39 31 0.000000 0.869519 -0.284764 -0.403542
