-2.523171 0.322796 -6.072170 44 36 31 0 -0.513995 -0.071819 0.854781
-2.311261 0.067508 -6.158925 92 120 70 0 0.261603 -0.275898 0.924902
-2.649038 0.055419 -6.149681 75 89 41 0 0.604025 -0.229436 -0.763225
-2.340416 0.241019 -6.080703 98 86 67 0 0.444473 -0.261185 0.856870
-2.481927 0.132930 -6.120525 92 100 61 0 0.197247 0.300767 -0.933077
-2.498994 -0.024225 -6.183814 63 32 31 0 0.150340 -0.054775 -0.987116
-2.619882 0.202619 -6.122658 101 110 87 0 -0.309751 -0.047164 0.949647
-2.413661 0.312130 -6.025237 102 113 80 0 0.318770 0.324756 0.890460
-2.391616 -0.017825 -6.168880 88 70 59 0 0.372162 0.111237 0.921478
-2.464149 0.233908 -6.074303 68 88 45 0 -0.310312 -0.292664 0.904464
-2.374550 0.147152 -6.107725 84 113 55 0 0.197087 -0.330368 0.923046
-2.469838 0.389640 -6.010303 104 110 92 0 0.994694 -0.007560 -0.102601
-2.543793 0.066086 -6.149681 87 116 55 0 0.221631 -0.354900 0.908254
-2.455616 0.048308 -6.148258 73 85 40 0 0.064063 0.434809 -0.898241
-2.546638 0.242441 -6.098481 78 101 48 0 -0.246407 -0.181776 0.951967
-2.583616 -0.004314 -6.166036 56 59 32 0 0.695473 -0.609977 0.379797
-2.603527 0.122263 -6.136880 94 117 57 0 -0.212380 -0.267904 0.939746
-2.303439 0.155686 -6.143281 102 111 71 0 0.931992 0.008900 0.362371
-2.552327 0.171330 -6.114836 80 106 51 0 -0.172753 -0.428253 0.886992
-2.377394 0.078175 -6.139014 81 105 52 0 0.038913 -0.433406 0.900358
-2.399438 0.205463 -6.079281 77 106 49 0 0.047407 -0.442914 0.895310
-2.664682 0.120130 -6.139725 53 51 47 0 0.752693 -0.284846 0.593562
-2.466283 0.294352 -6.050125 72 92 44 0 -0.698384 0.064799 0.712784
-2.425750 0.110175 -6.119814 74 98 46 0 -0.063900 -0.428263 0.901392
-2.347527 0.021286 -6.160347 90 115 77 0 0.255508 -0.238753 0.936863
-2.413661 0.256663 -6.054392 78 106 45 0 -0.301144 -0.466539 0.831657
-2.500416 0.194085 -6.100614 79 100 49 0 0.127582 0.228101 -0.965242
-2.535260 -0.054092 -6.217236 94 107 60 0 0.206064 0.726648 -0.655378
-2.331172 0.191241 -6.109147 114 129 84 0 0.647752 -0.323064 0.689961
-2.531705 0.013464 -6.158925 83 108 52 0 0.403449 0.302203 0.863656
-2.597838 0.254530 -6.113414 67 55 46 0 0.974541 -0.223059 -0.022664
-2.444238 -0.006447 -6.163191 82 83 61 0 0.308766 0.008680 0.951098
-2.533127 0.116575 -6.133325 72 93 38 0 0.134748 0.078506 -0.987765
-2.596416 0.053286 -6.150392 89 114 59 0 -0.196266 -0.212287 0.957295
-2.446372 0.184841 -6.089236 64 92 37 0 -0.119111 -0.309154 0.943523
-2.479794 0.343418 -6.045147 111 125 88 0 0.767790 -0.347526 -0.538261
-2.510371 0.270885 -6.078569 81 103 52 0 0.047110 0.426685 -0.903172
-2.404416 0.028397 -6.154658 72 103 42 0 -0.143948 -0.110078 0.983444
-2.489749 0.088841 -6.141147 92 99 58 0 0.094052 0.380296 -0.920070
-2.442816 0.344129 -6.002481 63 70 57 0 0.322619 0.823073 -0.467405
-2.336861 0.122263 -6.131192 91 120 65 0 0.397553 -0.419906 0.815862
-2.633393 0.159241 -6.129769 82 101 58 0 -0.207914 -0.420252 0.883267
-2.371705 0.273730 -6.055103 98 90 57 0 0.135434 -0.381171 0.914531
-2.490460 0.024842 -6.172436 103 82 83 0 -0.103518 0.912341 -0.396130
-2.551616 0.286530 -6.084970 80 85 55 0 -0.817938 0.564246 0.112266
-2.420772 0.151419 -6.101325 69 93 38 0 0.387064 -0.009001 0.922009
-2.287083 0.117286 -6.155369 70 65 52 0 0.111853 -0.079566 0.990534
-2.421483 0.071064 -6.139014 69 97 43 0 -0.096288 -0.541799 0.834974
-2.626993 0.088841 -6.147547 93 116 72 0 0.078677 -0.228538 0.970351
-2.591438 0.166352 -6.120525 73 95 54 0 0.046355 -0.388054 0.920470
-2.387350 0.110886 -6.120525 80 108 49 0 -0.040652 -0.378984 0.924510
-2.567260 0.102352 -6.142570 85 111 52 0 0.080215 -0.263562 0.961302
-2.534549 -0.022803 -6.195191 58 45 42 0 -0.310547 0.483948 -0.818141
-2.340416 0.083153 -6.141858 85 115 51 0 0.477406 -0.188880 0.858142
-2.507527 0.229641 -6.092792 79 101 48 0 0.104599 0.676210 -0.729246
-2.502549 0.056130 -6.158925 84 88 48 0 0.031683 0.530352 -0.847185
-2.373838 0.236041 -6.067903 89 119 50 0 0.355853 -0.238700 0.903544
-2.585038 0.202619 -6.113414 81 106 56 0 -0.166843 -0.166843 0.971765
-2.563704 0.135775 -6.129769 77 98 45 0 0.722810 0.534251 -0.438317
-2.455616 0.322085 -6.026659 79 106 49 0 0.476193 0.260442 -0.839887
-2.518194 0.163508 -6.112703 78 99 50 0 0.024387 0.062558 0.997743
-2.457749 0.097375 -6.129769 74 86 42 0 0.340528 0.269769 -0.900703
-2.362461 0.181286 -6.097058 94 122 68 0 0.414110 -0.499223 0.761111
-2.315528 0.027686 -6.171725 72 70 56 0 0.571935 -0.183565 0.799496
-2.457038 0.151419 -6.105592 76 95 45 0 0.293961 0.934824 -0.199225
-2.545927 0.204041 -6.106303 78 105 48 0 -0.040479 -0.158447 0.986537
-2.434994 0.285819 -6.041592 79 103 47 0 -0.078436 -0.346980 0.934587
-2.338994 0.152841 -6.119814 102 129 70 0 0.539637 -0.278472 0.794509
-2.471972 0.264485 -6.065770 69 86 47 0 -0.317196 -0.356656 0.878740
-2.661126 0.084575 -6.156792 51 45 39 0 -0.230830 -0.895384 0.380795
-2.567260 0.023419 -6.163903 59 52 44 0 0.940146 0.016449 0.340376
-2.366016 0.209019 -6.082836 94 122 63 0 0.221096 -0.315240 0.922898
-2.337572 0.051864 -6.153236 86 114 58 0 0.254009 -0.229025 0.939695
-2.501127 0.297907 -6.067192 67 91 35 0 -0.571006 -0.389995 0.722396
-2.288506 0.088130 -6.164614 101 113 74 0 0.644229 0.731582 -0.223062
-2.513216 0.002797 -6.184525 104 86 59 0 0.538155 0.571896 -0.619132
-2.405127 0.281552 -6.039459 79 107 46 0 0.079784 -0.482906 0.872030
-2.517483 -0.049114 -6.193769 114 85 69 0 0.745076 0.373353 -0.552693
-2.610638 0.027686 -6.156080 43 39 27 0 0.995898 0.087587 -0.022708
-2.577927 0.276574 -6.111280 66 60 46 0 -0.718949 -0.570882 0.396492
-2.385927 0.051153 -6.149681 76 104 44 0 0.119111 -0.309154 0.943523
-2.477660 0.369729 -6.031636 63 66 63 0 0.477494 -0.825047 -0.302152
-2.473394 -0.002181 -6.161769 72 85 52 0 0.330546 -0.433940 0.838114
-2.577927 0.233196 -6.109859 72 98 49 0 -0.246531 -0.221740 0.943427
-2.314105 0.108752 -6.143991 90 118 62 0 0.387538 -0.054602 0.920235
-2.444238 0.021997 -6.156080 65 95 38 0 -0.007358 -0.070423 0.997490
-2.576504 0.074619 -6.148969 89 116 63 0 0.119575 -0.197613 0.972960
-2.402283 0.172041 -6.093503 83 111 50 0 0.324279 -0.183898 0.927914
-2.380239 0.013464 -6.158925 77 105 52 0 0.342426 -0.589103 0.731916
-2.361750 0.103775 -6.129769 85 115 56 0 0.190420 -0.269875 0.943879
-2.517483 0.093108 -6.140436 80 94 51 0 -0.167961 0.603751 -0.779278
-2.479794 0.167774 -6.104881 80 96 49 0 0.196766 0.403736 -0.893466
-2.631971 0.132219 -6.135458 90 113 63 0 -0.397663 -0.229137 0.888460
-2.410105 0.002086 -6.163903 80 104 54 0 0.157774 -0.276441 0.947991
-2.314105 0.188397 -6.130480 97 98 71 0 0.688218 -0.086210 0.720364
-2.425038 0.214708 -6.075725 73 100 46 0 0.015898 0.071012 0.997349
-2.486194 0.317818 -6.052258 83 110 52 0 0.570236 0.509680 -0.644249
-2.424327 0.046886 -6.151814 73 97 46 0 -0.048557 -0.514705 0.855991
-2.478372 0.063241 -6.146836 90 97 57 0 0.505696 -0.126062 0.853452
-2.469127 0.199774 -6.089236 82 99 55 0 0.769804 0.405246 -0.493130
-2.624149 0.061108 -6.158214 95 117 67 0 -0.306907 -0.229823 0.923575
-2.462727 0.364041 -6.007459 124 152 115 0 0.876016 0.394888 -0.276875
-2.447083 0.250974 -6.063636 70 96 39 0 -0.348424 -0.173507 0.921138
-2.297039 0.053286 -6.175992 89 84 72 0 0.842216 -0.197371 0.501714
-2.526016 0.296485 -6.075725 84 104 54 0 -0.103326 -0.197938 0.974753
-2.508238 0.132219 -6.119814 73 99 38 0 -0.064381 -0.442446 0.894481
-2.454905 0.128663 -6.118392 72 94 41 0 -0.077817 -0.331052 0.940398
-2.355350 -0.002892 -6.166036 76 70 65 0 -0.284805 -0.198669 0.937772
-2.506105 0.008486 -6.159636 66 65 43 0 0.706887 0.444091 0.550540
-2.560860 0.046886 -6.152525 83 114 54 0 0.270992 -0.276727 0.921946
-2.341839 0.218263 -6.090658 107 132 82 0 0.484875 -0.652652 0.582186
-2.527438 0.048308 -6.155369 83 108 51 0 -0.055148 -0.229169 0.971823
-2.361038 0.057553 -6.147547 81 110 56 0 -0.054221 -0.276148 0.959584
-2.489749 0.108041 -6.125503 61 85 29 0 -0.261716 -0.500202 0.825411
-2.358905 0.126530 -6.120525 90 119 61 0 0.269441 -0.389861 0.880574
-2.590016 0.140752 -6.128347 81 105 53 0 -0.292379 -0.174329 0.940279
-2.393749 0.132219 -6.110569 81 109 57 0 0.119422 -0.363757 0.923807
-2.598549 0.084575 -6.146125 91 120 70 0 0.024174 -0.339702 0.940223
-2.304150 0.131508 -6.141858 106 130 82 0 0.460256 -0.198104 0.865401
-2.615616 0.225374 -6.115547 69 64 50 0 0.119056 0.007646 0.992858
-2.539527 0.137908 -6.124792 73 97 42 0 -0.648395 -0.244528 0.720965
-2.652593 0.149286 -6.139725 77 80 58 0 -0.690128 -0.286619 0.664509
-2.619882 0.177019 -6.122658 89 107 70 0 -0.284394 -0.214346 0.934439
-2.526727 0.184841 -6.108436 80 104 54 0 0.221499 -0.348898 0.910609
-2.447083 0.208308 -6.079992 68 93 36 0 0.103706 0.244540 0.964077
-2.648327 0.104486 -6.145414 109 122 88 0 0.119969 -0.373696 0.919760
-2.564416 0.255952 -6.103458 69 89 39 0 -0.412022 0.009098 0.911128
-2.472683 0.026975 -6.158214 74 86 44 0 0.412365 0.055072 0.909353
-2.443527 0.074619 -6.136880 69 89 39 0 0.430015 0.692341 -0.579441
-2.483349 0.228219 -6.084259 74 97 48 0 -0.016716 0.134846 -0.990726
-2.418638 0.194797 -6.083547 74 102 48 0 0.245436 -0.332572 0.910581
-2.431438 0.330618 -6.015992 87 104 56 0 0.657969 0.696391 -0.286561
-2.551616 0.086708 -6.143991 92 117 53 0 0.110586 -0.261504 0.958847
-2.440683 0.229641 -6.071458 64 93 34 0 -0.255508 -0.238753 0.936863
-2.393039 0.225374 -6.069325 80 110 54 0 0.196766 -0.403736 0.893466
-2.491883 0.275863 -6.067903 76 95 49 0 0.078506 0.134748 0.987765
-2.610638 0.157819 -6.127636 76 93 45 0 0.056734 0.493998 -0.867610
-2.417216 0.091686 -6.127636 71 99 46 0 0.190987 -0.506793 0.840645
-2.491171 0.152130 -6.114836 79 93 52 0 0.245847 0.426839 -0.870269
-2.467705 0.079597 -6.137592 81 94 50 0 0.118308 0.118308 -0.985904
-2.586460 0.019864 -6.154658 48 49 33 0 0.111320 0.443870 0.889150
-2.507527 0.250263 -6.084259 69 94 38 0 -0.521911 -0.419833 0.742529
-2.503971 0.034797 -6.156080 75 94 47 0 0.261216 -0.214225 0.941209
-2.590016 0.105908 -6.140436 93 121 62 0 -0.276736 -0.175857 0.944718
-2.383083 0.251685 -6.056525 82 112 54 0 0.110909 -0.270095 0.956424
-2.397305 0.070353 -6.139014 74 101 46 0 0.071078 -0.382214 0.921336
-2.327616 0.170619 -6.121236 103 125 71 0 0.484237 -0.317041 0.815475
-2.437127 0.266619 -6.053681 72 101 39 0 -0.261578 -0.490652 0.831167
-2.419349 0.132930 -6.111280 71 101 40 0 0.001346 -0.531813 0.846861
-2.381661 -0.000758 -6.175992 68 61 53 0 -0.435640 -0.863690 0.253491
-2.500416 0.173463 -6.107725 78 97 50 0 0.207024 0.372064 -0.904826
-2.485483 -0.009292 -6.178125 71 51 52 0 0.641129 -0.149345 -0.752761
-2.362461 0.034086 -6.153236 78 108 49 0 0.070466 -0.079414 0.994348
-2.506105 0.317818 -6.061503 75 91 41 0 -0.372531 -0.070767 0.925318
-2.308417 0.087419 -6.153947 96 121 70 0 0.427419 -0.182346 0.885473
-2.576504 0.184130 -6.114125 83 108 61 0 0.158221 -0.191666 0.968623
-2.329039 0.012753 -6.168880 81 76 65 0 0.570236 -0.644249 0.509680
-2.481927 0.047597 -6.158925 81 80 51 0 0.636647 0.692007 -0.340305
-2.382372 0.287952 -6.045858 88 81 58 0 0.421332 -0.072267 0.904023
-2.553038 0.113019 -6.133325 78 90 46 0 0.796517 0.214151 -0.565420
-2.383794 0.179152 -6.092792 86 113 56 0 0.070518 -0.457677 0.886318
-2.528149 -0.038447 -6.206569 65 47 40 0 0.573858 0.015138 -0.818815
-2.441394 0.308574 -6.028081 66 94 31 0 -0.355889 -0.467603 0.809129
-2.535971 0.226085 -6.100614 70 98 39 0 -0.348259 -0.109763 0.930950
-2.544505 0.301463 -6.071458 81 91 55 0 0.117869 0.244805 -0.962381
-2.580771 0.042619 -6.155369 84 113 56 0 0.079201 -0.371844 0.924911
-2.540238 0.270885 -6.087814 69 95 33 0 -0.333355 -0.427258 0.840431
-2.466994 0.314974 -6.040881 79 102 48 0 0.773429 0.633061 0.032285
-2.563704 0.006353 -6.155369 58 51 37 0 -0.070895 0.736439 0.672779
-2.627704 0.114441 -6.141858 98 120 72 0 -0.086905 -0.189722 0.977984
-2.451349 0.168486 -6.098481 64 89 37 0 -0.314862 -0.608734 0.728220
-2.358194 0.262352 -6.062925 93 95 63 0 0.921583 0.253686 0.293817
-2.513216 -0.014981 -6.193058 88 58 52 0 0.175140 0.625935 -0.759955
-2.465572 0.338441 -6.025237 122 148 101 0 0.509784 0.395774 -0.763861
-2.387350 0.159952 -6.101325 83 113 53 0 0.157914 -0.308962 0.937873
-2.513216 0.070353 -6.151814 81 93 46 0 0.174892 0.267083 -0.947671
-2.343972 0.177019 -6.108436 103 121 71 0 0.381183 -0.412816 0.827214
-2.361038 0.160663 -6.107014 93 122 68 0 0.244717 -0.350223 0.904133
-2.562994 0.279419 -6.098481 52 50 30 0 -0.134630 -0.420897 0.897062
-2.318372 0.154975 -6.131903 100 124 75 0 0.571848 -0.072729 0.817129
-2.450638 0.297196 -6.039459 68 89 40 0 -0.015211 -0.609841 0.792378
-2.523882 0.260930 -6.086392 75 101 37 0 -0.498528 -0.472028 0.727089
-2.646904 0.078175 -6.146836 51 52 35 0 -0.056675 0.869472 0.490720
-2.600682 0.214708 -6.116970 91 112 69 0 -0.339362 0.109515 0.934259
-2.395883 0.095952 -6.126925 81 109 48 0 0.039504 -0.480863 0.875906
-2.451349 0.277996 -6.052258 67 91 32 0 -0.213925 -0.570981 0.792601
-2.378105 0.195508 -6.087103 90 119 60 0 0.119111 -0.309154 0.943523
-2.619171 0.045464 -6.150392 70 84 32 0 0.395581 0.263219 -0.879904
-2.607082 0.189108 -6.119103 86 109 62 0 -0.293883 0.150327 0.943946
-2.427172 0.017019 -6.158214 70 100 41 0 0.070466 -0.079414 0.994348
-2.444238 0.106619 -6.122658 72 84 39 0 -0.253880 0.245464 -0.935570
-2.539527 0.099508 -6.141147 78 105 43 0 0.023682 -0.300391 0.953522
-2.636949 0.046886 -6.159636 44 40 34 0 0.071783 0.404965 0.911510
-2.405838 0.120130 -6.115547 77 104 47 0 0.079254 -0.457448 0.885697
-2.547349 0.009197 -6.166036 53 44 35 0 -0.284848 0.474747 -0.832753
-2.486194 0.258085 -6.073592 57 81 33 0 -0.333481 -0.546136 0.768457
-2.386638 0.029108 -6.154658 70 100 42 0 0.087814 -0.253260 0.963405
-2.485483 0.292219 -6.062214 87 111 55 0 0.348898 0.221499 -0.910609
-2.442105 0.136486 -6.109859 76 102 36 0 -0.048664 -0.529746 0.846759
-2.470549 0.108752 -6.127636 88 99 60 0 0.699842 0.142978 -0.699842
-2.646904 0.167774 -6.123369 84 98 51 0 -0.307000 0.784202 -0.539238
-2.352505 0.248130 -6.070747 89 98 68 0 0.715102 -0.586877 0.379744
-2.330461 0.067508 -6.152525 89 116 65 0 0.414875 -0.324752 0.849950
-2.361038 0.224663 -6.077858 97 126 69 0 0.277169 -0.373054 0.885442
-2.351083 0.194085 -6.097058 93 122 66 0 0.506677 -0.316077 0.802106
-2.498994 0.004219 -6.174569 117 72 78 0 0.346709 -0.103878 -0.932203
-2.344683 0.135775 -6.121947 97 126 72 0 0.346536 -0.261008 0.900993
-2.413661 0.294352 -6.032348 74 102 38 0 -0.212562 -0.357162 0.909534
-2.579349 0.117997 -6.135458 84 106 49 0 -0.592907 -0.475334 -0.650015
-2.326905 0.135775 -6.130480 95 123 65 0 0.374289 -0.477098 0.795164
-2.382372 0.211152 -6.079992 87 116 56 0 0.077817 -0.331052 0.940398
-2.398727 0.147863 -6.103458 83 110 52 0 0.056677 -0.365105 0.929239
-2.609215 0.072486 -6.150392 89 112 60 0 0.158605 -0.626866 0.762813
-2.483349 0.208308 -6.089947 69 95 38 0 -0.380417 -0.428169 0.819728
-2.442816 0.057553 -6.143281 74 91 39 0 -0.015211 0.609841 -0.792378
-2.346816 0.099508 -6.135458 84 112 53 0 0.063309 -0.405449 0.911923
-2.322639 0.051864 -6.160347 88 117 54 0 0.347639 -0.353764 0.868331
-2.521038 0.001375 -6.155369 53 46 34 0 0.355826 0.657541 0.664100
-2.576504 0.149286 -6.124792 76 100 46 0 -0.291982 -0.324589 0.899660
-2.437127 0.036930 -6.153947 74 100 44 0 0.158972 -0.524460 0.836462
-2.469838 0.383240 -6.025237 58 59 56 0 0.986127 -0.071868 0.149627
-2.421483 0.179863 -6.089236 72 102 42 0 -0.213767 -0.452946 0.865531
-2.467705 0.376840 -5.998925 100 115 97 0 0.954558 -0.180737 0.236966
-2.549482 -0.061203 -6.214391 50 43 40 0 -0.166992 0.349420 -0.921965
-2.323350 0.089552 -6.148258 95 121 68 0 0.442761 -0.465635 0.766255
-2.498994 0.209730 -6.097058 62 90 38 0 -0.362631 -0.206598 0.908744
-2.373127 0.131508 -6.114836 85 115 56 0 0.213418 -0.254725 0.943169
-2.316950 0.201197 -6.121236 69 60 40 0 0.662761 -0.348563 0.662761
-2.333305 0.028397 -6.162480 93 118 74 0 0.150342 -0.118562 0.981499
-2.364594 0.011331 -6.156792 82 106 59 0 0.196325 -0.546361 0.814215
-2.436416 0.154263 -6.102036 72 98 37 0 -0.087495 -0.301663 0.949391
-2.523171 0.024842 -6.166036 60 53 47 0 -0.411649 0.746216 -0.523171
-2.561571 0.204752 -6.108436 77 105 53 0 -0.117573 -0.110448 0.986903
-2.528860 0.071775 -6.152525 79 92 46 0 0.079254 0.457448 -0.885697
-2.631260 0.192663 -6.126925 93 93 74 0 -0.143277 -0.023691 0.989399
-2.575794 0.166352 -6.119103 89 114 61 0 0.001112 -0.150135 0.988665
-2.455616 0.346974 -6.011014 117 143 96 0 0.500631 0.595026 -0.628739
-2.538816 0.026975 -6.156080 93 123 58 0 0.212380 -0.267904 0.939746
-2.372416 0.114441 -6.122658 86 114 55 0 0.244717 -0.350223 0.904133
-2.477660 0.181286 -6.097770 63 88 29 0 -0.294287 -0.426793 0.855127
-2.447794 0.332041 -6.018126 105 128 71 0 0.315551 0.427471 -0.847170
-2.508949 -0.011425 -6.178836 118 71 75 0 0.965941 -0.229619 0.119300
-2.493305 -0.006447 -6.165325 95 50 57 0 -0.183565 -0.571935 0.799496
-2.483349 0.009197 -6.162480 92 97 71 0 0.063481 -0.314813 0.947029
-2.409394 -0.007869 -6.175281 66 61 58 0 0.229169 0.971823 0.055148
-2.368861 0.251685 -6.062214 95 124 66 0 0.023281 -0.529978 0.847692
-2.596416 0.039064 -6.155369 95 118 62 0 0.119495 -0.080050 0.989602
-2.607793 0.243863 -6.116970 56 44 38 0 0.981875 0.158993 0.103164
-2.384505 0.269463 -6.048703 83 110 57 0 0.182796 -0.316754 0.930727
-2.479794 0.305018 -6.056525 85 110 53 0 0.300695 0.291895 -0.907954
-2.540949 0.054708 -6.158925 70 78 35 0 0.300684 -0.420958 -0.855794
-2.320505 0.120130 -6.136880 98 126 71 0 0.562648 -0.301248 0.769855
-2.430727 0.124397 -6.115547 75 106 42 0 -0.117840 -0.331847 0.935944
-2.503971 0.090975 -6.134747 75 95 49 0 -0.039434 -0.316745 0.947691
-2.289217 0.104486 -6.162480 67 62 43 0 0.936992 -0.175255 0.302211
-2.529571 0.199063 -6.105592 82 103 51 0 -0.086102 0.173417 -0.981078
-2.645482 0.129375 -6.140436 99 116 71 0 -0.159437 -0.151904 0.975451
-2.397305 0.248130 -6.057236 78 108 45 0 0.047847 -0.474372 0.879023
-2.414372 0.269463 -6.047281 74 102 41 0 -0.244570 -0.451164 0.858275
-2.587171 0.244574 -6.114125 82 104 49 0 -0.022495 0.427409 0.903778
-2.459883 -0.006447 -6.165325 87 84 67 0 -0.031323 -0.870237 0.491636
-2.562282 0.186974 -6.112703 74 99 49 0 -0.149984 -0.220411 0.963807
-2.375972 0.223241 -6.075014 89 118 61 0 0.270364 -0.523538 0.807967
-2.518905 0.116575 -6.130480 80 99 46 0 0.261018 0.483424 -0.835566
-2.466994 0.351952 -6.020258 124 151 109 0 0.554149 0.444317 -0.703919
-2.590016 0.266619 -6.114836 69 59 53 0 0.997537 0.062946 0.030940
-2.357483 0.147863 -6.112703 90 117 58 0 0.317841 -0.366506 0.874443
-2.612771 0.132930 -6.134036 92 114 63 0 -0.277825 -0.324864 0.904034
-2.503260 0.108041 -6.130480 76 102 38 0 -0.395247 -0.315275 0.862776
-2.633393 0.101641 -6.144703 108 128 78 0 -0.158319 -0.318016 0.934773
-2.651171 0.149286 -6.125503 86 104 49 0 0.087587 -0.117950 -0.989149
-2.558727 0.236752 -6.103458 80 104 48 0 -0.343028 -0.127098 0.930687
-2.431438 0.090975 -6.127636 70 102 42 0 0.167584 -0.499785 0.849783
-2.383083 0.092397 -6.131903 75 104 50 0 -0.182146 -0.071170 0.980693
-2.466283 0.039064 -6.154658 74 81 44 0 0.546550 0.143673 -0.825010
-2.512505 0.017019 -6.171014 59 46 31 0 -0.165195 0.150063 -0.974778
-2.535260 0.249552 -6.094214 72 97 41 0 -0.389589 -0.421392 0.818932
-2.622727 0.077464 -6.154658 98 122 67 0 0.357239 -0.767822 0.531818
-2.551616 0.128663 -6.129769 77 106 40 0 -0.475961 -0.532743 0.699747
-2.535260 0.287241 -6.080703 84 104 52 0 -0.007969 0.174169 0.984683
-2.649038 0.070353 -6.158214 67 71 48 0 0.715287 0.213495 0.665420
-2.555882 0.029108 -6.158214 86 116 57 0 -0.109515 0.339362 0.934259
-2.535971 0.005642 -6.173147 48 40 32 0 0.508754 0.676660 0.532261
-2.599971 0.024130 -6.148258 47 38 26 0 0.197380 0.979808 0.031912
-2.473394 0.327063 -6.040170 111 137 80 0 0.774720 0.085757 -0.626462
-2.557305 0.080308 -6.154658 83 92 45 0 -0.048346 0.007200 -0.998805
-2.591438 0.073197 -6.147547 98 126 73 0 0.071012 0.015898 0.997349
-2.371705 0.166352 -6.101325 93 120 67 0 0.301511 -0.301511 0.904534
-2.526016 0.083153 -6.146125 83 107 53 0 -0.435656 -0.096039 0.894975
-2.506816 0.287241 -6.072881 69 93 39 0 -0.222027 0.141526 0.964715
-2.478372 0.120841 -6.124792 94 101 63 0 0.206759 0.406187 -0.890092
-2.483349 0.355507 -6.040881 90 110 78 0 0.791869 0.489899 -0.364613
-2.631260 0.146441 -6.132614 83 107 47 0 -0.095792 -0.428980 0.898220
-2.516060 0.142886 -6.119814 76 95 42 0 0.220301 0.657778 -0.720275
-2.454905 0.029108 -6.153947 72 100 41 0 0.189361 -0.260201 0.946804
-2.348950 0.162797 -6.111280 99 122 68 0 0.492556 -0.300569 0.816730
-2.501127 0.159952 -6.111992 76 94 51 0 0.310144 -0.935945 0.166788
-2.484771 0.034086 -6.165325 92 82 61 0 0.326981 0.382246 -0.864275
-2.473394 0.221108 -6.079992 67 93 39 0 -0.254596 -0.300624 0.919133
-2.383794 0.122263 -6.115547 80 111 53 0 0.079784 -0.482906 0.872030
-2.378816 0.066086 -6.143281 80 106 54 0 0.277876 -0.301154 0.912190
-2.356061 0.204041 -6.089236 95 123 69 0 0.460046 -0.214288 0.861649
-2.539527 0.171330 -6.114125 81 96 50 0 -0.079049 0.294167 -0.952479
-2.612771 0.056130 -6.155369 92 117 66 0 -0.283157 -0.229625 0.931179
-2.402283 0.012042 -6.162480 76 104 47 0 -0.189053 -0.388209 0.901972
-2.421483 0.162797 -6.095636 71 101 43 0 -0.231867 -0.391367 0.890545
-2.570816 0.034797 -6.156792 87 117 55 0 -0.048578 -0.181280 0.982231
-2.302728 0.108752 -6.149681 96 123 65 0 0.562918 0.040508 0.825520
-2.662549 0.108752 -6.144703 64 61 57 0 0.056539 -0.270131 0.961162
-2.446372 0.118708 -6.119814 74 96 40 0 0.127248 -0.458952 0.879301
-2.509660 0.081019 -6.146125 77 93 44 0 -0.151242 0.388705 -0.908864
-2.585038 0.130086 -6.132614 79 98 44 0 0.188710 0.468061 -0.863312
-2.295617 0.093819 -6.156080 100 121 69 0 0.347998 -0.498744 0.793821
-2.468416 0.009197 -6.161058 78 88 49 0 0.796233 0.119214 -0.593128
-2.400150 -0.005025 -6.167458 85 94 65 0 0.149627 -0.071868 0.986127
-2.590016 0.232485 -6.112703 77 102 55 0 -0.262306 0.088289 0.960937
-2.300594 0.070353 -6.164614 97 123 75 0 0.492556 -0.300569 0.816730
-2.491171 0.329196 -6.052258 97 116 62 0 0.331847 0.117840 -0.935944
-2.404416 0.220397 -6.069325 75 106 53 0 0.062612 -0.499505 0.864046
-2.434994 0.248841 -6.062214 71 98 43 0 0.006596 -0.449840 0.893085
-2.531705 0.145019 -6.118392 79 107 44 0 -0.301770 -0.261342 0.916862
-2.496860 0.081019 -6.147547 85 94 52 0 0.387615 0.183000 -0.903474
-2.639793 0.068219 -6.148258 83 102 57 0 0.373977 0.644164 -0.667229
-2.489749 0.344841 -6.052258 74 77 66 0 0.761388 0.561786 -0.323550
-2.624860 0.046175 -6.161769 46 47 35 0 0.884279 0.402756 0.236303
-2.338283 0.004931 -6.166747 74 71 63 0 0.127765 -0.307982 0.942774
-2.498283 0.036930 -6.166747 71 67 54 0 -0.236893 0.484484 -0.842115
-2.553749 0.058975 -6.150392 84 113 54 0 0.103323 -0.238535 0.965622
-2.637660 0.051864 -6.146836 77 91 38 0 0.768164 -0.600565 0.221914
-2.646193 0.117286 -6.141858 104 118 90 0 0.032749 -0.134386 0.990388
-2.452060 0.065375 -6.141858 72 89 39 0 0.001230 0.308835 -0.951115
-2.316239 0.131508 -6.136169 99 127 68 0 0.371359 -0.325512 0.869560
-2.518194 0.280130 -6.079281 73 96 45 0 -0.444728 -0.236686 0.863827
-2.555171 0.017019 -6.158214 88 115 61 0 0.001022 0.048051 0.998844
-2.615616 0.086708 -6.143991 88 112 64 0 -0.015073 -0.554953 0.831745
-2.524594 0.154975 -6.118392 78 93 44 0 0.054983 0.403657 -0.913257
-2.449927 0.219685 -6.077147 69 93 39 0 -0.040247 0.150638 0.987769
-2.576504 0.013464 -6.156792 69 76 44 0 -0.150340 -0.054775 0.987116
-2.373838 0.103064 -6.126214 79 108 45 0 0.340345 -0.371146 0.863954
-2.620593 0.214708 -6.117681 81 76 64 0 0.206097 -0.548065 0.810647
-2.361038 0.046175 -6.151103 80 110 53 0 0.001050 -0.078785 0.996891
-2.498283 0.017019 -6.162480 98 90 74 0 0.396187 -0.118161 0.910535
-2.544505 0.001375 -6.157503 68 60 55 0 0.999999 0.000978 0.000978
-2.634104 0.067508 -6.159636 90 107 62 0 0.278304 0.038688 0.959713
-2.481216 0.147863 -6.109859 66 85 39 0 0.326981 -0.382246 0.864275
-2.516771 0.322796 -6.060081 88 103 57 0 0.118734 0.476367 -0.871193
-2.489038 0.068219 -6.148258 97 100 65 0 0.603133 0.373055 -0.705025
-2.498283 0.308574 -6.062925 73 98 39 0 0.522104 0.666480 0.532177
-2.471260 0.128663 -6.117681 85 96 55 0 0.001369 -0.609379 0.792878
-2.366727 0.073908 -6.141858 83 109 54 0 0.213342 -0.547936 0.808858
-2.400150 0.039064 -6.151814 69 98 35 0 -0.015319 -0.213285 0.976870
-2.347527 0.045464 -6.153236 84 114 59 0 0.063151 -0.529067 0.846227
-2.496149 0.228219 -6.089947 73 96 46 0 -0.434477 -0.520381 0.735142
-2.449927 0.012042 -6.158925 72 101 45 0 -0.292972 -0.331639 0.896763
-2.523882 0.058975 -6.151814 79 107 47 0 -0.318905 -0.189657 0.928617
-2.322639 0.181286 -6.120525 101 115 76 0 0.817737 -0.150440 0.555584
-2.567971 0.266619 -6.099903 96 107 66 0 0.491558 0.475007 -0.729889
-2.590016 0.191952 -6.113414 83 104 61 0 -0.571437 -0.063808 0.818162
-2.468416 0.165641 -6.102747 81 94 51 0 0.024284 -0.348918 0.936839
-2.617038 0.037642 -6.159636 72 78 49 0 0.674266 0.047042 0.736989
-2.432861 0.068219 -6.139725 71 97 42 0 -0.095036 -0.054785 0.993965
-2.339705 0.108752 -6.134747 86 117 63 0 0.518287 -0.381810 0.765245
-2.305572 0.166352 -6.139014 110 113 76 0 0.429280 0.445479 0.785663
-2.436416 -0.014981 -6.164614 72 61 55 0 0.553228 -0.690281 0.466316
-2.602816 0.165641 -6.124081 78 92 46 0 0.055843 0.694456 -0.717365
-2.516771 0.245285 -6.089236 84 104 52 0 0.451189 0.331711 -0.828490
-2.457749 0.312130 -6.034481 81 104 54 0 0.641473 0.523617 -0.560658
-2.389483 0.007064 -6.161769 75 103 51 0 0.149662 -0.666675 0.730168
-2.474816 0.235330 -6.078569 74 92 48 0 0.545749 0.673370 -0.498730
-2.562994 0.175597 -6.114836 82 105 50 0 -0.118092 -0.293240 0.948717
-2.408683 0.189819 -6.086392 78 107 46 0 0.213191 -0.181411 0.960021
-2.506816 -0.001469 -6.165325 61 42 32 0 -0.292558 -0.821353 0.489683
-2.348238 0.222530 -6.082125 105 131 79 0 0.698284 -0.358136 0.619788
-2.601393 0.142175 -6.129058 93 118 67 0 0.102769 -0.379561 0.919441
-2.438550 0.322085 -6.013147 57 85 27 0 0.466237 -0.348485 0.813131
-2.516060 0.314263 -6.069325 76 83 48 0 -0.308058 -0.341118 0.888110
-2.343972 0.207597 -6.094214 102 129 71 0 0.475690 -0.159539 0.865024
-2.622015 0.102352 -6.143991 99 123 71 0 0.118525 -0.253981 0.959919
-2.304861 0.142886 -6.141147 111 131 81 0 0.801135 0.119068 0.586519
-2.639082 0.092397 -6.148258 101 119 75 0 -0.443035 0.126785 0.887494
-2.413661 0.078175 -6.134747 74 103 42 0 0.191495 -0.419535 0.887310
-2.478372 0.273730 -6.064347 77 90 53 0 -0.166583 -0.380151 0.909800
-2.550905 0.181997 -6.111280 79 106 49 0 -0.149466 -0.134643 0.979557
-2.579349 0.053286 -6.151814 84 111 58 0 0.038490 -0.269430 0.962250
-2.467705 0.061819 -6.143281 79 90 45 0 -0.006670 0.481550 -0.876393
-2.412238 0.100930 -6.123369 72 102 44 0 0.079715 -0.474092 0.876860
-2.499705 0.269463 -6.075014 76 97 48 0 -0.269072 -0.309796 0.911936
-2.474816 0.292219 -6.057236 84 109 49 0 0.364328 0.300835 -0.881342
-2.464860 0.323507 -6.033770 104 132 77 0 0.657208 0.380489 -0.650620
-2.513216 0.058975 -6.156792 78 86 46 0 0.119053 0.357159 -0.926425
-2.473394 0.051153 -6.152525 78 87 48 0 0.372733 0.619033 -0.691280
-2.457749 0.362618 -5.997503 71 76 65 0 0.949438 0.205100 -0.237699
-2.431438 0.184841 -6.087814 71 98 47 0 0.001316 -0.459279 0.888291
-2.472683 0.373285 -6.020970 108 117 90 0 0.872347 0.286737 -0.395970
-2.659704 0.130086 -6.139014 63 55 46 0 0.594918 -0.006870 0.803757
-2.443527 0.198352 -6.083547 72 98 41 0 0.014806 -0.491293 0.870868
-2.456327 0.351952 -6.001059 94 108 90 0 0.678090 0.725571 0.117219
-2.434283 0.295774 -6.036614 76 102 38 0 -0.064143 -0.339042 0.938582
-2.441394 0.277285 -6.047281 76 100 42 0 -0.230358 -0.450177 0.862714
-2.353216 0.110886 -6.129058 92 120 61 0 0.220795 -0.259677 0.940116
-2.336150 0.163508 -6.118392 101 127 74 0 0.465346 -0.369399 0.804362
-2.548060 0.193374 -6.108436 78 102 50 0 0.151444 -0.507264 0.848380
-2.394461 0.279419 -6.041592 86 109 48 0 0.404637 -0.277335 0.871409
-2.428594 0.138619 -6.109147 77 97 44 0 0.182292 -0.651042 0.736827
-2.471972 0.305018 -6.048703 59 78 30 0 -0.603401 -0.079205 0.793494
-2.388061 0.146441 -6.105592 82 110 52 0 0.031882 -0.332851 0.942440
-2.654727 0.064664 -6.148258 82 102 58 0 -0.222243 0.823067 0.522655
-2.580771 0.029108 -6.153236 79 77 39 0 -0.006907 0.628547 -0.777741
-2.504683 0.218974 -6.095636 89 109 58 0 0.263562 0.080215 -0.961302
-2.496149 0.259508 -6.077858 78 98 49 0 -0.975451 0.159437 0.151904
-2.367439 0.263063 -6.057236 100 115 76 0 0.393722 -0.180276 0.901379
-2.492594 0.135063 -6.120525 81 92 48 0 0.062745 0.293236 -0.953979
-2.472683 0.211863 -6.085680 76 98 46 0 0.015345 -0.746320 0.665410
-2.518905 0.046175 -6.161769 84 86 49 0 -0.080179 0.324658 -0.942427
-2.528860 0.100930 -6.139725 73 93 45 0 -0.206930 -0.556412 0.804727
-2.496149 0.285819 -6.068614 82 107 52 0 0.540002 0.476472 -0.693810
-2.554460 0.255241 -6.099192 70 93 43 0 -0.418568 -0.101513 0.902494
-2.324772 0.022708 -6.166036 94 103 78 0 0.516071 0.001340 0.856545
-2.546638 0.020575 -6.163903 60 59 31 0 0.188880 0.858142 -0.477406
-2.522460 0.012753 -6.171014 47 37 28 0 -0.134860 0.325572 -0.935850
-2.575082 0.085286 -6.149681 77 89 43 0 0.055685 0.325046 -0.944057
-2.496149 0.004931 -6.161769 88 65 54 0 0.318643 0.221479 0.921636
-2.429305 0.322796 -6.023103 82 106 53 0 0.150384 0.419644 -0.895144
-2.422194 0.204041 -6.079281 73 101 48 0 -0.206870 -0.499809 0.841068
-2.338283 0.094530 -6.139725 89 118 63 0 0.245256 -0.326524 0.912815
-2.567260 0.055419 -6.151103 85 114 58 0 -0.157266 -0.206655 0.965692
-2.518194 0.174174 -6.111280 74 97 48 0 -0.008435 -0.261476 0.965173
-2.338283 0.073908 -6.146836 87 115 65 0 0.143235 -0.212917 0.966514
-2.427883 0.027686 -6.157503 73 103 40 0 -0.095554 -0.126225 0.987389
-2.495438 0.319952 -6.057236 82 104 51 0 0.382097 0.341876 -0.858558
-2.630549 0.202619 -6.122658 82 76 63 0 0.143080 -0.538396 0.830457
-2.491171 0.215419 -6.091370 63 88 35 0 -0.500949 -0.365645 0.784445
-2.457038 0.209730 -6.083547 82 100 54 0 0.301661 0.349686 -0.886973
-2.385927 0.169197 -6.096347 85 114 57 0 0.031599 -0.520689 0.853161
-2.503260 0.021997 -6.172436 80 63 53 0 -0.151050 0.205273 -0.966978
-2.599971 0.106619 -6.143991 79 106 60 0 0.024523 -0.365263 0.930581
-2.353216 0.007064 -6.163191 89 101 71 0 0.295312 -0.516401 0.803817
-2.484771 0.037642 -6.155369 103 96 81 0 0.490076 -0.380092 0.784446
-2.388061 0.191952 -6.087103 85 113 53 0 0.118341 -0.460533 0.879718
-2.491171 0.177730 -6.104881 72 94 43 0 -0.846767 0.292576 -0.444282
-2.353216 0.174174 -6.104169 98 125 68 0 0.428458 -0.461040 0.777088
-2.558727 0.094530 -6.143991 86 113 53 0 0.118992 -0.412971 0.902937
-2.521038 0.270174 -6.082125 73 100 40 0 -0.189342 -0.181507 0.964990
-2.421483 0.306441 -6.029503 75 101 43 0 -0.402770 -0.832392 0.380657
-2.639082 0.140041 -6.135458 91 114 63 0 -0.467989 -0.461421 0.753709
-2.516771 -0.005736 -6.189503 49 38 33 0 0.102295 0.537411 -0.837093
-2.312683 0.053286 -6.163191 94 119 62 0 0.404124 -0.181059 0.896605
-2.306283 0.078175 -6.158214 91 117 69 0 0.452490 -0.254430 0.854703
-2.460594 0.135775 -6.113414 78 95 44 0 0.404775 0.529321 -0.745638
-2.540949 0.258085 -6.092792 76 99 42 0 -0.425457 -0.214952 0.879080
-2.578638 0.137908 -6.130480 80 95 46 0 0.402788 -0.103811 -0.909387
-2.366727 0.139330 -6.112703 90 120 59 0 0.212266 -0.293798 0.932001
-2.422905 0.253108 -6.057236 68 97 36 0 -0.031406 -0.506591 0.861614
-2.512505 0.061819 -6.146125 66 96 37 0 -0.341074 0.204074 0.917618
-2.393749 0.021997 -6.156792 73 103 46 0 0.063048 -0.395724 0.916203
-2.535260 -0.045558 -6.208703 73 61 48 0 0.522524 -0.238912 -0.818468
-2.534549 0.302174 -6.076436 82 91 59 0 -0.039152 -0.449569 0.892387
-2.422194 0.083153 -6.131903 75 104 41 0 0.009156 -0.427731 0.903860
-2.416505 0.219685 -6.072881 70 100 45 0 -0.245847 -0.426839 0.870269
-2.558727 0.278707 -6.089236 103 110 73 0 0.244938 0.134913 -0.960106
-2.491883 0.117997 -6.126214 81 94 50 0 -0.040247 0.150638 -0.987769
-2.555171 0.039064 -6.156080 90 120 55 0 0.110346 -0.307108 0.945256
-2.370994 0.085286 -6.135458 81 108 55 0 0.221396 -0.508448 0.832144
-2.381661 0.139330 -6.109147 79 109 51 0 0.292169 -0.023622 0.956075
-2.309839 0.100930 -6.148969 102 130 78 0 0.023488 -0.285567 0.958071
-2.485483 0.093819 -6.133325 89 99 58 0 0.046989 -0.420212 0.906208
-2.610638 0.212574 -6.118392 108 119 92 0 -0.293142 -0.103849 0.950412
-2.530993 0.175597 -6.110569 78 105 54 0 0.022664 -0.223059 0.974541
-2.622015 0.137197 -6.134036 81 107 54 0 -0.235983 -0.174654 0.955933
-2.410816 -0.009292 -6.165325 81 78 59 0 0.244872 0.172615 0.954066
-2.625571 0.123686 -6.138303 89 116 63 0 -0.046677 -0.404087 0.913529
-2.533838 -0.014981 -6.188791 59 47 41 0 -0.055481 0.970293 0.235484
-2.587882 0.157108 -6.122658 83 106 63 0 0.023931 -0.316137 0.948412
-2.336861 0.143597 -6.123369 99 123 60 0 0.402889 -0.118497 0.907546
-2.378105 0.004931 -6.163903 75 83 48 0 -0.212958 0.632657 -0.744577
-2.483349 0.001375 -6.168880 84 49 53 0 -0.331593 -0.848441 0.412545
-2.429305 0.193374 -6.082836 72 100 41 0 -0.063750 -0.135614 0.988709
-2.653304 0.157819 -6.130480 57 52 38 0 0.825166 0.102964 0.555428
-2.513927 0.035508 -6.157503 69 97 41 0 -0.315769 -0.260473 0.912383
-2.514638 0.083864 -6.137592 94 115 59 0 -0.158993 0.103164 0.981875
-2.494016 0.034086 -6.157503 104 95 72 0 0.071389 -0.307622 0.948827
