-1.84984303 -0.12089500 -6.41050100 150 155 122 0.000000 -0.097074 0.001067 -0.995277
-1.48817003 -0.02705500 -6.54735088 67 94 43 0.000000 0.234487 0.001178 -0.972119
-1.81074297 0.12250200 -6.71547985 64 70 56 0.000000 0.578659 0.001362 0.815569
-1.93684006 -0.03194200 -6.60502291 79 93 48 0.000000 -0.338631 0.001250 0.940919
-1.71299398 -0.00848300 -6.55908108 80 114 41 0.000000 -0.248404 0.001189 0.968656
-1.58591902 0.08633500 -6.67247105 85 121 50 0.000000 0.052343 0.001026 0.998629
-1.61622202 -0.11991700 -6.43982601 134 164 108 0.000000 0.822094 0.001359 0.569351
-1.93390799 0.08340200 -6.67442608 121 153 77 0.000000 0.228974 0.001174 -0.973432
-1.83909094 -0.03878500 -6.51998091 93 135 47 0.000000 0.063217 0.001036 0.997999
-1.82540596 0.03941500 -6.62164116 92 133 55 0.000000 -0.092452 0.001063 0.995717
-1.73058903 -0.13946700 -6.38117599 148 175 109 0.000000 0.006883 0.000983 0.999976
-1.70908403 0.07851500 -6.65976286 96 126 62 0.000000 -0.390517 0.001280 0.920595
-1.59862697 0.00520200 -6.57374287 79 119 35 0.000000 0.002938 0.000979 0.999995
-1.73938596 -0.07202000 -6.47110701 101 139 67 0.000000 0.314746 0.001234 0.949175
-1.49794495 0.05114500 -6.62750578 68 79 52 0.000000 -0.396706 0.001284 0.917945
-1.56930196 -0.05638000 -6.49945402 85 126 50 0.000000 0.000978 0.000978 0.999999
-1.83420300 -0.20007201 -6.37237883 140 164 99 0.000000 0.713977 0.001381 0.700167
-1.65727699 -0.05051500 -6.50629616 82 123 43 0.000000 -0.165311 0.001125 0.986241
-1.91435802 -0.08179500 -6.53171110 97 106 76 0.000000 -0.512919 0.001339 0.858436
-1.65825403 0.03648200 -6.61284304 104 137 63 0.000000 -0.037461 0.001012 -0.999298
-1.87525797 -0.00066300 -6.57472086 84 126 37 0.000000 -0.279674 0.001211 0.960094
-1.75307095 0.03355000 -6.60893297 103 135 68 0.000000 0.347682 0.001255 0.937612
-1.96518803 0.03355000 -6.63043785 132 155 82 0.000000 0.409130 0.001291 -0.912475
-1.85864103 -0.09645700 -6.47990417 97 131 55 0.000000 -0.743362 0.001379 -0.668888
-1.78044105 -0.10721000 -6.42320919 110 145 70 0.000000 0.329630 0.001244 0.944109
-1.86352801 0.07265000 -6.68126822 88 126 48 0.000000 -0.083307 0.001055 0.996523
-1.68855596 -0.10525500 -6.43493891 91 133 59 0.000000 0.372047 0.001270 0.928213
-1.78923905 -0.00457300 -6.55614901 90 126 56 0.000000 0.012857 0.000989 0.999917
-1.89676297 0.03843700 -6.63337088 85 126 41 0.000000 -0.840871 0.001350 0.541234
-1.77653098 0.07949200 -6.66269493 107 142 72 0.000000 -0.063217 0.001036 0.997999
-1.56343699 0.04821200 -6.61577606 92 129 46 0.000000 -0.245605 0.001186 0.969369
-1.64554703 0.11272700 -6.68517780 67 70 56 0.000000 0.067624 0.001040 0.997710
-1.52629197 0.01497700 -6.57667589 86 127 44 0.000000 0.288352 0.001217 0.957524
-1.79901397 -0.14826401 -6.37433386 91 132 43 0.000000 -0.390517 0.001280 0.920595
-1.75111604 -0.04758200 -6.53073406 79 109 59 0.000000 0.256844 0.001195 -0.966452
-1.80390096 -0.06420000 -6.47892618 80 120 39 0.000000 -0.320681 0.001238 0.947186
-1.90165102 0.07069500 -6.72721100 89 104 55 0.000000 -0.751123 0.001378 0.660161
-1.65532196 -0.00261800 -6.57081079 107 140 67 0.000000 -0.108776 0.001077 0.994066
-1.60840201 -0.02607700 -6.52975607 79 119 39 0.000000 -0.094759 0.001065 0.995500
-1.54486501 -0.01825700 -6.53757620 87 128 42 0.000000 -0.140185 0.001104 0.990125
-1.75795901 0.11761400 -6.69690800 87 106 65 0.000000 -0.162760 0.001122 0.986665
-1.57125700 -0.10134500 -6.46915102 75 89 69 0.000000 0.279674 0.001211 0.960094
-1.86939299 -0.16683701 -6.35087395 109 110 103 0.000000 0.223492 0.001170 -0.974705
-1.91533601 -0.02901000 -6.55712605 123 158 74 0.000000 0.259673 0.001197 -0.965696
-1.63381696 -0.08179500 -6.47012901 90 132 55 0.000000 0.031203 0.001007 0.999513
-1.63577199 0.06776200 -6.64705610 89 125 51 0.000000 -0.033281 0.001009 0.999445
-1.70517397 0.01595500 -6.61773109 102 123 61 0.000000 0.997236 0.001046 -0.074296
-1.51847196 -0.06029000 -6.50531912 148 155 119 0.000000 0.964929 0.001199 0.262509
-1.85961795 0.10784000 -6.71938992 64 69 54 0.000000 -0.776155 0.001374 0.630540
-1.47937202 0.01693200 -6.59915781 138 150 118 0.000000 0.909655 0.001294 0.415362
-1.70517397 -0.04660500 -6.50922918 81 118 57 0.000000 0.399807 0.001286 0.916599
-1.54095399 0.07949200 -6.65683079 62 78 44 0.000000 -0.475046 0.001323 0.879960
-1.61035705 0.04039200 -6.61675310 101 133 58 0.000000 0.500299 0.001334 0.865851
-1.82247305 0.01009000 -6.58547401 92 132 53 0.000000 0.288352 0.001217 0.957524
-1.88503301 -0.04171700 -6.52389097 130 166 71 0.000000 0.173011 0.001131 -0.984919
-1.73449898 -0.10818700 -6.42125416 84 125 48 0.000000 -0.320681 0.001238 0.947186
-1.82149601 0.07069500 -6.66073990 98 138 61 0.000000 -0.078785 0.001050 0.996891
-1.68366897 -0.07104200 -6.47599411 82 123 51 0.000000 -0.125512 0.001091 0.992091
-1.75404894 -0.00848300 -6.58351898 104 129 67 0.000000 -0.137718 0.001102 -0.990471
-1.91435802 0.00715700 -6.60893297 80 118 35 0.000000 -0.707106 0.001384 0.707106
-1.83029306 -0.09450200 -6.44764709 85 125 37 0.000000 -0.430994 0.001302 0.902354
-1.66216397 -0.13849001 -6.43396091 126 146 112 0.000000 -0.858436 0.001339 0.512919
-1.78630602 0.05114500 -6.63239288 88 128 50 0.000000 -0.215328 0.001164 0.976541
-1.84691095 -0.13946700 -6.37335682 169 187 126 0.000000 0.977134 0.001162 0.212622
-1.68073595 -0.02607700 -6.53953123 84 119 49 0.000000 0.262509 0.001199 0.964929
-1.78728402 -0.03389700 -6.51607084 84 126 42 0.000000 -0.012857 0.000989 0.999917
-1.69246602 -0.13360199 -6.40561390 157 174 122 0.000000 0.381263 0.001275 0.924466
-1.60937905 -0.06322200 -6.49749899 97 138 61 0.000000 0.285453 0.001215 0.958392
-1.87819099 -0.08179500 -6.51313877 87 110 58 0.000000 0.702951 0.001381 -0.711237
-1.86352801 0.02475200 -6.60404587 83 127 43 0.000000 0.072063 0.001044 0.997400
-1.90653801 0.05407700 -6.66953802 80 120 33 0.000000 -0.215328 0.001164 0.976541
-1.67780399 0.06092000 -6.64119101 87 124 54 0.000000 0.085581 0.001057 0.996331
-1.95443499 -0.00457300 -6.63630295 132 145 99 0.000000 -0.033281 0.001009 0.999445
-1.86157298 0.04137000 -6.64998817 107 144 70 0.000000 -0.563126 0.001357 0.826370
-1.56441402 0.02084200 -6.58351898 90 129 44 0.000000 -0.152643 0.001114 0.988281
-1.93195295 0.05310000 -6.62555122 129 165 70 0.000000 0.983522 0.001137 -0.180786
-1.72961104 0.05310000 -6.63239288 90 128 57 0.000000 0.130369 0.001096 0.991465
-1.54193199 -0.07690700 -6.47990417 122 141 88 0.000000 0.399807 0.001286 0.916599
-1.76968896 -0.10036700 -6.45937586 72 101 53 0.000000 0.031203 0.001007 -0.999513
-1.76968896 -0.13067000 -6.39095211 85 127 38 0.000000 -0.372047 0.001270 0.928213
-1.84300101 -0.01630300 -6.55028296 86 129 42 0.000000 -0.282560 0.001213 0.959249
-1.86450601 -0.12382700 -6.45448923 108 121 77 0.000000 -0.465583 0.001319 0.885003
-1.93292999 -0.05833500 -6.57276583 55 67 33 0.000000 0.979955 0.001152 0.199215
-1.84006798 -0.06420000 -6.48870087 84 125 37 0.000000 -0.178186 0.001135 0.983996
-1.76577902 -0.05247000 -6.48870087 84 120 45 0.000000 -0.234487 0.001178 0.972119
-1.79119301 0.10099700 -6.68908787 93 131 60 0.000000 -0.008867 0.000985 0.999960
-1.63088405 0.01791000 -6.58938313 85 123 48 0.000000 -0.041673 0.001016 0.999131
-1.74329603 0.09220000 -6.67247105 99 136 68 0.000000 -0.178186 0.001135 0.983996
-1.68855596 0.00129200 -6.58938313 68 91 49 0.000000 0.137718 0.001102 -0.990471
-1.48425996 0.00715700 -6.56494617 130 157 89 0.000000 0.648407 0.001377 0.761293
-1.81465304 -0.11698500 -6.41636705 89 130 44 0.000000 -0.186011 0.001141 0.982547
-1.71885896 -0.08961500 -6.44764709 84 126 45 0.000000 0.528668 0.001345 0.848828
-1.78630602 0.02377500 -6.60013580 106 144 65 0.000000 -0.090153 0.001061 0.995927
-1.65043402 -0.10525500 -6.43982601 92 134 61 0.000000 0.406019 0.001289 0.913864
-1.82736099 0.09806500 -6.69593000 93 132 55 0.000000 -0.449834 0.001311 0.893111
-1.75307095 -0.01239300 -6.54832792 91 129 56 0.000000 -0.081042 0.001052 0.996710
-1.66998398 0.08829000 -6.66953802 84 115 50 0.000000 -0.167869 0.001127 0.985809
-1.91924500 0.01595500 -6.64803314 74 85 65 0.000000 0.691755 0.001381 0.722131
-1.81172097 -0.02998700 -6.54344082 144 168 90 0.000000 0.251210 0.001191 -0.967932
-1.92804301 0.08535700 -6.71059322 80 86 74 0.000000 0.763803 0.001376 -0.645448
-1.63577199 -0.02216700 -6.55028296 113 146 73 0.000000 0.842882 0.001349 0.538096
-1.60155904 0.06678500 -6.64412308 106 139 60 0.000000 0.223492 0.001170 -0.974705
-1.81172097 -0.17074700 -6.35185194 96 129 48 0.000000 -0.534955 0.001347 0.844879
-1.82442796 -0.16976900 -6.38410902 101 137 71 0.000000 -0.844879 0.001347 0.534955
-1.72961104 0.01791000 -6.59036112 84 119 39 0.000000 -0.113516 0.001081 0.993536
-1.53215694 0.05603200 -6.63434792 121 156 67 0.000000 -0.320681 0.001238 -0.947186
-1.50869703 -0.02901000 -6.52095795 81 122 41 0.000000 -0.315485 0.001237 0.948930
-1.93879497 0.04528000 -6.66758299 71 104 33 0.000000 -0.852716 0.001343 0.522373
-1.61915398 0.08829000 -6.66758299 98 131 57 0.000000 0.618487 0.001371 0.785794
-1.58005404 -0.01532500 -6.54344082 80 120 42 0.000000 0.106419 0.001075 0.994321
-1.88992095 0.09220000 -6.70472813 121 149 80 0.000000 0.193909 0.001147 -0.981019
-1.95052505 0.01009000 -6.60697794 133 167 80 0.000000 0.817758 0.001361 -0.575560
-1.52238202 0.03941500 -6.60795593 92 134 51 0.000000 0.183394 0.001139 0.983039
-1.72179103 -0.03585200 -6.53659916 118 138 95 0.000000 0.372047 0.001270 -0.928213
-1.91631305 0.05310000 -6.70472813 78 99 52 0.000000 -0.587928 0.001364 0.808912
-1.51260698 -0.00652800 -6.55028296 91 132 44 0.000000 -0.220763 0.001168 0.975327
-1.71983600 0.11663700 -6.68615484 125 146 96 0.000000 -0.180786 0.001137 0.983522
-1.73645401 -0.06517700 -6.50140905 75 101 56 0.000000 0.074296 0.001046 -0.997236
-1.90556097 -0.05833500 -6.55028296 147 156 123 0.000000 -0.294171 0.001221 -0.955752
-1.75307095 0.06483000 -6.64901114 89 127 54 0.000000 0.020933 0.000997 0.999780
-1.79999101 -0.09157000 -6.44275904 83 125 39 0.000000 0.191268 0.001145 0.981537
-1.93390799 -0.01141500 -6.57374287 127 161 78 0.000000 0.106419 0.001075 -0.994321
-1.86450601 -0.05051500 -6.50336409 126 162 71 0.000000 -0.396706 0.001284 0.917945
-1.57027900 0.07362700 -6.64998817 111 144 65 0.000000 -0.350710 0.001257 0.936483
-1.58982897 -0.07984000 -6.47892618 90 131 64 0.000000 0.000978 0.000978 0.999999
-1.82051802 -0.13458000 -6.39290714 95 136 53 0.000000 -0.329630 0.001244 0.944109
-1.75404894 -0.15608400 -6.38899708 161 172 137 0.000000 0.587928 0.001364 0.808912
-1.87623596 -0.02119000 -6.55321598 85 127 40 0.000000 -0.237255 0.001180 0.971447
-1.88210106 -0.11112000 -6.49065590 71 80 56 0.000000 0.365926 0.001266 0.930643
-1.68660104 0.04039200 -6.62066317 86 122 46 0.000000 -0.282560 0.001213 0.959249
-1.77750897 -0.07202000 -6.46230888 84 124 39 0.000000 -0.265352 0.001201 0.964151
-1.91240299 -0.03096500 -6.58645105 97 125 68 0.000000 0.999995 0.000979 0.002938
-1.62990701 -0.04269500 -6.51900291 83 122 41 0.000000 0.173011 0.001131 0.984919
-1.83811295 0.05798700 -6.64021301 98 136 61 0.000000 -0.581753 0.001362 0.813364
-1.94954801 0.06580700 -6.64998817 140 170 70 0.000000 0.950151 0.001232 0.311788
-1.67389405 -0.08668200 -6.45351124 87 130 47 0.000000 0.381263 0.001275 0.924466
-1.75600398 -0.12676001 -6.42711878 93 121 73 0.000000 0.519223 0.001342 -0.854638
-1.56832397 -0.03194200 -6.52291298 84 126 41 0.000000 -0.031203 0.001007 0.999513
-1.55268395 -0.00066300 -6.55908108 81 121 42 0.000000 -0.037461 0.001012 0.999298
-1.60840201 -0.09157000 -6.46035385 87 133 45 0.000000 0.223492 0.001170 0.974705
-1.88210106 0.06971700 -6.65976286 133 163 77 0.000000 0.097074 0.001067 -0.995277
-1.59178400 0.02768500 -6.59915781 91 126 46 0.000000 -0.204554 0.001156 0.978855
-1.77848601 -0.03096500 -6.55614901 105 133 85 0.000000 0.990809 0.001100 -0.135260
-1.86939299 0.10979400 -6.69299793 128 159 74 0.000000 0.575560 0.001361 0.817758
-1.93195295 -0.05051500 -6.54441786 89 90 84 0.000000 -0.538096 0.001349 0.842882
-1.65727699 -0.07202000 -6.48870087 126 155 78 0.000000 -0.597153 0.001366 0.802126
-1.70321906 -0.07202000 -6.49554300 63 90 49 0.000000 0.262509 0.001199 -0.964929
-1.87232602 -0.09743500 -6.45546579 129 155 90 0.000000 0.975939 0.001166 0.218041
-1.88992095 0.06580700 -6.68810987 83 123 36 0.000000 -0.946173 0.001240 0.323658
-1.75111604 -0.09059200 -6.44178200 85 126 46 0.000000 0.314746 0.001234 0.949175
-1.84886599 0.00618000 -6.57667589 93 134 49 0.000000 0.314746 0.001234 0.949175
-1.74427402 -0.12382700 -6.39877176 82 123 42 0.000000 -0.029133 0.001005 0.999575
-1.54681897 -0.04367200 -6.51216078 83 127 42 0.000000 0.045917 0.001020 0.998945
-1.82638299 -0.07788500 -6.46817398 82 123 35 0.000000 -0.418483 0.001296 0.908224
-1.92120099 0.04234700 -6.64803314 99 145 47 0.000000 -0.157685 0.001118 0.987489
-1.85277605 -0.08179500 -6.50336409 68 98 48 0.000000 0.538096 0.001349 -0.842882
-1.59471703 -0.04562700 -6.51020622 81 120 44 0.000000 -0.226229 0.001172 0.974073
-1.89578605 0.00324700 -6.59036112 85 127 38 0.000000 -0.738126 0.001380 0.674661
-1.82345104 -0.00457300 -6.56299114 87 129 48 0.000000 -0.029133 0.001005 0.999575
-1.71494901 -0.00359500 -6.59231615 60 79 42 0.000000 -0.037461 0.001012 -0.999298
-1.67780399 0.01888700 -6.60893297 91 113 64 0.000000 0.671779 0.001379 -0.740750
-1.93195295 0.02475200 -6.61773109 132 165 73 0.000000 0.002938 0.000979 -0.999995
-1.50771999 0.02475200 -6.59231615 100 142 60 0.000000 0.390517 0.001280 0.920595
-1.79510403 -0.13262500 -6.40952396 85 128 37 0.000000 0.999960 0.000985 0.008867
-1.68171406 -0.01141500 -6.56787777 103 131 65 0.000000 0.031203 0.001007 -0.999513
-1.81269801 0.05407700 -6.63923502 88 128 51 0.000000 -0.162760 0.001122 0.986665
-1.62892902 -0.00164000 -6.57276583 110 138 65 0.000000 0.052343 0.001026 -0.998629
-1.83909094 0.08047000 -6.67931318 97 135 59 0.000000 -0.347682 0.001255 0.937612
-1.83811295 -0.15217400 -6.35282898 93 108 55 0.000000 0.873026 0.001329 0.487672
-1.79217100 -0.04856000 -6.49554300 91 131 48 0.000000 0.254023 0.001193 0.967197
-1.69148898 0.07753700 -6.67833614 159 165 114 0.000000 0.002938 0.000979 -0.999995
-1.67193902 -0.11991700 -6.41929913 96 137 59 0.000000 0.375114 0.001272 0.926978
-1.65238905 -0.03487500 -6.53562117 111 139 65 0.000000 0.048051 0.001022 -0.998844
-1.79119301 0.00715700 -6.57863092 91 131 52 0.000000 -0.135260 0.001100 0.990809
-1.80096900 -0.17661200 -6.37726688 140 158 91 0.000000 0.465583 0.001319 0.885003
-1.89285302 0.02279700 -6.61382103 92 132 48 0.000000 -0.215328 0.001164 0.976541
-1.78044105 -0.15217400 -6.39877176 106 127 87 0.000000 0.081042 0.001052 -0.996710
-1.84984303 0.06385200 -6.66171789 83 124 48 0.000000 -0.025017 0.001001 0.999686
-1.73743105 -0.02021200 -6.56885576 70 97 54 0.000000 0.002938 0.000979 -0.999995
-1.58298695 0.05701000 -6.63043785 115 149 64 0.000000 0.262509 0.001199 -0.964929
-1.61328900 -0.01141500 -6.54930592 80 120 38 0.000000 -0.323658 0.001240 0.946173
-1.82442796 -0.04856000 -6.50238609 80 120 36 0.000000 -0.201881 0.001154 0.979409
-1.80585599 0.08633500 -6.67540312 98 136 65 0.000000 -0.173011 0.001131 0.984919
-1.90067303 -0.08570500 -6.50336409 134 150 100 0.000000 -0.490829 0.001330 0.871255
-1.85864103 0.08926700 -6.70179605 81 122 32 0.000000 -0.500299 0.001334 0.865851
-1.83518100 0.11077200 -6.71645784 130 147 98 0.000000 -0.462431 0.001317 0.886654
-1.71201599 0.09122200 -6.69299793 99 133 55 0.000000 0.830587 0.001355 0.556887
-1.84495604 -0.12676001 -6.43396091 82 113 32 0.000000 -0.657235 0.001378 0.753685
-1.56050396 0.09317700 -6.66269493 75 79 67 0.000000 -0.271059 0.001205 0.962562
-1.76382399 0.01888700 -6.59231615 86 127 48 0.000000 0.147635 0.001110 0.989041
-1.76773405 0.09904200 -6.68322277 94 133 62 0.000000 -0.137718 0.001102 0.990471
-1.69539905 0.04234700 -6.64314604 159 170 120 0.000000 0.778585 0.001373 -0.627537
-1.63772702 -0.13067000 -6.44275904 143 156 128 0.000000 0.006883 0.000983 0.999976
-1.63283896 -0.05931200 -6.49358892 80 121 42 0.000000 0.025017 0.001001 0.999686
-1.75404894 -0.14533199 -6.36749220 173 199 128 0.000000 0.285453 0.001215 0.958392
-1.64847898 0.05114500 -6.63532495 116 142 72 0.000000 0.471891 0.001322 -0.881656
-1.89383101 -0.01434800 -6.56787777 83 126 37 0.000000 -0.773712 0.001374 0.633537
-1.72863400 -0.03976200 -6.51411581 84 124 53 0.000000 0.612421 0.001370 0.790530
-1.66314101 -0.01630300 -6.55223799 86 124 48 0.000000 -0.356781 0.001261 0.934187
-1.80585599 -0.15803900 -6.39486217 86 124 43 0.000000 0.694569 0.001381 0.719425
-1.67291701 -0.12089500 -6.44569206 102 142 65 0.000000 0.639507 0.001375 0.768784
-1.71592605 0.03648200 -6.61284304 110 129 65 0.000000 0.212622 0.001162 0.977134
-1.75209403 -0.03780700 -6.50922918 110 135 63 0.000000 0.314746 0.001234 0.949175
-1.87232602 -0.07984000 -6.48967886 80 119 31 0.000000 -0.462431 0.001317 0.886654
-1.69833100 -0.03976200 -6.53073406 96 122 65 0.000000 0.050193 0.001024 -0.998739
-1.69735396 -0.08570500 -6.45644379 83 123 50 0.000000 0.201881 0.001154 0.979409
-1.66118705 0.07069500 -6.65683079 134 148 86 0.000000 0.462431 0.001317 -0.886654
-1.89774096 -0.06126700 -6.52291298 87 128 38 0.000000 -0.707106 0.001384 0.707106
-1.65336704 0.01595500 -6.59524822 106 134 66 0.000000 0.226229 0.001172 -0.974073
-1.85277605 0.04332500 -6.62848282 90 127 52 0.000000 -0.719425 0.001381 0.694569
-1.48817003 0.03941500 -6.60991096 163 188 132 0.000000 0.478202 0.001325 0.878249
-1.92608798 0.06092000 -6.68517780 147 164 113 0.000000 0.983522 0.001137 -0.180786
-1.72765601 -0.12969200 -6.41636705 149 159 116 0.000000 -0.915238 0.001287 0.402911
-1.86352801 -0.03683000 -6.53073406 81 122 36 0.000000 -0.396706 0.001284 0.917945
-1.92022300 -0.01630300 -6.60795593 73 97 54 0.000000 0.953006 0.001227 -0.302950
-1.87525797 0.03648200 -6.62555122 92 133 50 0.000000 -0.440405 0.001307 0.897798
-1.90458298 -0.04074000 -6.53562117 131 166 73 0.000000 0.639507 0.001375 -0.768784
-1.73156595 0.07069500 -6.65389776 86 125 57 0.000000 0.039563 0.001014 0.999217
-1.84984303 -0.10721000 -6.44960117 127 154 80 0.000000 0.964151 0.001201 -0.265352
-1.76577902 0.00520200 -6.56983280 89 128 58 0.000000 0.012857 0.000989 0.999917
-1.71592605 -0.07006500 -6.47697115 83 120 54 0.000000 -0.099398 0.001069 0.995047
-1.75893605 -0.07104200 -6.49945402 82 112 62 0.000000 0.050193 0.001024 -0.998739
-1.67193902 0.11174900 -6.68322277 116 112 88 0.000000 0.056668 0.001030 0.998393
-1.68366897 -0.05247000 -6.50629616 91 129 58 0.000000 0.534955 0.001347 0.844879
-1.54290903 0.03355000 -6.60111284 109 145 63 0.000000 -0.170436 0.001129 0.985368
-1.88796604 0.04919000 -6.65292120 87 128 41 0.000000 -0.180786 0.001137 0.983522
-1.62013197 0.05798700 -6.63434792 84 120 44 0.000000 -0.108776 0.001077 0.994066
-1.72961104 -0.11796200 -6.44080400 84 112 64 0.000000 0.597153 0.001366 0.802126
-1.77946401 -0.14630900 -6.36358213 82 123 27 0.000000 -0.142660 0.001106 0.989771
-1.55170703 0.06580700 -6.64021301 102 141 63 0.000000 0.035367 0.001010 0.999374
-1.73058903 0.00129200 -6.56885576 114 133 71 0.000000 0.254023 0.001193 0.967197
-1.94563794 0.02475200 -6.63630295 63 71 56 0.000000 0.305890 0.001228 -0.952066
-1.75991404 -0.02412200 -6.53073406 87 124 52 0.000000 -0.350710 0.001257 0.936483
-1.83322597 0.02279700 -6.60013580 90 133 50 0.000000 0.002938 0.000979 0.999995
-1.64945698 -0.11991700 -6.42320919 96 131 52 0.000000 0.980491 0.001149 0.196558
-1.71006095 0.06092000 -6.63923502 112 130 65 0.000000 0.152643 0.001114 0.988281
-1.71397102 -0.10427700 -6.42809582 84 128 42 0.000000 -0.092452 0.001063 0.995717
-1.80390096 0.03257200 -6.60991096 93 134 53 0.000000 0.065416 0.001038 0.997858
-1.74622905 -0.09645700 -6.46230888 106 134 82 0.000000 0.563126 0.001357 -0.826370
-1.62892902 -0.09645700 -6.45448923 95 141 56 0.000000 0.226229 0.001172 0.974073
-1.64065897 0.08438000 -6.66660500 93 127 56 0.000000 0.142660 0.001106 0.989771
-1.70517397 -0.02510000 -6.54735088 101 126 67 0.000000 0.288352 0.001217 -0.957524
-1.71788096 0.09513200 -6.67247105 105 137 78 0.000000 0.359825 0.001263 0.933019
-1.90751600 0.07949200 -6.70668316 82 101 76 0.000000 0.384343 0.001277 -0.923189
-1.76480103 0.05016700 -6.63043785 94 134 61 0.000000 -0.054502 0.001028 0.998513
-1.56343699 -0.07788500 -6.48185921 94 136 55 0.000000 0.150135 0.001112 0.988665
-1.51554000 0.05701000 -6.64803314 132 146 102 0.000000 0.854638 0.001342 -0.519223
-1.62990701 0.03452700 -6.60991096 90 127 51 0.000000 0.196558 0.001149 0.980491
-1.85668600 -0.11503000 -6.39095211 110 120 91 0.000000 0.493986 0.001331 -0.869469
-1.93488598 0.00422500 -6.63532495 99 142 52 0.000000 -0.740750 0.001379 0.671779
-1.80878794 0.10784000 -6.69984102 98 133 70 0.000000 -0.215328 0.001164 0.976541
-1.62892902 0.09904200 -6.68322277 110 138 79 0.000000 0.356781 0.001261 0.934187
-1.66118705 -0.07788500 -6.46817398 86 129 44 0.000000 0.160219 0.001120 0.987081
-1.81758595 -0.03585200 -6.51802588 75 116 37 0.000000 -0.081042 0.001052 0.996710
-1.81758595 -0.15706199 -6.36846924 114 153 68 0.000000 0.226229 0.001172 0.974073
-1.57418895 -0.00359500 -6.56005907 96 130 56 0.000000 0.368984 0.001268 0.929435
-1.88698804 -0.04953700 -6.54344082 74 102 51 0.000000 0.000978 0.000978 -0.999999
-1.79021597 0.12152400 -6.71059322 94 103 83 0.000000 -0.996331 0.001057 -0.085581
-1.68757904 0.05896500 -6.65976286 193 201 159 0.000000 0.512919 0.001339 -0.858436
-1.61231196 0.02377500 -6.60111284 103 135 58 0.000000 0.854638 0.001342 0.519223
-1.61328900 -0.07397500 -6.47990417 87 130 49 0.000000 0.256844 0.001195 0.966452
-1.91533601 -0.00555000 -6.58156300 127 161 74 0.000000 0.547504 0.001352 -0.836802
-1.79412603 -0.02314500 -6.53268909 82 121 42 0.000000 0.204554 0.001156 0.978855
-1.76675606 -0.01923500 -6.57081079 83 110 62 0.000000 -0.140185 0.001104 -0.990125
-1.92804301 0.06189700 -6.66073990 123 154 71 0.000000 0.972119 0.001178 -0.234487
-1.70712900 0.00422500 -6.57472086 83 119 44 0.000000 -0.099398 0.001069 0.995047
-1.69442105 -0.12480500 -6.43102884 171 181 151 0.000000 0.822094 0.001359 -0.569351
-1.70517397 0.01888700 -6.59720278 80 119 40 0.000000 0.056668 0.001030 0.998393
-1.87819099 0.08731200 -6.68126822 131 162 82 0.000000 0.186011 0.001141 -0.982547
-1.84300101 -0.14044400 -6.40952396 90 100 77 0.000000 0.865851 0.001334 -0.500299
-1.73352098 -0.01923500 -6.54050922 127 146 82 0.000000 0.587928 0.001364 0.808912
-1.71885896 -0.05540200 -6.49652100 85 124 54 0.000000 0.078785 0.001050 0.996891
-1.85961795 -0.01043800 -6.56103611 86 129 42 0.000000 -0.402911 0.001287 0.915238
-1.91826797 -0.06224500 -6.52486801 119 132 89 0.000000 -0.497143 0.001333 0.867668
-1.83811295 -0.08472700 -6.48870087 81 109 61 0.000000 0.237255 0.001180 -0.971447
-1.53313506 -0.00652800 -6.55126095 83 125 44 0.000000 -0.083307 0.001055 0.996523
-1.70810604 -0.12089500 -6.40952396 95 140 49 0.000000 0.035367 0.001010 0.999374
-1.76480103 -0.11698500 -6.41147900 83 124 43 0.000000 -0.384343 0.001277 0.923189
-1.50185502 -0.04856000 -6.50727415 62 75 51 0.000000 0.101730 0.001071 0.994811
-1.78435099 -0.16585900 -6.38117599 141 170 85 0.000000 -0.368984 0.001268 0.929435
-1.52726996 -0.03585200 -6.51704884 86 128 42 0.000000 -0.120688 0.001087 0.992690
-1.80194604 0.06971700 -6.65585279 95 131 57 0.000000 -0.220763 0.001168 0.975327
-1.94270504 0.02866200 -6.65585279 111 152 57 0.000000 -0.840871 0.001350 0.541234
-1.58885205 -0.02998700 -6.52682400 78 118 38 0.000000 -0.315485 0.001237 0.948930
-1.83420300 -0.14924200 -6.39095211 135 155 120 0.000000 0.509765 0.001338 0.860313
-1.83029306 -0.11209700 -6.42809582 85 125 39 0.000000 -0.092452 0.001063 0.995717
-1.77750897 -0.01630300 -6.54246283 85 124 47 0.000000 0.142660 0.001106 0.989771
-1.87525797 -0.06517700 -6.52389097 74 103 49 0.000000 0.642481 0.001376 -0.766300
-1.60840201 0.09806500 -6.68126822 81 107 48 0.000000 -0.317711 0.001236 0.948187
-1.82833803 -0.13849001 -6.36358213 145 177 94 0.000000 0.905318 0.001299 0.424733
-1.87037098 0.01106700 -6.59133816 91 131 47 0.000000 -0.553762 0.001354 0.832674
-1.71299398 -0.13653500 -6.38997412 166 183 122 0.000000 0.000978 0.000978 0.999999
-1.89187598 -0.10330000 -6.50629616 130 142 106 0.000000 -0.991465 0.001096 0.130369
-1.80194604 -0.10525500 -6.42614079 88 130 46 0.000000 -0.111142 0.001079 0.993804
-1.88503301 0.07069500 -6.70668316 86 129 26 0.000000 0.240031 0.001182 0.970765
-1.73352098 -0.00848300 -6.58742905 62 88 43 0.000000 -0.039563 0.001014 -0.999217
-1.84691095 -0.08277200 -6.47110701 83 125 34 0.000000 -0.446689 0.001310 0.894688
-1.83322597 -0.02510000 -6.53562117 83 124 37 0.000000 -0.378186 0.001273 0.925729
-1.91631305 0.02964000 -6.62848282 91 135 37 0.000000 -0.396706 0.001284 0.917945
-1.81367600 -0.08570500 -6.45546579 86 127 39 0.000000 -0.375114 0.001272 0.926978
-1.50869703 0.01009000 -6.56983280 84 127 43 0.000000 0.127937 0.001093 0.991782
-1.68073595 -0.04269500 -6.52291298 118 149 72 0.000000 -0.115898 0.001083 -0.993261
-1.88014603 -0.10036700 -6.47306108 95 101 84 0.000000 0.421606 0.001297 -0.906778
-1.53313506 -0.06126700 -6.49261093 92 132 54 0.000000 0.218041 0.001166 0.975939
-1.75502598 -0.06224500 -6.51607084 110 138 78 0.000000 0.212622 0.001162 -0.977134
-1.94759297 0.03257200 -6.60991096 131 164 73 0.000000 0.587928 0.001364 -0.808912
-1.77653098 -0.09352500 -6.43591595 86 123 47 0.000000 0.365926 0.001266 0.930643
-1.77164400 0.03648200 -6.61186600 91 127 56 0.000000 -0.054502 0.001028 0.998513
-1.65336704 -0.09352500 -6.45448923 89 129 59 0.000000 0.137718 0.001102 0.990471
-1.48914695 -0.00946000 -6.55419397 131 163 102 0.000000 0.547504 0.001352 0.836802
-1.67682600 -0.06517700 -6.49261093 79 109 55 0.000000 0.497143 0.001333 -0.867668
-1.91338003 0.00911200 -6.63141584 86 130 40 0.000000 -0.936483 0.001257 0.350710
-1.92120099 -0.04367200 -6.57569790 89 114 54 0.000000 0.840871 0.001350 0.541234
-1.80390096 -0.01337000 -6.54832792 86 128 41 0.000000 0.409130 0.001291 0.912475
-1.75600398 0.08242500 -6.66269493 103 135 64 0.000000 -0.056668 0.001030 0.998393
-1.74231899 0.10588500 -6.68517780 108 143 80 0.000000 -0.157685 0.001118 0.987489
-1.58494198 -0.06615500 -6.49065590 88 129 52 0.000000 0.094759 0.001065 0.995500
-1.74622905 -0.11112000 -6.44569206 88 114 73 0.000000 0.341642 0.001251 -0.939829
-1.58787405 -0.10623200 -6.46230888 58 74 42 0.000000 0.314746 0.001234 0.949175
-1.87428105 -0.09645700 -6.50238609 95 107 81 0.000000 0.732842 0.001380 -0.680398
-1.93781805 -0.00164000 -6.61382103 119 144 80 0.000000 -0.265352 0.001201 0.964151
-1.71788096 -0.05344700 -6.52095795 192 210 128 0.000000 -0.603278 0.001368 0.797530
-1.54975200 0.01497700 -6.57374287 102 139 50 0.000000 -0.027071 0.001003 0.999633
-1.63186204 -0.11014200 -6.44178200 100 141 71 0.000000 0.415362 0.001294 0.909655
-1.59667206 -0.00457300 -6.55810404 80 120 37 0.000000 0.297091 0.001223 0.954848
-1.74036396 -0.08179500 -6.48674583 105 129 72 0.000000 0.372047 0.001270 -0.928213
-1.93781805 -0.04856000 -6.59720278 85 102 65 0.000000 0.727510 0.001380 0.686096
-1.77457595 0.12445700 -6.70081806 94 104 82 0.000000 0.326641 0.001242 0.945148
-1.60449195 0.08047000 -6.65976286 118 149 71 0.000000 -0.022971 0.000999 -0.999736
-1.79901397 -0.15608400 -6.35771704 95 133 42 0.000000 -0.085581 0.001057 0.996331
-1.66509700 0.00422500 -6.58742905 127 151 76 0.000000 0.218041 0.001166 -0.975939
-1.74525106 -0.05540200 -6.48870087 83 120 39 0.000000 0.052343 0.001026 0.998629
-1.92510998 -0.07984000 -6.54637289 56 66 41 0.000000 -0.145143 0.001108 0.989410
-1.88698804 -0.09059200 -6.49065590 78 108 37 0.000000 -0.279674 0.001211 0.960094
-1.75795901 -0.08081700 -6.45546579 83 119 47 0.000000 0.063217 0.001036 0.997999
-1.79510403 -0.07593000 -6.46230888 86 126 41 0.000000 -0.481358 0.001326 0.876523
-1.51554000 -0.01825700 -6.53366613 88 129 49 0.000000 -0.085581 0.001057 0.996331
-1.50381005 0.03061700 -6.61088800 142 171 79 0.000000 -0.459279 0.001316 -0.888291
-1.88894296 -0.03292000 -6.55810404 74 109 31 0.000000 -0.462431 0.001317 0.886654
-1.56832397 0.03550500 -6.60404587 87 126 42 0.000000 -0.052343 0.001026 0.998629
-1.90947104 0.06776200 -6.68517780 122 150 84 0.000000 0.815569 0.001362 -0.578659
-1.82247305 -0.06126700 -6.48772383 85 126 38 0.000000 -0.157685 0.001118 0.987489
-1.87232602 0.09904200 -6.71059322 112 136 85 0.000000 0.651358 0.001377 -0.758770
-1.50381005 -0.01141500 -6.56494617 106 133 66 0.000000 0.132811 0.001098 -0.991141
-1.74916101 0.00715700 -6.57569790 93 131 57 0.000000 0.140185 0.001104 0.990125
-1.89480805 0.07362700 -6.67149305 127 159 78 0.000000 0.928213 0.001270 0.372047
-1.76968896 -0.03683000 -6.51020622 84 123 46 0.000000 0.314746 0.001234 0.949175
-1.80878794 0.01888700 -6.59231615 111 149 70 0.000000 -0.072063 0.001044 0.997400
-1.69148898 0.07656000 -6.66073990 105 122 67 0.000000 0.072063 0.001044 0.997400
-1.73058903 -0.14924200 -6.39583921 85 94 74 0.000000 -0.106419 0.001075 0.994321
-1.58591902 0.03941500 -6.61088800 100 134 54 0.000000 0.578659 0.001362 -0.815569
-1.62110901 -0.02901000 -6.54148579 108 137 71 0.000000 0.285453 0.001215 -0.958392
-1.72081399 -0.01532500 -6.57765293 68 90 47 0.000000 0.440405 0.001307 -0.897798
-1.71494901 -0.08081700 -6.46328592 84 126 44 0.000000 -0.058843 0.001032 0.998267
-1.61719894 -0.04953700 -6.50922918 84 123 49 0.000000 -0.012857 0.000989 0.999917
-1.71201599 0.10490700 -6.70375109 117 149 81 0.000000 0.311788 0.001232 -0.950151
-1.76871097 -0.14142200 -6.37628889 82 122 30 0.000000 0.273924 0.001207 0.961751
-1.75600398 -0.06713200 -6.47110701 83 117 46 0.000000 0.106419 0.001075 0.994321
-1.66020894 -0.03976200 -6.52095795 84 122 47 0.000000 0.262509 0.001199 0.964929
-1.83811295 -0.12578200 -6.39877176 150 158 122 0.000000 0.332624 0.001246 0.943059
-1.72863400 0.00031500 -6.60209084 105 132 69 0.000000 0.509765 0.001338 -0.860313
-1.69637597 -0.01239300 -6.55712605 89 126 52 0.000000 -0.029133 0.001005 0.999575
-1.79901397 -0.13458000 -6.39290714 95 133 56 0.000000 0.209925 0.001160 0.977717
-1.77848601 -0.05833500 -6.47892618 81 119 44 0.000000 0.083307 0.001055 0.996523
-1.65532196 0.09611000 -6.67344809 99 131 69 0.000000 -0.248404 0.001189 0.968656
-1.55268395 -0.05833500 -6.49652100 88 133 44 0.000000 0.002938 0.000979 0.999995
-1.69833100 0.09220000 -6.67344809 153 145 99 0.000000 0.137718 0.001102 0.990471
-1.67682600 0.00324700 -6.57472086 85 126 43 0.000000 0.294171 0.001221 0.955752
-1.74525106 0.04919000 -6.62750578 98 137 64 0.000000 -0.320681 0.001238 0.947186
-1.78532898 0.06776200 -6.65389776 119 151 79 0.000000 0.212622 0.001162 0.977134
-1.95345795 0.01888700 -6.62261820 131 157 82 0.000000 0.953933 0.001225 -0.300017
-1.94563794 -0.00261800 -6.59720278 62 89 44 0.000000 0.427862 0.001300 0.903843
-1.60937905 -0.11307500 -6.45351124 84 94 66 0.000000 0.903843 0.001300 0.427862
-1.87134802 0.05701000 -6.66171789 79 119 36 0.000000 -0.587928 0.001364 0.808912
-1.88601100 0.01595500 -6.60013580 82 123 38 0.000000 -0.282560 0.001213 0.959249
-1.90556097 0.04332500 -6.65389776 87 130 37 0.000000 -0.157685 0.001118 0.987489
-1.69930899 -0.09450200 -6.44178200 86 130 44 0.000000 0.279674 0.001211 0.960094
-1.85864103 0.09024500 -6.68517780 116 149 71 0.000000 0.867668 0.001333 -0.497143
-1.63772702 -0.04856000 -6.50531912 79 122 38 0.000000 0.390517 0.001280 0.920595
-1.90067303 0.06483000 -6.70277309 95 137 34 0.000000 -0.500299 0.001334 -0.865851
-1.73352098 -0.03683000 -6.54832792 125 151 75 0.000000 0.943059 0.001246 -0.332624
-1.64456904 0.02866200 -6.60502291 92 130 54 0.000000 0.002938 0.000979 0.999995
-1.86157298 -0.10525500 -6.46524096 124 146 82 0.000000 0.691755 0.001381 -0.722131
-1.69246602 -0.11894000 -6.41441202 92 135 53 0.000000 0.248404 0.001189 0.968656
-1.75502598 -0.02803200 -6.55321598 81 109 60 0.000000 0.050193 0.001024 -0.998739
-1.77653098 0.05896500 -6.64314604 84 124 50 0.000000 0.061026 0.001034 0.998136
-1.73938596 0.02670700 -6.60013580 94 132 60 0.000000 0.002938 0.000979 0.999995
-1.73254395 -0.02901000 -6.52584600 81 114 46 0.000000 0.085581 0.001057 0.996331
-1.85961795 -0.02510000 -6.54148579 82 123 39 0.000000 -0.012857 0.000989 0.999917
-1.64261401 0.04430200 -6.62164116 89 126 58 0.000000 0.058843 0.001032 0.998267
-1.83811295 -0.17856701 -6.38508701 146 162 131 0.000000 0.201881 0.001154 0.979409
-1.81758595 -0.18443200 -6.38215399 99 133 48 0.000000 -0.074296 0.001046 0.997236
-1.58885205 0.01791000 -6.58645105 111 140 60 0.000000 0.220763 0.001168 -0.975327
-1.85277605 0.08047000 -6.67051601 62 88 47 0.000000 0.865851 0.001334 0.500299
-1.89383101 -0.06908700 -6.53659916 103 117 85 0.000000 0.819933 0.001360 -0.572458
-1.80096900 0.04625700 -6.62750578 88 126 45 0.000000 0.106419 0.001075 0.994321
-1.94368303 0.00911200 -6.64803314 95 137 45 0.000000 -0.893111 0.001311 0.449834
-1.74231899 0.12054700 -6.69397497 65 77 50 0.000000 -0.381263 0.001275 0.924466
-1.59960401 -0.01923500 -6.54148579 82 122 42 0.000000 0.162760 0.001122 0.986665
-1.70028603 0.03355000 -6.61577606 85 117 48 0.000000 0.125512 0.001091 0.992091
-1.87037098 -0.12089500 -6.46915102 101 118 60 0.000000 -0.997858 0.001038 -0.065416
-1.67975903 0.01595500 -6.59329319 87 122 50 0.000000 0.437266 0.001305 0.899331
-1.54877400 0.02573000 -6.58840609 99 138 48 0.000000 -0.234487 0.001178 0.972119
-1.92510998 -0.01728000 -6.58645105 119 153 70 0.000000 0.928213 0.001270 -0.372047
-1.84984303 0.03061700 -6.60991096 86 129 47 0.000000 -0.092452 0.001063 0.995717
-1.53118002 -0.05344700 -6.51216078 137 172 70 0.000000 0.170436 0.001129 -0.985368
-1.87721300 0.05896500 -6.68126822 93 136 46 0.000000 0.722131 0.001381 0.691755
-1.87525797 -0.06126700 -6.50825119 79 121 32 0.000000 -0.566240 0.001358 0.824239
-1.78435099 -0.13067000 -6.39779377 87 127 43 0.000000 0.008867 0.000985 0.999960
-1.58591902 0.07460500 -6.65292120 111 142 67 0.000000 -0.045917 0.001020 -0.998945
-1.94661498 0.05016700 -6.64901114 55 63 45 0.000000 0.443546 0.001308 -0.896251
-1.75013900 -0.10721000 -6.42418718 82 121 46 0.000000 0.130369 0.001096 0.991465
-1.53704500 0.06483000 -6.65194321 124 149 103 0.000000 0.393609 0.001282 -0.919277
-1.52824700 0.02964000 -6.59622622 97 136 56 0.000000 -0.120688 0.001087 0.992690
-1.56539202 -0.01923500 -6.53855419 77 119 33 0.000000 -0.050193 0.001024 0.998739
-1.49403501 0.01497700 -6.59329319 145 172 75 0.000000 -0.949175 0.001234 0.314746
-1.85277605 0.10393000 -6.69984102 129 161 82 0.000000 0.234487 0.001178 -0.972119
-1.82345104 0.11077200 -6.70570517 96 128 63 0.000000 -0.347682 0.001255 0.937612
-1.72179103 -0.12676001 -6.39877176 89 128 52 0.000000 0.315485 0.001237 0.948930
-1.80976605 -0.07495200 -6.46817398 81 123 39 0.000000 -0.186011 0.001141 0.982547
-1.72472405 -0.07104200 -6.49261093 79 105 60 0.000000 -0.008867 0.000985 -0.999960
-1.92804301 -0.06420000 -6.55126095 75 112 32 0.000000 0.609379 0.001369 -0.792878
-1.81563103 -0.09352500 -6.44178200 87 129 42 0.000000 0.012857 0.000989 0.999917
-1.72081399 -0.02607700 -6.54930592 133 152 98 0.000000 0.145143 0.001108 -0.989410
-1.76773405 -0.00946000 -6.55321598 89 124 55 0.000000 -0.145143 0.001108 0.989410
-1.52922499 0.00618000 -6.56396914 90 131 46 0.000000 0.155160 0.001116 0.987889
-1.62306404 0.04528000 -6.62555122 127 150 76 0.000000 0.883337 0.001320 -0.468736
-1.90458298 -0.03976200 -6.56103611 125 155 79 0.000000 0.106419 0.001075 -0.994321
-1.71103895 0.00618000 -6.60697794 92 114 62 0.000000 0.716707 0.001381 -0.697373
-1.49501204 -0.01434800 -6.54050922 89 129 56 0.000000 0.688930 0.001381 0.724826
-1.74818397 -0.13555700 -6.37824392 80 118 38 0.000000 0.041673 0.001016 0.999131
-1.73058903 0.03843700 -6.61773109 95 131 56 0.000000 -0.193909 0.001147 0.981019
-1.56148195 0.05701000 -6.62848282 104 142 55 0.000000 -0.147635 0.001110 0.989041
-1.68171406 -0.01434800 -6.55223799 101 136 55 0.000000 0.997558 0.001042 -0.069839
-1.77946401 -0.02119000 -6.52780104 84 126 41 0.000000 -0.702951 0.001381 0.711237
-1.90360606 0.06483000 -6.65878487 137 168 81 0.000000 0.063217 0.001036 -0.997999
-1.57223403 -0.04562700 -6.51020622 82 122 50 0.000000 0.245605 0.001186 0.969369
-1.73352098 -0.05442500 -6.51216078 111 136 92 0.000000 0.639507 0.001375 -0.768784
-1.54290903 0.05310000 -6.62359619 94 135 56 0.000000 0.315485 0.001237 0.948930
-1.91631305 0.06678500 -6.66953802 121 151 73 0.000000 0.939829 0.001251 0.341642
-1.86157298 -0.10232200 -6.44080400 148 172 102 0.000000 -0.014865 0.000991 0.999889
-1.82345104 0.06189700 -6.64705610 95 133 59 0.000000 -0.268202 0.001203 0.963362
-1.48817003 0.01497700 -6.57765293 75 110 37 0.000000 0.848828 0.001345 0.528668
-1.72961104 -0.00652800 -6.54832792 106 137 62 0.000000 -0.668888 0.001379 0.743362
-1.85864103 -0.07886200 -6.48283577 81 121 32 0.000000 -0.430994 0.001302 0.902354
-1.87428105 0.07460500 -6.69201994 75 116 28 0.000000 -0.773712 0.001374 0.633537
-1.83518100 0.07069500 -6.66758299 92 132 58 0.000000 -0.356781 0.001261 0.934187
-1.74720597 -0.00457300 -6.56005907 92 127 59 0.000000 -0.012857 0.000989 0.999917
-1.67487097 0.04821200 -6.62652779 80 120 43 0.000000 0.010858 0.000987 0.999941
-1.83322597 -0.16488200 -6.35967207 175 188 144 0.000000 0.921899 0.001279 -0.387428
-1.63088405 -0.00946000 -6.55712605 88 124 45 0.000000 -0.218041 0.001166 0.975939
-1.89578605 -0.07886200 -6.51607084 84 114 41 0.000000 0.434129 0.001304 0.900850
-1.84593296 0.08731200 -6.69299793 82 124 39 0.000000 -0.317711 0.001236 0.948187
-1.93390799 -0.01630300 -6.61479807 75 104 38 0.000000 -0.440405 0.001307 0.897798
-1.56832397 0.01204500 -6.57178783 88 125 45 0.000000 -0.430994 0.001302 0.902354
-1.87330306 -0.09939000 -6.48674583 86 103 69 0.000000 0.999987 0.000981 0.004907
-1.54681897 0.04332500 -6.61186600 101 135 58 0.000000 -0.237255 0.001180 0.971447
-1.81074297 -0.05051500 -6.49652100 82 124 38 0.000000 -0.215328 0.001164 0.976541
-1.92315602 -0.03389700 -6.59915781 90 121 49 0.000000 0.997558 0.001042 0.069839
-1.75209403 -0.02314500 -6.56983280 99 127 78 0.000000 -0.132811 0.001098 -0.991141
-1.77848601 0.01693200 -6.58938313 87 129 49 0.000000 0.002938 0.000979 0.999995
-1.71690404 0.06874000 -6.64998817 98 134 67 0.000000 -0.259673 0.001197 0.965696
-1.66118705 0.05798700 -6.63923502 94 130 58 0.000000 0.273924 0.001207 0.961751
-1.70224094 0.11174900 -6.68419981 154 161 124 0.000000 0.218041 0.001166 0.975939
-1.92120099 -0.02803200 -6.57081079 120 152 77 0.000000 0.998739 0.001024 0.050193
-1.49403501 -0.03096500 -6.52291298 145 162 109 0.000000 0.683251 0.001380 0.730182
-1.85570800 0.05505500 -6.64998817 82 123 42 0.000000 -0.541234 0.001350 0.840871
-1.85082102 -0.05051500 -6.50922918 92 134 44 0.000000 -0.320681 0.001238 0.947186
-1.94075000 0.03746000 -6.64216805 114 147 69 0.000000 -0.615457 0.001371 0.788169
-1.88698804 -0.03194200 -6.54344082 74 111 30 0.000000 -0.799835 0.001367 -0.600218
-1.70224094 -0.00946000 -6.57178783 74 100 53 0.000000 0.335625 0.001248 -0.941995
-1.79217100 0.03941500 -6.61773109 98 135 62 0.000000 -0.223492 0.001170 0.974705
-1.85864103 -0.13164701 -6.43689394 93 103 76 0.000000 -0.606331 0.001369 0.795211
-1.66705203 -0.09645700 -6.44471407 89 132 48 0.000000 0.291258 0.001219 0.956644
-1.73547602 -0.11698500 -6.40854597 84 125 48 0.000000 0.056668 0.001030 0.998393
-1.72472405 0.08340200 -6.66660500 139 159 100 0.000000 0.097074 0.001067 0.995277
-1.89578605 0.08242500 -6.72036791 89 100 64 0.000000 -0.399807 0.001286 0.916599
-1.82638299 -0.12773700 -6.40756893 90 130 45 0.000000 -0.396706 0.001284 0.917945
-1.53508902 -0.02803200 -6.52682400 84 127 42 0.000000 -0.052343 0.001026 0.998629
-1.91729105 -0.06126700 -6.53953123 110 134 74 0.000000 -0.871255 0.001330 0.490829
-1.69246602 0.00520200 -6.57569790 81 120 44 0.000000 -0.069839 0.001042 0.997558
-1.88698804 -0.07299700 -6.50531912 82 122 34 0.000000 -0.512919 0.001339 0.858436
-1.56050396 -0.00946000 -6.55028296 80 120 41 0.000000 -0.097074 0.001067 0.995277
-1.81660795 -0.17270200 -6.36553717 115 149 76 0.000000 -0.639507 0.001375 0.768784
-1.93488598 0.07460500 -6.65878487 127 162 72 0.000000 0.078785 0.001050 0.996891
-1.83029306 -0.18638700 -6.37531185 145 174 99 0.000000 -0.338631 0.001250 0.940919
-1.78044105 -0.14728700 -6.38508701 81 123 25 0.000000 -0.985809 0.001127 0.167869
-1.80683398 -0.03585200 -6.52780104 129 155 81 0.000000 -0.094759 0.001065 -0.995500
-1.62501895 0.07460500 -6.65389776 85 124 50 0.000000 -0.104070 0.001073 0.994569
-1.86255097 -0.09254700 -6.49358892 84 110 62 0.000000 0.958392 0.001215 -0.285453
-1.71201599 -0.03976200 -6.51998091 76 114 48 0.000000 0.427862 0.001300 0.903843
-1.90849304 -0.01141500 -6.60111284 80 123 34 0.000000 -0.908224 0.001296 0.418483
-1.66802895 0.02768500 -6.60306787 83 121 40 0.000000 -0.302950 0.001227 0.953006
-1.68171406 -0.13067000 -6.43982601 171 194 138 0.000000 0.509765 0.001338 0.860313
-1.73938596 -0.09841200 -6.43884897 82 122 48 0.000000 -0.029133 0.001005 0.999575
-1.68855596 0.08535700 -6.69006491 129 122 86 0.000000 0.822094 0.001359 -0.569351
-1.90653801 0.05896500 -6.71450281 92 116 56 0.000000 0.338631 0.001250 0.940919
-1.73254395 -0.05149200 -6.49749899 81 120 46 0.000000 0.215328 0.001164 0.976541
-1.93977296 0.06385200 -6.66856003 133 144 110 0.000000 -0.493986 0.001331 0.869469
-1.74622905 -0.02510000 -6.52584600 97 126 61 0.000000 0.196558 0.001149 0.980491
-1.91631305 0.01888700 -6.61675310 88 131 40 0.000000 -0.735490 0.001380 0.677534
-1.68464601 -0.10525500 -6.44862413 97 141 50 0.000000 0.584843 0.001363 0.811146
-1.59178400 -0.05442500 -6.49945402 91 131 50 0.000000 0.101730 0.001071 0.994811
-1.69833100 -0.05931200 -6.49163389 82 120 51 0.000000 -0.039563 0.001014 0.999217
-1.84495604 -0.09939000 -6.46035385 87 126 37 0.000000 -0.858436 0.001339 0.512919
-1.67878199 0.07265000 -6.65585279 91 124 53 0.000000 0.204554 0.001156 0.978855
-1.85082102 -0.06908700 -6.49749899 91 119 68 0.000000 0.727510 0.001380 -0.686096
-1.62306404 -0.11112000 -6.45644379 84 89 65 0.000000 0.430994 0.001302 0.902354
-1.86939299 0.04234700 -6.63825798 82 121 42 0.000000 0.314746 0.001234 0.949175
-1.92022300 0.05114500 -6.66758299 86 126 39 0.000000 -0.215328 0.001164 0.976541
-1.80683398 -0.14337701 -6.38508701 94 132 57 0.000000 0.090153 0.001061 0.995927
-1.50283206 0.04332500 -6.61675310 93 133 52 0.000000 0.002938 0.000979 0.999995
-1.58494198 0.00813500 -6.57472086 122 154 74 0.000000 -0.308835 0.001230 0.951115
-1.81269801 0.00129200 -6.56983280 91 130 51 0.000000 -0.279674 0.001211 0.960094
-1.72667897 -0.07886200 -6.47501612 123 151 73 0.000000 0.941995 0.001248 0.335625
-1.85277605 0.01888700 -6.59720278 90 132 50 0.000000 -0.175594 0.001133 0.984462
-1.83713603 -0.14924200 -6.36651421 150 179 89 0.000000 0.209925 0.001160 -0.977717
-1.72667897 0.09024500 -6.68224478 126 150 74 0.000000 0.475046 0.001323 -0.879960
-1.74720597 -0.08766000 -6.47599411 88 115 58 0.000000 0.768784 0.001375 -0.639507
-1.78435099 0.00129200 -6.56787777 83 123 51 0.000000 -0.215328 0.001164 0.976541
-1.88014603 0.07753700 -6.67149305 111 141 67 0.000000 0.191268 0.001145 -0.981537
-1.63870394 -0.03292000 -6.53757620 126 158 68 0.000000 -0.050193 0.001024 -0.998739
-1.60937905 0.04919000 -6.62750578 102 136 56 0.000000 -0.085581 0.001057 0.996331
-1.81856298 -0.14826401 -6.37922096 111 150 65 0.000000 0.449834 0.001311 0.893111
-1.68757904 0.02866200 -6.60795593 120 152 81 0.000000 0.101730 0.001071 0.994811
-1.71690404 0.04919000 -6.62848282 113 138 70 0.000000 -0.008867 0.000985 0.999960
-1.62306404 -0.06615500 -6.48576880 88 129 55 0.000000 -0.056668 0.001030 0.998393
-1.56930196 -0.06811000 -6.48967886 91 134 52 0.000000 -0.020933 0.000997 0.999780
-1.60840201 0.01204500 -6.58058596 82 121 43 0.000000 0.162760 0.001122 0.986665
-1.79608095 -0.11894000 -6.40854597 84 124 43 0.000000 0.069839 0.001042 0.997558
-1.64652395 -0.03878500 -6.51998091 79 120 43 0.000000 -0.025017 0.001001 0.999686
-1.79119301 0.07656000 -6.66269493 99 135 65 0.000000 -0.173011 0.001131 0.984919
-1.79510403 0.06092000 -6.64705610 97 133 57 0.000000 0.412244 0.001292 0.911072
-1.64554703 -0.00946000 -6.56396914 102 135 66 0.000000 -0.402911 0.001287 0.915238
-1.90067303 0.07753700 -6.69495296 123 153 85 0.000000 0.985368 0.001129 0.170436
-1.73938596 -0.04953700 -6.52389097 69 95 52 0.000000 0.231726 0.001176 -0.972780
-1.87819099 0.09024500 -6.69788599 111 143 72 0.000000 0.591008 0.001365 -0.806665
-1.69735396 0.03550500 -6.63141584 171 180 134 0.000000 0.811146 0.001363 -0.584843
-1.83811295 -0.11600700 -6.43884897 86 126 38 0.000000 -0.900850 0.001304 0.434129
-1.83615804 0.03257200 -6.61675310 88 128 51 0.000000 -0.276796 0.001209 0.960928
-1.83811295 0.01595500 -6.58938313 92 135 51 0.000000 -0.160219 0.001120 0.987081
-1.48425996 -0.00848300 -6.56690121 100 123 60 0.000000 0.212622 0.001162 -0.977134
-1.77848601 0.09220000 -6.67833614 95 134 62 0.000000 -0.145143 0.001108 0.989410
-1.69833100 0.05016700 -6.63239288 102 124 65 0.000000 -0.035367 0.001010 0.999374
-1.83615804 0.06385200 -6.65585279 84 123 50 0.000000 -0.314746 0.001234 0.949175
-1.66314101 -0.11307500 -6.42711878 94 135 60 0.000000 0.350710 0.001257 0.936483
-1.68855596 0.00911200 -6.60111284 122 135 83 0.000000 0.125512 0.001091 -0.992091
-1.93586302 0.04234700 -6.65389776 108 144 68 0.000000 -0.074296 0.001046 0.997236
-1.65043402 -0.13458000 -6.43982601 144 161 126 0.000000 -0.218041 0.001166 0.975939
-1.55952704 -0.04856000 -6.50629616 86 128 46 0.000000 -0.123096 0.001089 0.992394
-1.76871097 0.06580700 -6.65194321 85 124 49 0.000000 -0.167869 0.001127 0.985809
-1.77653098 -0.04562700 -6.50238609 83 126 39 0.000000 0.000978 0.000978 0.999999
-1.94172800 0.01302200 -6.62750578 107 138 61 0.000000 -0.512919 0.001339 0.858436
-1.72667897 0.03061700 -6.60697794 88 123 56 0.000000 -0.362873 0.001264 0.931838
-1.89187598 -0.09157000 -6.51313877 90 112 52 0.000000 0.776155 0.001374 0.630540
-1.87330306 0.04821200 -6.64998817 82 122 42 0.000000 -0.484515 0.001327 0.874782
-1.87134802 -0.04465000 -6.52291298 84 126 38 0.000000 -0.575560 0.001361 0.817758
-1.59764898 -0.08766000 -6.47110701 94 136 62 0.000000 0.199215 0.001152 0.979955
-1.65043402 0.00520200 -6.58058596 92 121 56 0.000000 0.572458 0.001360 -0.819933
-1.85864103 0.01106700 -6.58449602 90 131 49 0.000000 -0.297091 0.001223 0.954848
-1.84984303 -0.02998700 -6.53366613 83 126 37 0.000000 -0.390517 0.001280 0.920595
-1.87428105 -0.11307500 -6.47990417 72 80 50 0.000000 -0.913864 0.001289 0.406019
-1.73156595 -0.08570500 -6.44960117 84 124 45 0.000000 -0.076536 0.001048 0.997066
-1.90360606 -0.01923500 -6.56005907 124 159 70 0.000000 0.372047 0.001270 -0.928213
-1.93586302 0.02573000 -6.60502291 128 162 70 0.000000 0.587928 0.001364 -0.808912
-1.91533601 -0.04953700 -6.54832792 112 139 70 0.000000 0.487672 0.001329 -0.873026
-1.76577902 0.02768500 -6.60209084 95 132 53 0.000000 0.152643 0.001114 0.988281
-1.78141904 0.11468200 -6.69495296 94 126 64 0.000000 -0.218041 0.001166 0.975939
-1.81172097 0.09317700 -6.68517780 93 131 59 0.000000 -0.173011 0.001131 0.984919
-1.71103895 0.10099700 -6.68224478 125 150 103 0.000000 0.000978 0.000978 0.999999
-1.54388702 -0.06517700 -6.48576880 89 131 45 0.000000 -0.083307 0.001055 0.996523
-1.88601100 -0.05931200 -6.52877903 127 161 70 0.000000 0.587928 0.001364 -0.808912
-1.89969599 -0.02901000 -6.54148579 119 155 60 0.000000 0.956644 0.001219 -0.291258
-1.78923905 -0.06420000 -6.47403908 75 113 42 0.000000 -0.288352 0.001217 0.957524
-1.83127105 0.00422500 -6.57765293 83 124 41 0.000000 0.753685 0.001378 0.657235
-1.81758595 0.02475200 -6.60013580 94 135 53 0.000000 -0.282560 0.001213 0.959249
-1.86548305 0.05994200 -6.67540312 88 129 39 0.000000 -0.975327 0.001168 0.220763
-1.78044105 0.04332500 -6.62359619 90 130 53 0.000000 -0.308835 0.001230 0.951115
-1.92902100 0.00618000 -6.61968613 89 130 34 0.000000 -0.175594 0.001133 0.984462
-1.60937905 -0.04367200 -6.51802588 93 125 56 0.000000 0.484515 0.001327 -0.874782
-1.81954098 -0.10330000 -6.43396091 86 127 40 0.000000 -0.344659 0.001253 0.938727
-1.75209403 0.04234700 -6.61870813 89 126 51 0.000000 0.180786 0.001137 0.983522
-1.75502598 -0.10330000 -6.45546579 144 178 84 0.000000 -0.597153 0.001366 -0.802126
-1.58005404 0.02475200 -6.59329319 79 120 32 0.000000 -0.170436 0.001129 0.985368
-1.87916803 0.02475200 -6.60697794 80 120 41 0.000000 0.050193 0.001024 0.998739
-1.57712197 -0.08277200 -6.47794914 94 139 54 0.000000 -0.010858 0.000987 0.999941
-1.65043402 -0.01923500 -6.55126095 88 127 48 0.000000 -0.372047 0.001270 0.928213
-1.72570097 0.00911200 -6.58156300 152 164 102 0.000000 0.446689 0.001310 0.894688
-1.75893605 -0.09743500 -6.43396091 86 128 42 0.000000 -0.031203 0.001007 0.999513
-1.74525106 -0.07886200 -6.45742083 86 125 51 0.000000 0.237255 0.001180 0.971447
-1.81367600 0.07851500 -6.66856003 96 135 63 0.000000 -0.175594 0.001133 0.984462
-1.69051099 -0.06713200 -6.49847603 66 93 48 0.000000 0.108776 0.001077 -0.994066
-1.69051099 0.05798700 -6.63923502 93 125 58 0.000000 -0.054502 0.001028 0.998513
-1.71201599 0.02670700 -6.60502291 127 139 85 0.000000 0.390517 0.001280 0.920595
-1.85179806 -0.13458000 -6.42614079 87 103 54 0.000000 -0.188635 0.001143 0.982047
-1.72961104 0.10490700 -6.68322277 100 133 77 0.000000 -0.078785 0.001050 0.996891
-1.91533601 0.05505500 -6.69201994 74 109 27 0.000000 -0.642481 0.001376 -0.766300
-1.56343699 0.02866200 -6.59427118 81 122 41 0.000000 -0.104070 0.001073 0.994569
-1.66802895 -0.02314500 -6.54246283 95 131 53 0.000000 -0.618487 0.001371 0.785794
-1.82833803 0.05114500 -6.63532495 102 140 62 0.000000 -0.132811 0.001098 0.991141
-1.90751600 -0.07202000 -6.53659916 91 124 41 0.000000 -0.946173 0.001240 0.323658
-1.84984303 0.10295200 -6.71254778 90 125 49 0.000000 -0.314746 0.001234 0.949175
-1.69637597 -0.07299700 -6.47697115 82 124 43 0.000000 -0.308835 0.001230 0.951115
-1.60937905 -0.00555000 -6.56005907 90 126 48 0.000000 -0.743362 0.001379 -0.668888
-1.59764898 0.08829000 -6.66758299 107 141 62 0.000000 0.977134 0.001162 -0.212622
-1.76480103 0.09122200 -6.67344809 96 133 62 0.000000 -0.273924 0.001207 0.961751
-1.64750195 -0.06908700 -6.48088121 89 130 52 0.000000 0.207235 0.001158 0.978290
-1.69637597 0.01106700 -6.58645105 81 121 42 0.000000 -0.012857 0.000989 0.999917
-1.82149601 -0.02705500 -6.53073406 104 143 62 0.000000 0.123096 0.001089 0.992394
-1.82247305 -0.02607700 -6.54930592 129 157 73 0.000000 0.125512 0.001091 -0.992091
-1.55561697 -0.03194200 -6.52095795 80 123 39 0.000000 -0.008867 0.000985 0.999960
-1.62110901 0.01400000 -6.58058596 83 120 49 0.000000 0.022971 0.000999 0.999736
-1.74231899 -0.01141500 -6.57863092 123 145 86 0.000000 0.050193 0.001024 -0.998739
-1.86352801 -0.07104200 -6.49261093 82 123 34 0.000000 -0.560008 0.001356 0.828486
-1.79021597 -0.08081700 -6.45155621 90 129 48 0.000000 0.012857 0.000989 0.999917
-1.57712197 0.08340200 -6.66367292 87 125 46 0.000000 0.090153 0.001061 0.995927
-1.70224094 -0.13653500 -6.39681721 155 182 112 0.000000 0.396706 0.001284 0.917945
-1.91533601 -0.05638000 -6.55908108 79 114 33 0.000000 -0.956644 0.001219 0.291258
-1.80878794 -0.04074000 -6.51020622 84 125 39 0.000000 -0.081042 0.001052 0.996710
-1.67584896 -0.10427700 -6.43493891 97 141 54 0.000000 0.191268 0.001145 0.981537
-1.76382399 0.05896500 -6.64216805 89 128 56 0.000000 -0.173011 0.001131 0.984919
-1.69735396 -0.08472700 -6.46915102 81 128 33 0.000000 0.099398 0.001069 0.995047
-1.64261401 -0.08668200 -6.46230888 85 129 48 0.000000 0.041673 0.001016 0.999131
-1.80292296 -0.14142200 -6.40463591 90 130 38 0.000000 -0.033281 0.001009 0.999445
-1.48035002 0.01204500 -6.58742905 76 87 53 0.000000 0.926978 0.001272 0.375114
-1.72570097 -0.02412200 -6.56592321 85 109 57 0.000000 0.462431 0.001317 -0.886654
-1.48425996 0.02768500 -6.60697794 103 119 85 0.000000 0.850780 0.001344 0.525521
-1.71592605 -0.05931200 -6.50825119 165 184 102 0.000000 -0.691755 0.001381 0.722131
-1.84104598 0.04625700 -6.63239288 85 125 48 0.000000 0.022971 0.000999 0.999736
-1.63968205 0.02866200 -6.61675310 105 130 65 0.000000 0.415362 0.001294 0.909655
-1.72863400 -0.00848300 -6.56103611 148 161 103 0.000000 0.347682 0.001255 0.937612
-1.75111604 -0.06126700 -6.50140905 73 99 54 0.000000 0.094759 0.001065 -0.995500
-1.68366897 0.08731200 -6.67638111 149 140 86 0.000000 0.434129 0.001304 -0.900850
-1.90165102 0.00618000 -6.60111284 74 113 31 0.000000 -0.544370 0.001351 0.838844
-1.78728402 -0.14337701 -6.40463591 86 126 40 0.000000 0.575560 0.001361 -0.817758
-1.79608095 -0.03976200 -6.50922918 82 123 42 0.000000 -0.308835 0.001230 0.951115
-1.66411901 -0.01141500 -6.56885576 128 158 73 0.000000 0.766300 0.001376 -0.642481
-1.52238202 0.02182000 -6.58645105 88 130 49 0.000000 0.108776 0.001077 0.994066
-1.60155904 0.03159500 -6.60600090 90 122 48 0.000000 -0.209925 0.001160 0.977717
-1.84691095 0.07069500 -6.67833614 96 134 57 0.000000 0.984462 0.001133 0.175594
-1.90067303 -0.04758200 -6.54539585 74 110 34 0.000000 -0.858436 0.001339 0.512919
-1.64456904 0.07753700 -6.65683079 83 121 48 0.000000 -0.048051 0.001022 0.998844
-1.88796604 -0.06224500 -6.51509380 84 127 36 0.000000 -0.553762 0.001354 0.832674
-1.66216397 0.05016700 -6.62946081 84 124 50 0.000000 0.063217 0.001036 0.997999
-1.85961795 -0.00261800 -6.57081079 95 137 49 0.000000 -0.090153 0.001061 0.995927
-1.83811295 -0.12578200 -6.41147900 143 161 108 0.000000 -0.058843 0.001032 -0.998267
-1.76186895 -0.03096500 -6.51802588 87 126 50 0.000000 -0.259673 0.001197 0.965696
-1.75209403 -0.12969200 -6.39095211 84 125 39 0.000000 0.104070 0.001073 0.994569
-1.80585599 -0.02119000 -6.53659916 86 126 42 0.000000 -0.231726 0.001176 0.972780
-1.71397102 -0.11209700 -6.41832209 87 132 40 0.000000 0.173011 0.001131 0.984919
-1.91729105 -0.00261800 -6.60013580 90 129 42 0.000000 -0.959249 0.001213 0.282560
-1.92804301 0.04234700 -6.62066317 128 165 70 0.000000 0.180786 0.001137 -0.983522
-1.69930899 0.07069500 -6.67149305 115 132 77 0.000000 0.094759 0.001065 -0.995500
-1.79901397 -0.05638000 -6.48870087 80 119 39 0.000000 0.452981 0.001313 0.891519
-1.75404894 0.10881700 -6.68810987 95 131 66 0.000000 -0.127937 0.001093 0.991782
-1.79119301 0.09220000 -6.68029118 97 135 63 0.000000 -0.041673 0.001016 0.999131
-1.74036396 -0.13164701 -6.38704205 82 121 41 0.000000 0.063217 0.001036 0.997999
-1.79510403 -0.16488200 -6.34989691 168 193 113 0.000000 -0.876523 0.001326 0.481358
-1.92804301 -0.00652800 -6.61968613 63 78 46 0.000000 0.824239 0.001358 -0.566240
-1.83615804 -0.16585900 -6.38508701 99 109 90 0.000000 0.242814 0.001184 0.970072
-1.88307798 0.05798700 -6.66562796 78 117 35 0.000000 -0.531813 0.001346 0.846861
-1.89089799 0.09611000 -6.71645784 101 109 88 0.000000 0.173011 0.001131 -0.984919
-1.90165102 0.05994200 -6.67931318 74 112 21 0.000000 -0.674661 0.001380 0.738126
-1.73547602 -0.06322200 -6.47892618 92 128 57 0.000000 0.237255 0.001180 0.971447
-1.61231196 -0.08375000 -6.46915102 92 133 61 0.000000 -0.199215 0.001152 0.979955
-1.74427402 -0.02705500 -6.56103611 81 109 60 0.000000 0.977717 0.001160 0.209925
-1.60058200 -0.10525500 -6.45742083 110 146 76 0.000000 0.207235 0.001158 0.978290
-1.69539905 0.06874000 -6.65194321 107 123 65 0.000000 -0.008867 0.000985 0.999960
-1.57418895 0.06580700 -6.64119101 117 151 64 0.000000 0.065416 0.001038 -0.997858
-1.87623596 -0.07104200 -6.49945402 84 126 35 0.000000 -0.276796 0.001209 0.960928
-1.65336704 -0.11991700 -6.43493891 94 133 76 0.000000 -0.478202 0.001325 0.878249
-1.85277605 0.07949200 -6.68517780 82 122 41 0.000000 -0.553762 0.001354 0.832674
-1.65923202 -0.06029000 -6.49163389 81 122 39 0.000000 0.240031 0.001182 0.970765
-1.68562400 -0.08375000 -6.45937586 80 122 43 0.000000 -0.279674 0.001211 0.960094
-1.68855596 0.10295200 -6.68029118 183 138 113 0.000000 0.008867 0.000985 0.999960
-1.91044796 -0.03292000 -6.57374287 121 153 77 0.000000 0.288352 0.001217 0.957524
-1.50087702 -0.02216700 -6.52780104 82 122 44 0.000000 -0.090153 0.001061 0.995927
-1.59080696 0.04625700 -6.61968613 109 144 60 0.000000 -0.118289 0.001085 0.992979
-1.70028603 0.01204500 -6.60600090 182 191 127 0.000000 0.353743 0.001259 -0.935342
-1.89480805 0.08144700 -6.70766020 117 136 88 0.000000 0.894688 0.001310 0.446689
-1.67975903 -0.09450200 -6.44569206 87 129 51 0.000000 0.000978 0.000978 0.999999
-1.73645401 0.06385200 -6.64510107 87 127 52 0.000000 -0.273924 0.001207 0.961751
-1.92706501 0.02670700 -6.63337088 103 145 46 0.000000 0.201881 0.001154 0.979409
-1.78630602 0.08340200 -6.67149305 98 137 66 0.000000 -0.332624 0.001246 0.943059
-1.81856298 0.08535700 -6.67735815 96 135 59 0.000000 -0.323658 0.001240 0.946173
-1.80976605 -0.12969200 -6.39583921 93 135 46 0.000000 -0.294171 0.001221 0.955752
-1.52726996 0.04625700 -6.61675310 97 135 58 0.000000 0.002938 0.000979 0.999995
-1.58885205 -0.02216700 -6.53659916 81 123 38 0.000000 -0.215328 0.001164 0.976541
-1.67193902 -0.12382700 -6.43396091 93 132 67 0.000000 0.043791 0.001018 0.999040
-1.86450601 0.07753700 -6.66953802 92 122 60 0.000000 0.010858 0.000987 -0.999941
-1.68269098 0.04528000 -6.63532495 103 122 63 0.000000 0.196558 0.001149 -0.980491
-1.76382399 -0.08961500 -6.44178200 82 121 43 0.000000 -0.173011 0.001131 0.984919
-1.65727699 0.10588500 -6.68029118 93 126 69 0.000000 0.039563 0.001014 0.999217
-1.79412603 0.01888700 -6.59231615 92 131 49 0.000000 0.297091 0.001223 0.954848
-1.55757201 0.00715700 -6.56690121 86 125 43 0.000000 0.008867 0.000985 0.999960
-1.66216397 -0.10525500 -6.43689394 96 138 57 0.000000 0.052343 0.001026 0.998629
-1.79901397 -0.14826401 -6.39290714 81 119 37 0.000000 -0.730182 0.001380 0.683251
-1.68171406 -0.12969200 -6.40952396 112 144 74 0.000000 0.335625 0.001248 0.941995
-1.69637597 -0.00066300 -6.56592321 85 124 46 0.000000 -0.052343 0.001026 0.998629
-1.50967503 0.04919000 -6.62555122 97 135 54 0.000000 0.487672 0.001329 0.873026
-1.76577902 -0.12480500 -6.40072680 88 129 44 0.000000 -0.381263 0.001275 0.924466
-1.61231196 0.01791000 -6.59036112 84 124 44 0.000000 0.387428 0.001279 0.921899
-1.90653801 0.02377500 -6.62164116 85 127 40 0.000000 -0.406019 0.001289 0.913864
-1.93195295 -0.00750500 -6.58742905 120 151 71 0.000000 0.822094 0.001359 -0.569351
-1.67096102 0.05114500 -6.64216805 97 118 62 0.000000 0.353743 0.001259 -0.935342
-1.90751600 -0.00261800 -6.60991096 85 128 38 0.000000 -0.905318 0.001299 0.424733
-1.52629197 -0.01630300 -6.53855419 91 132 49 0.000000 -0.173011 0.001131 0.984919
-1.74720597 0.07460500 -6.66073990 91 125 54 0.000000 0.000978 0.000978 0.999999
-1.67487097 -0.07299700 -6.46817398 78 119 40 0.000000 0.101730 0.001071 0.994811
-1.58885205 -0.03780700 -6.51704884 80 121 37 0.000000 -0.212622 0.001162 0.977134
-1.85864103 -0.12187200 -6.44373703 60 68 38 0.000000 0.999736 0.000999 -0.022971
-1.77653098 -0.15901700 -6.38704205 72 111 23 0.000000 0.722131 0.001381 0.691755
-1.49989998 0.01400000 -6.57960796 92 134 49 0.000000 -0.081042 0.001052 0.996710
-1.55952704 0.08144700 -6.66073990 134 166 94 0.000000 0.724826 0.001381 0.688930
-1.77653098 -0.02314500 -6.56494617 61 88 45 0.000000 -0.167869 0.001127 -0.985809
-1.90360606 -0.07006500 -6.51411581 89 125 40 0.000000 -0.065416 0.001038 0.997858
-1.84104598 0.10393000 -6.69788599 134 162 87 0.000000 0.256844 0.001195 -0.966452
-1.82540596 -0.15901700 -6.37922096 120 148 102 0.000000 0.288352 0.001217 0.957524
-1.93195295 -0.04269500 -6.58058596 87 104 59 0.000000 0.992979 0.001085 -0.118289
-1.59960401 -0.03487500 -6.52780104 98 129 58 0.000000 0.305890 0.001228 -0.952066
-1.82638299 -0.06811000 -6.47892618 82 124 37 0.000000 -0.323658 0.001240 0.946173
-1.59764898 0.05994200 -6.63532495 114 148 63 0.000000 0.240031 0.001182 -0.970765
-1.65043402 0.06776200 -6.65292120 133 148 78 0.000000 0.123096 0.001089 -0.992394
-1.72472405 -0.11503000 -6.41441202 90 132 49 0.000000 0.242814 0.001184 0.970072
-1.73254395 -0.02901000 -6.55712605 62 88 47 0.000000 0.111142 0.001079 -0.993804
-1.73156595 0.12347900 -6.69006491 81 86 73 0.000000 -0.072063 0.001044 0.997400
-1.81465304 0.04332500 -6.62457323 91 134 50 0.000000 0.010858 0.000987 0.999941
-1.74036396 0.05603200 -6.63630295 88 126 57 0.000000 0.069839 0.001042 0.997558
-1.50185502 -0.00359500 -6.55419397 93 136 55 0.000000 0.152643 0.001114 0.988281
-1.75209403 0.01791000 -6.59133816 89 130 51 0.000000 0.191268 0.001145 0.981537
-1.91533601 0.06385200 -6.65780783 125 160 71 0.000000 0.022971 0.000999 -0.999736
-1.79217100 -0.01239300 -6.54735088 112 148 73 0.000000 -0.160219 0.001120 0.987081
-1.69442105 -0.05247000 -6.51118422 77 104 58 0.000000 -0.113516 0.001081 -0.993536
-1.52140498 0.05212200 -6.63141584 110 147 62 0.000000 0.912475 0.001291 -0.409130
-1.55757201 0.03843700 -6.60795593 86 124 45 0.000000 0.002938 0.000979 0.999995
-1.74329603 -0.04758200 -6.50043106 81 114 45 0.000000 0.265352 0.001201 0.964151
-1.63772702 0.01986500 -6.60111284 99 127 61 0.000000 0.157685 0.001118 -0.987489
-1.82540596 0.03257200 -6.61186600 88 130 52 0.000000 0.193909 0.001147 0.981019
-1.88503301 0.08340200 -6.69006491 125 156 78 0.000000 0.966452 0.001195 -0.256844
-1.86157298 0.10490700 -6.70766020 124 153 82 0.000000 0.788169 0.001371 -0.615457
-1.57321203 0.04234700 -6.61284304 107 142 57 0.000000 -0.092452 0.001063 0.995717
-1.85864103 -0.06029000 -6.50043106 81 125 35 0.000000 -0.578659 0.001362 0.815569
-1.90556097 0.08829000 -6.71743488 81 87 74 0.000000 0.406019 0.001289 -0.913864
-1.66216397 -0.03194200 -6.52975607 79 118 47 0.000000 0.276796 0.001209 0.960928
-1.75502598 -0.05833500 -6.48283577 130 159 91 0.000000 0.196558 0.001149 0.980491
-1.81074297 0.01009000 -6.58449602 91 131 48 0.000000 0.186011 0.001141 0.982547
-1.76871097 -0.10721000 -6.42418718 86 128 40 0.000000 -0.207235 0.001158 0.978290
-1.87330306 0.08731200 -6.71059322 90 132 35 0.000000 -0.522373 0.001343 0.852716
-1.89871800 -0.03683000 -6.55126095 74 109 29 0.000000 0.665988 0.001379 0.745961
-1.92217803 -0.04367200 -6.56396914 119 140 92 0.000000 0.906778 0.001297 -0.421606
-1.83909094 -0.00848300 -6.55810404 88 126 49 0.000000 -0.142660 0.001106 0.989771
-1.76968896 0.11468200 -6.69495296 110 142 81 0.000000 0.209925 0.001160 0.977717
-1.54290903 -0.03585200 -6.51998091 84 127 38 0.000000 -0.076536 0.001048 0.997066
-1.90262794 0.08829000 -6.70081806 128 158 84 0.000000 0.979955 0.001152 0.199215
-1.72472405 -0.06420000 -6.50238609 123 145 104 0.000000 -0.541234 0.001350 -0.840871
-1.75111604 -0.11991700 -6.43982601 91 118 75 0.000000 0.648407 0.001377 -0.761293
-1.94465995 0.05407700 -6.66269493 55 61 49 0.000000 0.844879 0.001347 0.534955
-1.63577199 -0.11503000 -6.43200588 92 138 45 0.000000 0.305890 0.001228 0.952066
-1.65043402 0.05994200 -6.64314604 126 146 73 0.000000 0.954848 0.001223 -0.297091
-1.64359200 -0.06126700 -6.48967886 78 120 36 0.000000 -0.022971 0.000999 0.999736
-1.91826797 -0.02998700 -6.60893297 100 107 91 0.000000 0.928213 0.001270 0.372047
-1.65336704 0.04137000 -6.63141584 111 140 68 0.000000 0.076536 0.001048 -0.997066
-1.86255097 -0.09157000 -6.47012901 85 126 37 0.000000 -0.584843 0.001363 0.811146
-1.84984303 -0.03683000 -6.52389097 83 126 38 0.000000 -0.254023 0.001193 0.967197
-1.69344401 0.09415500 -6.69593000 186 139 111 0.000000 0.993804 0.001079 -0.111142
-1.66802895 0.09806500 -6.67540312 93 122 67 0.000000 -0.016879 0.000993 0.999857
-1.84300101 -0.05735700 -6.49749899 77 118 31 0.000000 -0.475046 0.001323 0.879960
-1.58885205 0.06776200 -6.64412308 109 141 62 0.000000 0.372047 0.001270 -0.928213
-1.60937905 0.06092000 -6.63727999 91 131 49 0.000000 -0.145143 0.001108 0.989410
-1.65825403 -0.07104200 -6.47697115 86 128 48 0.000000 0.056668 0.001030 0.998393
-1.64750195 -0.02803200 -6.54441786 108 138 61 0.000000 0.085581 0.001057 -0.996331
-1.66802895 -0.05344700 -6.50336409 90 128 47 0.000000 0.409130 0.001291 0.912475
-1.90165102 -0.05149200 -6.53268909 107 139 63 0.000000 0.987889 0.001116 0.155160
-1.75795901 -0.05247000 -6.52291298 122 148 87 0.000000 0.983996 0.001135 -0.178186
-1.49012494 0.04625700 -6.62066317 145 159 109 0.000000 -0.271059 0.001205 0.962562
-1.70028603 0.02573000 -6.60502291 85 122 47 0.000000 0.085581 0.001057 0.996331
-1.59276199 -0.09450200 -6.46328592 99 143 59 0.000000 0.256844 0.001195 0.966452
-1.87916803 -0.03683000 -6.53659916 83 124 36 0.000000 -0.531813 0.001346 0.846861
-1.72179103 0.02279700 -6.59720278 115 134 70 0.000000 0.276796 0.001209 0.960928
-1.87525797 0.07069500 -6.68126822 77 115 35 0.000000 -0.550634 0.001353 0.834745
-1.50283206 -0.04465000 -6.51802588 124 130 113 0.000000 0.771254 0.001375 0.636526
-1.69442105 0.05114500 -6.65487623 117 134 85 0.000000 0.443546 0.001308 -0.896251
-1.86157298 0.08144700 -6.69397497 83 124 33 0.000000 -0.344659 0.001253 0.938727
-1.82540596 -0.01825700 -6.54148579 86 128 43 0.000000 0.010858 0.000987 0.999941
-1.71788096 -0.06126700 -6.48674583 76 115 52 0.000000 0.856545 0.001340 0.516071
-1.70810604 -0.03389700 -6.52975607 79 119 46 0.000000 0.108776 0.001077 0.994066
-1.48914695 -0.02119000 -6.55712605 65 95 45 0.000000 0.493986 0.001331 -0.869469
-1.57712197 -0.11112000 -6.46817398 62 73 56 0.000000 0.344659 0.001253 0.938727
-1.66900599 -0.00457300 -6.57765293 113 140 68 0.000000 0.516071 0.001340 -0.856545
-1.60937905 0.00520200 -6.56983280 77 117 41 0.000000 0.193909 0.001147 0.981019
-1.75698102 -0.09645700 -6.46621895 79 108 56 0.000000 0.344659 0.001253 -0.938727
-1.88601100 0.03843700 -6.63727999 81 122 44 0.000000 -0.157685 0.001118 0.987489
-1.84104598 -0.08863700 -6.46328592 83 125 36 0.000000 -0.305890 0.001228 0.952066
-1.92608798 0.01693200 -6.62359619 97 141 44 0.000000 0.300017 0.001225 0.953933
-1.89969599 -0.01434800 -6.57765293 76 111 29 0.000000 -0.802126 0.001366 0.597153
-1.73840904 -0.11600700 -6.43396091 131 162 70 0.000000 0.041673 0.001016 -0.999131
-1.78728402 -0.10036700 -6.42907381 86 125 44 0.000000 -0.311788 0.001232 0.950151
-1.55268395 0.05114500 -6.61773109 91 131 49 0.000000 0.035367 0.001010 0.999374
-1.75307095 0.05701000 -6.63923502 89 130 55 0.000000 0.010858 0.000987 0.999941
-1.52042699 -0.04953700 -6.50238609 87 127 39 0.000000 0.000978 0.000978 0.999999
-1.81465304 -0.00652800 -6.55614901 85 126 46 0.000000 0.002938 0.000979 0.999995
-1.83518100 -0.12187200 -6.42516422 75 112 33 0.000000 -0.761293 0.001377 0.648407
-1.62306404 0.06580700 -6.64705610 101 132 57 0.000000 0.268202 0.001203 -0.963362
-1.70517397 -0.05344700 -6.49847603 80 119 45 0.000000 0.237255 0.001180 0.971447
-1.57223403 0.05407700 -6.62652779 105 140 56 0.000000 -0.279674 0.001211 -0.960094
-1.84788799 0.10979400 -6.72134495 62 72 47 0.000000 -0.707106 0.001384 0.707106
-1.91631305 -0.07104200 -6.51802588 95 118 71 0.000000 -0.326641 0.001242 0.945148
-1.62599695 -0.03683000 -6.52780104 95 131 54 0.000000 -0.048051 0.001022 0.998844
-1.78923905 -0.11112000 -6.41734409 86 124 46 0.000000 0.074296 0.001046 0.997236
-1.94270504 0.05896500 -6.64314604 138 170 81 0.000000 0.648407 0.001377 -0.761293
-1.79705799 0.05212200 -6.63630295 91 130 52 0.000000 -0.135260 0.001100 0.990809
-1.69637597 -0.11307500 -6.42320919 95 137 66 0.000000 0.660161 0.001378 0.751123
-1.50478697 -0.03487500 -6.51216078 89 125 42 0.000000 -0.074296 0.001046 0.997236
-1.86646104 0.03257200 -6.61968613 87 129 45 0.000000 -0.326641 0.001242 0.945148
-1.92608798 -0.05735700 -6.53366613 96 97 84 0.000000 -0.468736 0.001320 0.883337
-1.65532196 -0.08570500 -6.46230888 90 130 58 0.000000 0.335625 0.001248 0.941995
-1.71006095 -0.12871499 -6.39877176 98 138 56 0.000000 0.302950 0.001227 0.953006
-1.64554703 0.10002000 -6.67735815 94 129 69 0.000000 0.152643 0.001114 0.988281
-1.68073595 0.08047000 -6.66367292 115 135 72 0.000000 -0.120688 0.001087 0.992690
-1.54486501 -0.05149200 -6.50434113 88 131 47 0.000000 0.087863 0.001059 0.996132
-1.69148898 -0.01825700 -6.54832792 88 128 47 0.000000 0.076536 0.001048 0.997066
-1.70712900 0.08731200 -6.67833614 136 147 76 0.000000 -0.487672 0.001329 0.873026
-1.83909094 -0.13458000 -6.41832209 80 113 39 0.000000 -0.856545 0.001340 0.516071
-1.75698102 -0.04269500 -6.50043106 95 128 60 0.000000 0.002938 0.000979 0.999995
-1.58396399 -0.04660500 -6.50727415 83 124 43 0.000000 -0.167869 0.001127 0.985809
-1.66411901 0.05896500 -6.64998817 123 147 72 0.000000 0.865851 0.001334 -0.500299
-1.82540596 -0.11796200 -6.41929913 85 128 41 0.000000 -0.350710 0.001257 0.936483
-1.74036396 -0.04269500 -6.53268909 112 137 73 0.000000 0.305890 0.001228 -0.952066
-1.68269098 0.05212200 -6.64607811 81 95 56 0.000000 0.294171 0.001221 -0.955752
-1.63479400 0.05896500 -6.64021301 113 134 64 0.000000 0.104070 0.001073 -0.994569
-1.89383101 0.07656000 -6.68224478 129 159 84 0.000000 0.905318 0.001299 -0.424733
-1.69344401 -0.11405200 -6.43982601 95 136 51 0.000000 -0.913864 0.001289 0.406019
-1.59373903 -0.07104200 -6.48576880 88 132 46 0.000000 0.029133 0.001005 0.999575
-1.84495604 0.05798700 -6.64901114 85 125 47 0.000000 -0.368984 0.001268 0.929435
-1.88698804 -0.07886200 -6.52291298 103 121 76 0.000000 0.406019 0.001289 -0.913864
-1.92608798 0.05212200 -6.69201994 76 93 45 0.000000 -0.597153 0.001366 0.802126
-1.68464601 0.02866200 -6.61870813 118 134 84 0.000000 0.883337 0.001320 -0.468736
-1.65629900 -0.00946000 -6.56103611 94 130 52 0.000000 0.763803 0.001376 0.645448
-1.53997695 0.00618000 -6.56690121 89 129 53 0.000000 -0.147635 0.001110 0.989041
-1.89969599 0.01595500 -6.60600090 87 129 45 0.000000 -0.639507 0.001375 0.768784
-1.52726996 0.05994200 -6.65389776 109 134 88 0.000000 0.475046 0.001323 -0.879960
-1.62599695 -0.12187200 -6.44471407 141 160 105 0.000000 0.300017 0.001225 0.953933
-1.82638299 0.09024500 -6.68810987 91 131 52 0.000000 -0.481358 0.001326 0.876523
-1.66998398 -0.13751200 -6.42614079 86 93 77 0.000000 0.917945 0.001284 -0.396706
-1.61915398 -0.05833500 -6.49554300 83 124 43 0.000000 -0.155160 0.001116 0.987889
-1.79901397 -0.00261800 -6.56103611 88 127 52 0.000000 -0.150135 0.001112 0.988665
-1.71788096 -0.04856000 -6.50629616 79 118 47 0.000000 0.000978 0.000978 0.999999
-1.71788096 -0.01630300 -6.56690121 136 152 105 0.000000 0.886654 0.001317 -0.462431
-1.88992095 -0.02119000 -6.56005907 73 108 29 0.000000 -0.630540 0.001374 0.776155
-1.78435099 -0.12285000 -6.40561390 84 122 40 0.000000 -0.204554 0.001156 0.978855
-1.70615101 0.06776200 -6.64803314 129 142 83 0.000000 0.268202 0.001203 0.963362
-1.75698102 0.09806500 -6.68126822 98 135 68 0.000000 -0.147635 0.001110 0.989041
-1.79999101 -0.16585900 -6.37922096 97 134 39 0.000000 -0.271059 0.001205 0.962562
-1.83909094 -0.13946700 -6.38997412 57 64 49 0.000000 0.446689 0.001310 0.894688
-1.86646104 0.09122200 -6.69299793 102 133 65 0.000000 0.677534 0.001380 -0.735490
-1.53215694 0.07460500 -6.65096617 90 103 76 0.000000 0.311788 0.001232 0.950151
-1.72472405 -0.02510000 -6.53757620 81 118 49 0.000000 0.553762 0.001354 0.832674
-1.90653801 -0.01043800 -6.59036112 76 116 28 0.000000 -0.844879 0.001347 0.534955
-1.52336001 -0.01043800 -6.54735088 81 123 45 0.000000 -0.090153 0.001061 0.995927
-1.79119301 -0.14337701 -6.38704205 84 123 35 0.000000 -0.268202 0.001203 0.963362
-1.68562400 0.06874000 -6.66562796 180 183 133 0.000000 0.430994 0.001302 -0.902354
-1.55757201 -0.08570500 -6.47697115 140 167 106 0.000000 0.027071 0.001003 0.999633
-1.60253704 -0.05051500 -6.50434113 83 123 46 0.000000 -0.097074 0.001067 0.995277
-1.88894296 -0.00652800 -6.57374287 80 122 36 0.000000 -0.581753 0.001362 0.813364
-1.83420300 -0.04856000 -6.50727415 80 122 29 0.000000 -0.262509 0.001199 0.964929
-1.95736802 0.02182000 -6.61284304 133 169 74 0.000000 0.817758 0.001361 -0.575560
-1.89285302 0.05407700 -6.66269493 88 130 41 0.000000 -0.716707 0.001381 0.697373
-1.61915398 -0.09352500 -6.45839882 92 140 47 0.000000 0.072063 0.001044 0.997400
-1.75795901 -0.00652800 -6.55712605 92 127 60 0.000000 0.167869 0.001127 0.985809
-1.74525106 -0.05833500 -6.51900291 102 128 70 0.000000 0.094759 0.001065 -0.995500
-1.79217100 0.03159500 -6.60502291 93 131 57 0.000000 -0.362873 0.001264 0.931838
-1.70126402 0.08340200 -6.66562796 124 137 83 0.000000 -0.127937 0.001093 0.991782
-1.67487097 0.01009000 -6.58547401 84 122 47 0.000000 0.544370 0.001351 0.838844
-1.84886599 -0.00261800 -6.56885576 84 123 44 0.000000 -0.076536 0.001048 0.997066
-1.68269098 -0.11796200 -6.41929913 107 148 69 0.000000 0.356781 0.001261 0.934187
-1.63674903 -0.11600700 -6.44960117 206 220 182 0.000000 -0.308835 0.001230 0.951115
-1.55463898 -0.01532500 -6.54148579 83 123 35 0.000000 -0.130369 0.001096 0.991465
-1.80683398 -0.09841200 -6.43298388 82 124 42 0.000000 -0.302950 0.001227 0.953006
-1.50576496 -0.01337000 -6.54148579 89 132 47 0.000000 0.065416 0.001038 0.997858
-1.92217803 -0.04269500 -6.58645105 88 96 76 0.000000 0.826370 0.001357 0.563126
-1.85179806 -0.06811000 -6.48674583 77 119 30 0.000000 -0.544370 0.001351 0.838844
-1.83615804 0.11077200 -6.70472813 134 165 91 0.000000 0.572458 0.001360 -0.819933
-1.85864103 -0.16585900 -6.34989691 229 229 174 0.000000 0.456129 0.001314 -0.889912
-1.77653098 0.02866200 -6.60306787 102 136 69 0.000000 0.056668 0.001030 0.998393
-1.53215694 -0.05247000 -6.50140905 86 129 47 0.000000 0.145143 0.001108 0.989410
-1.67389405 0.03746000 -6.62555122 120 149 68 0.000000 -0.135260 0.001100 -0.990809
-1.76675606 -0.01923500 -6.53757620 86 124 48 0.000000 0.002938 0.000979 0.999995
-1.77555394 -0.11405200 -6.41636705 86 126 45 0.000000 0.434129 0.001304 0.900850
-1.53704500 0.01595500 -6.57667589 84 126 43 0.000000 0.118289 0.001085 0.992979
-1.88601100 -0.09059200 -6.50140905 89 112 49 0.000000 -0.999976 0.000983 0.006883
-1.71103895 0.00911200 -6.58351898 85 119 46 0.000000 -0.302950 0.001227 0.953006
-1.82931602 -0.08472700 -6.46035385 87 129 37 0.000000 -0.218041 0.001166 0.975939
-1.66802895 0.01204500 -6.59427118 133 157 85 0.000000 0.384343 0.001277 -0.923189
-1.76577902 0.07362700 -6.65878487 121 148 85 0.000000 0.039563 0.001014 0.999217
-1.59862697 0.03941500 -6.61284304 94 132 49 0.000000 -0.223492 0.001170 0.974705
-1.90360606 0.03061700 -6.62946081 83 125 40 0.000000 -0.356781 0.001261 0.934187
-1.78239596 0.03648200 -6.61284304 92 131 57 0.000000 -0.113516 0.001081 0.993536
-1.80585599 0.06189700 -6.64705610 113 147 75 0.000000 -0.065416 0.001038 0.997858
-1.51163006 0.04137000 -6.61088800 97 139 59 0.000000 0.067624 0.001040 0.997710
-1.63870394 0.09415500 -6.67149305 96 132 65 0.000000 -0.065416 0.001038 0.997858
-1.85961795 0.06678500 -6.66953802 77 115 40 0.000000 -0.516071 0.001340 0.856545
-1.75502598 0.00031500 -6.56983280 106 139 63 0.000000 0.018902 0.000995 0.999821
-1.83811295 -0.07006500 -6.47990417 79 119 33 0.000000 -0.387428 0.001279 0.921899
-1.92999804 0.05798700 -6.67051601 103 117 82 0.000000 0.506611 0.001337 0.862174
-1.67780399 0.03257200 -6.60991096 85 122 43 0.000000 -0.259673 0.001197 0.965696
-1.76675606 0.08144700 -6.66660500 101 136 67 0.000000 -0.094759 0.001065 0.995500
-1.53508902 -0.04367200 -6.51020622 86 128 47 0.000000 -0.056668 0.001030 0.998393
-1.82638299 0.11663700 -6.71547985 113 121 99 0.000000 -0.621510 0.001372 0.783405
-1.51358497 -0.00066300 -6.55908108 92 134 49 0.000000 -0.054502 0.001028 0.998513
-1.53411198 -0.07006500 -6.48674583 143 162 112 0.000000 0.440405 0.001307 0.897798
-1.85864103 -0.01630300 -6.55223799 83 126 40 0.000000 -0.387428 0.001279 0.921899
-1.64065897 -0.10232200 -6.44275904 93 138 53 0.000000 0.050193 0.001024 0.998739
-1.82442796 -0.00946000 -6.55321598 88 128 48 0.000000 -0.160219 0.001120 0.987081
-1.93097496 -0.06126700 -6.56103611 60 68 47 0.000000 0.906778 0.001297 -0.421606
-1.84886599 -0.09352500 -6.48283577 81 110 56 0.000000 0.748548 0.001379 -0.663079
-1.76186895 0.03941500 -6.61577606 94 132 55 0.000000 -0.050193 0.001024 0.998739
-1.80781102 -0.15706199 -6.36358213 96 134 51 0.000000 -0.657235 0.001378 0.753685
-1.79021597 -0.15706199 -6.38215399 175 198 123 0.000000 -0.155160 0.001116 0.987889
-1.80487800 0.03843700 -6.61870813 91 132 49 0.000000 -0.022971 0.000999 0.999736
-1.84593296 -0.11991700 -6.42027712 84 104 68 0.000000 0.897798 0.001307 -0.440405
-1.62013197 -0.00946000 -6.55712605 87 127 40 0.000000 -0.279674 0.001211 0.960094
-1.69833100 0.00227000 -6.59329319 149 161 112 0.000000 0.231726 0.001176 -0.972780
-1.78044105 -0.07984000 -6.45546579 79 118 40 0.000000 0.178186 0.001135 0.983996
-1.63870394 0.05016700 -6.63141584 101 130 59 0.000000 0.265352 0.001201 0.964151
-1.87134802 0.03550500 -6.64607811 80 122 40 0.000000 0.999857 0.000993 0.016879
-1.92804301 0.03257200 -6.61186600 131 166 72 0.000000 0.993804 0.001079 -0.111142
-1.74231899 -0.03780700 -6.51313877 100 128 57 0.000000 0.065416 0.001038 0.997858
-1.55170703 -0.07299700 -6.47990417 93 137 45 0.000000 -0.547504 0.001352 0.836802
-1.70908403 -0.08472700 -6.45546579 85 128 45 0.000000 0.104070 0.001073 0.994569
-1.72570097 -0.04171700 -6.52877903 181 204 118 0.000000 0.031203 0.001007 -0.999513
-1.74622905 -0.11307500 -6.41636705 82 124 44 0.000000 0.101730 0.001071 0.994811
-1.65336704 -0.02412200 -6.53659916 83 120 49 0.000000 -0.353743 0.001259 0.935342
-1.80683398 -0.16879199 -6.36553717 96 131 44 0.000000 0.748548 0.001379 0.663079
-1.69637597 0.02084200 -6.61479807 142 154 110 0.000000 0.471891 0.001322 -0.881656
-1.87916803 -0.09352500 -6.51118422 100 105 79 0.000000 0.806665 0.001365 -0.591008
-1.54193199 -0.00164000 -6.55419397 85 127 45 0.000000 0.240031 0.001182 0.970765
-1.67193902 -0.02901000 -6.53464413 93 133 49 0.000000 -0.010858 0.000987 0.999941
-1.73352098 0.07851500 -6.66367292 105 136 64 0.000000 0.006883 0.000983 0.999976
-1.80096900 -0.02705500 -6.52584600 83 123 42 0.000000 -0.279674 0.001211 0.960094
-1.56441402 -0.09352500 -6.47012901 140 173 122 0.000000 -0.035367 0.001010 0.999374
-1.80781102 -0.12089500 -6.40952396 88 131 45 0.000000 -0.167869 0.001127 0.985809
-1.91435802 0.03843700 -6.64119101 100 144 50 0.000000 0.226229 0.001172 0.974073
-1.92706501 0.01009000 -6.63141584 88 133 35 0.000000 -0.487672 0.001329 0.873026
-1.56245899 0.06385200 -6.63630295 104 142 57 0.000000 0.254023 0.001193 0.967197
-1.57614398 -0.02216700 -6.53659916 80 120 39 0.000000 -0.025017 0.001001 0.999686
-1.63381696 0.08047000 -6.65976286 88 124 54 0.000000 0.329630 0.001244 0.944109
-1.80096900 0.00520200 -6.57569790 90 132 55 0.000000 0.029133 0.001005 0.999575
-1.73938596 0.01497700 -6.58840609 80 122 39 0.000000 0.314746 0.001234 0.949175
-1.72374594 -0.10721000 -6.42614079 87 128 49 0.000000 0.409130 0.001291 0.912475
-1.78239596 -0.01043800 -6.55028296 103 135 70 0.000000 -0.160219 0.001120 0.987081
-1.51847196 0.03159500 -6.59915781 93 134 56 0.000000 0.072063 0.001044 0.997400
-1.72276902 -0.13458000 -6.38704205 94 126 56 0.000000 0.173011 0.001131 0.984919
-1.82149601 -0.03194200 -6.54050922 122 150 70 0.000000 0.245605 0.001186 -0.969369
-1.70419598 -0.07690700 -6.46915102 86 126 54 0.000000 0.152643 0.001114 0.988281
-1.88503301 0.07851500 -6.69984102 95 131 53 0.000000 -0.512919 0.001339 0.858436
-1.56343699 -0.04171700 -6.51411581 83 126 44 0.000000 -0.188635 0.001143 0.982047
-1.78141904 0.01009000 -6.58058596 86 126 47 0.000000 -0.078785 0.001050 0.996891
-1.79901397 0.11077200 -6.70179605 90 125 58 0.000000 -0.465583 0.001319 0.885003
-1.80096900 0.07753700 -6.66562796 100 137 65 0.000000 -0.162760 0.001122 0.986665
-1.68757904 -0.07886200 -6.46817398 86 127 49 0.000000 -0.443546 0.001308 0.896251
-1.64456904 -0.12480500 -6.43298388 175 200 154 0.000000 0.500299 0.001334 0.865851
-1.92413294 0.00031500 -6.61284304 81 119 34 0.000000 -0.556887 0.001355 0.830587
-1.72081399 -0.03487500 -6.52193594 80 119 47 0.000000 0.674661 0.001380 0.738126
-1.67780399 -0.11209700 -6.44373703 98 143 48 0.000000 0.362873 0.001264 0.931838
-1.66705203 -0.00164000 -6.56787777 93 131 52 0.000000 -0.033281 0.001009 0.999445
-1.89480805 -0.07104200 -6.52389097 82 114 41 0.000000 0.372047 0.001270 0.928213
-1.63283896 -0.08961500 -6.46328592 94 136 58 0.000000 0.115898 0.001083 0.993261
-1.80096900 0.02475200 -6.59720278 94 133 53 0.000000 -0.199215 0.001152 0.979955
-1.83713603 -0.14240000 -6.37433386 162 184 107 0.000000 -0.228974 0.001174 0.973432
-1.73938596 -0.00946000 -6.54930592 90 121 52 0.000000 -0.058843 0.001032 0.998267
-1.86646104 0.04137000 -6.62750578 89 130 48 0.000000 -0.421606 0.001297 0.906778
-1.75404894 -0.01434800 -6.57472086 122 146 85 0.000000 -0.081042 0.001052 -0.996710
-1.61817706 -0.11112000 -6.44471407 108 146 65 0.000000 0.282560 0.001213 0.959249
-1.70028603 0.10099700 -6.67833614 126 135 92 0.000000 -0.276796 0.001209 0.960928
-1.54095399 0.06092000 -6.63630295 98 140 56 0.000000 0.150135 0.001112 0.988665
-1.74720597 -0.08668200 -6.46524096 69 93 49 0.000000 0.905318 0.001299 0.424733
-1.52238202 -0.02412200 -6.52877903 77 121 41 0.000000 -0.065416 0.001038 0.997858
-1.93684006 0.03061700 -6.62457323 130 166 69 0.000000 0.478202 0.001325 -0.878249
-1.62892902 0.05310000 -6.63239288 148 163 98 0.000000 -0.279674 0.001211 0.960094
-1.90556097 -0.07886200 -6.50922918 108 125 79 0.000000 -0.509765 0.001338 0.860313
-1.83127105 -0.02998700 -6.52682400 85 127 39 0.000000 -0.285453 0.001215 0.958392
-1.64554703 -0.11209700 -6.43200588 92 134 55 0.000000 0.412244 0.001292 0.911072
-1.72276902 -0.08375000 -6.45742083 84 126 46 0.000000 0.294171 0.001221 0.955752
-1.88210106 0.09611000 -6.71059322 139 163 103 0.000000 0.668888 0.001379 -0.743362
-1.70615101 -0.10134500 -6.43396091 86 129 46 0.000000 0.262509 0.001199 0.964929
-1.74329603 -0.01630300 -6.54050922 91 124 50 0.000000 0.421606 0.001297 0.906778
-1.78239596 -0.08766000 -6.44178200 84 122 45 0.000000 -0.381263 0.001275 0.924466
-1.87330306 0.01888700 -6.60111284 86 129 43 0.000000 -0.500299 0.001334 0.865851
-1.59960401 -0.07690700 -6.47990417 96 138 58 0.000000 0.228974 0.001174 0.973432
-1.68171406 -0.11014200 -6.42907381 100 140 65 0.000000 0.430994 0.001302 0.902354
-1.94759297 0.00031500 -6.61186600 116 152 75 0.000000 -0.288352 0.001217 0.957524
-1.73938596 0.00911200 -6.57765293 91 127 57 0.000000 0.050193 0.001024 0.998739
-1.51358497 0.05896500 -6.63825798 72 93 44 0.000000 -0.409130 0.001291 0.912475
-1.51456201 -0.03487500 -6.51509380 77 118 39 0.000000 -0.400751 0.001289 0.916186
-1.92706501 0.07069500 -6.66562796 121 153 73 0.000000 0.335625 0.001248 -0.941995
-1.69344401 0.02964000 -6.62359619 139 149 102 0.000000 0.268202 0.001203 -0.963362
-1.70908403 -0.00652800 -6.57863092 120 135 84 0.000000 0.471891 0.001322 -0.881656
-1.68757904 -0.03292000 -6.53659916 104 132 67 0.000000 0.381263 0.001275 -0.924466
-1.48132706 -0.02021200 -6.55028296 70 80 58 0.000000 0.977717 0.001160 0.209925
-1.88601100 0.08731200 -6.71547985 52 61 36 0.000000 -0.761293 0.001377 0.648407
-1.91924500 0.00813500 -6.61773109 74 114 31 0.000000 -0.713977 0.001381 0.700167
-1.78728402 0.05603200 -6.64119101 87 130 45 0.000000 -0.010858 0.000987 0.999941
-1.82736099 0.08047000 -6.67638111 101 139 64 0.000000 -0.338631 0.001250 0.940919
-1.83713603 -0.13458000 -6.40365887 116 136 91 0.000000 0.894688 0.001310 0.446689
-1.94368303 -0.02510000 -6.60795593 57 64 45 0.000000 0.648407 0.001377 0.761293
-1.83811295 -0.07788500 -6.47208405 83 124 31 0.000000 -0.456129 0.001314 0.889912
-1.89383101 0.06874000 -6.66269493 128 161 75 0.000000 0.668888 0.001379 -0.743362
-1.69344401 -0.06615500 -6.48381376 81 123 45 0.000000 -0.193909 0.001147 0.981019
-1.84691095 -0.02314500 -6.54050922 84 127 37 0.000000 -0.449834 0.001311 0.893111
-1.83615804 -0.01825700 -6.54246283 88 130 45 0.000000 -0.465583 0.001319 0.885003
-1.71592605 -0.01728000 -6.55028296 107 140 66 0.000000 0.037461 0.001012 0.999298
-1.87037098 -0.04953700 -6.51411581 106 146 55 0.000000 -0.953933 0.001225 -0.300017
-1.59764898 0.01888700 -6.59133816 130 157 83 0.000000 0.487672 0.001329 -0.873026
-1.73938596 -0.14044400 -6.37628889 145 172 108 0.000000 0.490829 0.001330 0.871255
-1.52433705 0.05798700 -6.64314604 81 118 49 0.000000 0.231726 0.001176 0.972780
-1.74622905 0.08340200 -6.66856003 112 139 70 0.000000 0.335625 0.001248 0.941995
-1.93195295 -0.04562700 -6.55321598 101 101 85 0.000000 -0.528668 0.001345 0.848828
-1.77359903 -0.11991700 -6.40756893 88 129 43 0.000000 0.199215 0.001152 0.979955
-1.65141201 0.08731200 -6.67051601 93 121 57 0.000000 0.162760 0.001122 -0.986665
-1.86059594 -0.04074000 -6.52193594 81 123 33 0.000000 -0.381263 0.001275 0.924466
-1.93488598 0.01302200 -6.64021301 89 133 43 0.000000 -0.446689 0.001310 0.894688
-1.80390096 -0.13262500 -6.41441202 86 127 39 0.000000 0.990471 0.001102 -0.137718
-1.90262794 0.07265000 -6.67931318 129 159 86 0.000000 0.987889 0.001116 -0.155160
-1.64065897 -0.04465000 -6.51411581 79 118 44 0.000000 0.368984 0.001268 0.929435
-1.74427402 -0.07690700 -6.49456596 84 112 61 0.000000 0.226229 0.001172 -0.974073
-1.75600398 -0.05051500 -6.48967886 115 143 75 0.000000 0.212622 0.001162 0.977134
-1.72570097 -0.06517700 -6.47990417 83 122 53 0.000000 0.248404 0.001189 0.968656
-1.68953395 0.01791000 -6.59427118 83 122 49 0.000000 -0.186011 0.001141 0.982547
-1.55366194 -0.06615500 -6.48772383 88 131 46 0.000000 -0.268202 0.001203 0.963362
-1.75795901 -0.13653500 -6.37628889 81 123 34 0.000000 0.246171 0.001189 0.969226
-1.77750897 0.10002000 -6.68517780 91 128 59 0.000000 -0.223492 0.001170 0.974705
-1.49305701 0.02475200 -6.59524822 108 149 70 0.000000 0.314746 0.001234 0.949175
-1.80194604 0.09415500 -6.68322277 104 140 66 0.000000 -0.305890 0.001228 0.952066
-1.74525106 -0.11894000 -6.40756893 83 125 43 0.000000 0.125512 0.001091 0.992091
-1.58982897 -0.01434800 -6.54539585 81 124 37 0.000000 -0.132811 0.001098 0.991141
-1.78337395 0.10490700 -6.69593000 137 165 81 0.000000 0.251210 0.001191 0.967932
-1.61231196 -0.05344700 -6.50140905 92 129 62 0.000000 -0.162760 0.001122 0.986665
-1.49599004 0.03452700 -6.60600090 103 143 64 0.000000 0.288352 0.001217 0.957524
-1.69833100 -0.06224500 -6.50238609 74 100 53 0.000000 -0.018902 0.000995 -0.999821
-1.82247305 -0.09059200 -6.45253420 85 127 36 0.000000 -0.209925 0.001160 0.977717
-1.54486501 -0.02607700 -6.52682400 83 124 43 0.000000 -0.173011 0.001131 0.984919
-1.76871097 -0.02510000 -6.55908108 69 96 55 0.000000 -0.099398 0.001069 -0.995047
-1.61719894 -0.10330000 -6.45448923 101 143 74 0.000000 0.167869 0.001127 0.985809
-1.82736099 -0.03780700 -6.51802588 76 116 33 0.000000 -0.251210 0.001191 0.967932
-1.65434396 0.03061700 -6.60502291 87 125 52 0.000000 0.175594 0.001133 0.984462
-1.82833803 -0.14826401 -6.38117599 136 170 94 0.000000 0.094759 0.001065 0.995500
-1.61133397 -0.02119000 -6.54930592 127 156 72 0.000000 -0.998393 0.001030 0.056668
-1.74720597 -0.06420000 -6.51020622 110 138 77 0.000000 0.587928 0.001364 -0.808912
-1.87037098 -0.07593000 -6.51118422 63 91 45 0.000000 0.493986 0.001331 -0.869469
-1.78435099 -0.05638000 -6.48674583 82 123 39 0.000000 -0.456129 0.001314 0.889912
-1.87428105 -0.02705500 -6.54539585 85 127 36 0.000000 -0.291258 0.001219 0.956644
-1.69930899 0.04137000 -6.62359619 119 142 74 0.000000 0.108776 0.001077 0.994066
-1.78239596 -0.04856000 -6.49358892 81 119 44 0.000000 -0.317711 0.001236 0.948187
-1.72961104 -0.09157000 -6.44178200 79 121 37 0.000000 -0.135260 0.001100 0.990809
-1.58298695 0.00129200 -6.56787777 116 149 66 0.000000 0.600218 0.001367 -0.799835
-1.57809901 0.03159500 -6.60013580 83 124 39 0.000000 -0.276796 0.001209 0.960928
-1.85473096 0.09708700 -6.69299793 109 140 68 0.000000 0.848828 0.001345 -0.528668
-1.73449898 -0.07202000 -6.49456596 114 139 78 0.000000 0.311788 0.001232 -0.950151
-1.75893605 0.00813500 -6.57667589 89 129 55 0.000000 -0.058843 0.001032 0.998267
-1.62208700 -0.08277200 -6.47012901 90 134 49 0.000000 0.043791 0.001018 0.999040
-1.76480103 0.12347900 -6.70179605 62 67 56 0.000000 0.115898 0.001083 0.993261
-1.89480805 0.02964000 -6.62066317 87 130 42 0.000000 -0.393609 0.001282 0.919277
-1.73156595 0.04625700 -6.62555122 108 141 69 0.000000 0.140492 0.001106 0.990081
-1.92706501 -0.00946000 -6.60991096 80 119 39 0.000000 -0.560008 0.001356 0.828486
-1.70615101 -0.07104200 -6.47794914 84 124 50 0.000000 0.323658 0.001240 0.946173
-1.88405597 -0.05247000 -6.52193594 84 127 37 0.000000 -0.639507 0.001375 0.768784
-1.60937905 0.08926700 -6.66856003 102 135 63 0.000000 0.745961 0.001379 0.665988
-1.60058200 0.04528000 -6.62066317 102 139 52 0.000000 -0.132811 0.001098 0.991141
-1.72863400 0.09708700 -6.67540312 101 137 71 0.000000 -0.193909 0.001147 0.981019
-1.60840201 -0.11209700 -6.44373703 140 168 89 0.000000 0.790530 0.001370 0.612421
-1.55072999 0.07851500 -6.65683079 79 113 42 0.000000 -0.207235 0.001158 0.978290
-1.78630602 -0.03194200 -6.55028296 102 129 83 0.000000 0.977717 0.001160 0.209925
-1.90360606 -0.06908700 -6.52780104 86 118 41 0.000000 -0.819933 0.001360 0.572458
-1.58298695 -0.00555000 -6.55614901 83 122 41 0.000000 0.215328 0.001164 0.976541
-1.79119301 -0.09352500 -6.43884897 83 124 41 0.000000 -0.010858 0.000987 0.999941
-1.62795198 -0.07495200 -6.47403908 87 130 51 0.000000 0.132811 0.001098 0.991141
-1.68855596 0.06483000 -6.64607811 89 122 53 0.000000 -0.045917 0.001020 0.998945
-1.90262794 -0.00359500 -6.59622622 76 115 31 0.000000 -0.691755 0.001381 0.722131
-1.65238905 -0.05638000 -6.49749899 78 118 43 0.000000 -0.204554 0.001156 0.978855
-1.55854905 -0.02314500 -6.53268909 80 119 40 0.000000 -0.054502 0.001028 0.998513
-1.71983600 -0.10036700 -6.43493891 82 125 41 0.000000 -0.025017 0.001001 0.999686
-1.88014603 0.01204500 -6.59329319 85 129 41 0.000000 -0.180786 0.001137 0.983522
-1.87232602 -0.08570500 -6.50629616 77 103 52 0.000000 0.707106 0.001384 -0.707106
-1.91631305 -0.01825700 -6.59915781 64 91 47 0.000000 0.627537 0.001373 -0.778585
