-1.37161601 -0.11583300 -6.25829315 47 52 34 0.000000 0.016879 0.000993 -0.999857
-1.62365901 -0.14362200 -6.02692986 50 58 37 0.000000 -0.314746 0.001234 0.949175
-1.56872594 -0.30389500 -6.23373508 116 129 101 0.000000 0.984462 0.001133 0.175594
-1.42008603 -0.07899500 -6.05084181 49 62 28 0.000000 0.711237 0.001381 0.702951
-1.44464397 -0.24637800 -6.36234093 73 75 64 0.000000 0.115898 0.001083 0.993261
-1.50862396 -0.18821400 -6.13550186 115 145 80 0.000000 0.891519 0.001313 0.452981
-1.29018605 -0.03246400 -6.16264582 50 51 46 0.000000 0.320681 0.001238 0.947186
-1.61202598 -0.26059601 -6.10771322 115 141 82 0.000000 0.569351 0.001359 0.822094
-1.46790898 -0.21923500 -6.24924517 113 143 77 0.000000 0.992690 0.001087 0.120688
-1.40457499 -0.12746499 -6.15165901 109 140 73 0.000000 0.766300 0.001376 0.642481
-1.52995002 -0.08222700 -6.02434492 104 120 72 0.000000 -0.111142 0.001079 0.993804
-1.53576696 -0.29161599 -6.32550383 123 136 98 0.000000 0.963362 0.001203 0.268202
-1.40974498 -0.18045899 -6.31645584 107 124 76 0.000000 -0.332624 0.001246 0.943059
-1.34770405 -0.06994800 -6.11094379 91 114 55 0.000000 0.578659 0.001362 0.815569
-1.57260394 -0.18562900 -6.07992411 107 138 78 0.000000 0.459279 0.001316 0.888291
-1.32443798 -0.10032200 -6.19108105 92 109 60 0.000000 0.936483 0.001257 0.350710
-1.46209300 -0.13263500 -6.09284878 117 151 77 0.000000 0.478202 0.001325 0.878249
-1.53770602 -0.24508500 -6.19043493 113 140 79 0.000000 0.500299 0.001334 0.865851
-1.42202401 -0.16430201 -6.23825788 109 142 71 0.000000 0.668888 0.001379 0.743362
-1.51961005 -0.26382700 -6.25829315 115 146 74 0.000000 0.738126 0.001380 0.674661
-1.63076794 -0.20566300 -6.05019617 88 113 56 0.000000 0.674661 0.001380 0.738126
-1.44916701 -0.17076500 -6.17557096 109 138 67 0.000000 0.864020 0.001335 0.503455
-1.51896405 -0.14039101 -6.06182909 103 134 73 0.000000 0.271059 0.001205 0.962562
-1.48729706 -0.24831700 -6.31063986 98 131 63 0.000000 0.106419 0.001075 0.994321
-1.57001901 -0.13069700 -6.00301790 119 144 78 0.000000 0.995717 0.001063 -0.092452
-1.48988199 -0.21083300 -6.19495916 116 147 74 0.000000 0.761293 0.001377 0.648407
-1.47631001 -0.09709100 -6.04890299 99 129 71 0.000000 -0.977134 0.001162 0.212622
-1.56872594 -0.23733000 -6.13873386 115 146 80 0.000000 0.856545 0.001340 0.516071
-1.37549305 -0.13263500 -6.19819021 114 145 76 0.000000 0.468736 0.001320 0.883337
-1.40005100 -0.08222700 -6.10318899 123 156 91 0.000000 0.597153 0.001366 0.802126
-1.45110595 -0.21212600 -6.30482388 107 139 55 0.000000 0.033281 0.001009 -0.999445
-1.35545897 -0.10161500 -6.15489101 110 139 78 0.000000 0.797530 0.001368 0.603278
-1.39811301 -0.14749999 -6.28091192 112 143 74 0.000000 0.713977 0.001381 0.700167
-1.50539196 -0.25865701 -6.35264683 82 94 55 0.000000 0.909655 0.001294 0.415362
-1.55192304 -0.29226300 -6.28155804 112 141 72 0.000000 0.722131 0.001381 0.691755
-1.56355596 -0.15137701 -6.04373312 118 149 91 0.000000 0.587928 0.001364 0.808912
-1.31539094 -0.07899500 -6.15230608 119 150 86 0.000000 0.743362 0.001379 0.668888
-1.50539196 -0.16107100 -6.09931183 106 138 68 0.000000 0.881656 0.001322 -0.471891
-1.59199202 -0.21988100 -6.09931183 116 146 87 0.000000 0.282560 0.001213 0.959249
-1.50086904 -0.23797600 -6.22791815 121 151 83 0.000000 0.806665 0.001365 0.591008
-1.54740000 -0.19790800 -6.11288309 115 145 79 0.000000 0.553762 0.001354 0.832674
-1.46532404 -0.18433701 -6.22404099 106 138 63 0.000000 0.957524 0.001217 0.288352
-1.56549501 -0.28062999 -6.19560480 123 148 91 0.000000 0.881656 0.001322 0.471891
-1.43947399 -0.13586700 -6.13033199 100 132 56 0.000000 0.985368 0.001129 -0.170436
-1.34253395 -0.10872400 -6.22921085 46 53 36 0.000000 0.844879 0.001347 0.534955
-1.41620803 -0.15590100 -6.19560480 104 136 63 0.000000 0.730182 0.001380 0.683251
-1.60039306 -0.17722800 -6.05084181 106 137 76 0.000000 0.326641 0.001242 0.945148
-1.42848694 -0.10872400 -6.09026384 116 148 81 0.000000 0.912475 0.001291 0.409130
-1.47631001 -0.16430201 -6.14131880 113 145 75 0.000000 0.732842 0.001380 0.680398
-1.51896405 -0.26964301 -6.29771519 107 138 68 0.000000 0.999131 0.001016 -0.041673
-1.62818301 -0.23345301 -6.08574009 93 111 68 0.000000 0.677534 0.001380 0.735490
-1.54158294 -0.26770499 -6.22274780 119 146 81 0.000000 0.860313 0.001338 0.509765
-1.51573300 -0.10290700 -6.05342722 108 137 81 0.000000 0.997710 0.001040 0.067624
-1.55450797 -0.11583300 -6.03597784 119 153 92 0.000000 0.165311 0.001125 0.986241
-1.38777196 -0.15202300 -6.23179579 118 147 81 0.000000 0.430994 0.001302 -0.902354
-1.54416800 -0.16365600 -6.07216883 115 145 85 0.000000 0.822094 0.001359 0.569351
-1.51314795 -0.20566300 -6.16587687 127 149 86 0.000000 0.569351 0.001359 0.822094
-1.49052799 -0.08351900 -6.01982117 126 141 103 0.000000 0.854638 0.001342 -0.519223
-1.63206005 -0.17851999 -6.02822304 91 102 79 0.000000 0.748548 0.001379 0.663079
-1.44141197 -0.20631000 -6.27186394 109 142 66 0.000000 0.781002 0.001373 0.624527
-1.45756900 -0.07511800 -6.03145409 41 51 24 0.000000 0.674661 0.001380 0.738126
-1.42460895 -0.19855399 -6.34036779 119 142 70 0.000000 0.997999 0.001036 -0.063217
-1.38971102 -0.10290700 -6.13485622 109 140 74 0.000000 0.933019 0.001263 0.359825
-1.47631001 -0.19079900 -6.17298603 114 144 75 0.000000 0.773712 0.001374 0.633537
-1.45175302 -0.11195500 -6.06829119 114 148 72 0.000000 0.989041 0.001110 0.147635
-1.38324797 -0.05508400 -6.09995794 59 65 50 0.000000 -0.344659 0.001253 0.938727
-1.55709302 -0.10161500 -6.00366402 120 144 92 0.000000 0.434129 0.001304 0.900850
-1.60168600 -0.27546000 -6.13356400 133 155 105 0.000000 0.846861 0.001346 0.531813
-1.56161702 -0.24896300 -6.16717005 138 157 90 0.000000 0.584843 0.001363 0.811146
-1.53899801 -0.21341801 -6.13873386 112 142 80 0.000000 0.917945 0.001284 0.396706
-1.41426897 -0.11260100 -6.11805296 121 152 82 0.000000 0.683251 0.001380 0.730182
-1.49246705 -0.12294100 -6.05924320 118 150 79 0.000000 -0.449834 0.001311 0.893111
-1.59199202 -0.14620700 -6.03210020 91 121 60 0.000000 0.297091 0.001223 0.954848
-1.47566402 -0.25542599 -6.34489202 100 128 47 0.000000 0.994811 0.001071 -0.101730
-1.41168404 -0.06348500 -6.08186197 134 157 100 0.000000 0.512919 0.001339 0.858436
-1.58552897 -0.24831700 -6.11546898 130 158 97 0.000000 0.522373 0.001343 0.852716
-1.49634504 -0.24702400 -6.28220510 114 145 75 0.000000 0.984919 0.001131 0.173011
-1.46855497 -0.15460800 -6.11417580 116 149 78 0.000000 -0.999987 0.000981 0.004907
-1.30763602 -0.05637600 -6.13485622 54 62 42 0.000000 0.781002 0.001373 0.624527
-1.29471004 -0.06930200 -6.17104721 138 161 115 0.000000 0.997400 0.001044 -0.072063
-1.37614000 -0.11906400 -6.16652298 105 137 62 0.000000 0.989041 0.001110 0.147635
-1.59780800 -0.19855399 -6.07087612 106 135 77 0.000000 0.954848 0.001223 0.297091
-1.55127704 -0.28967801 -6.25247622 115 145 84 0.000000 0.988665 0.001112 0.150135
-1.37420106 -0.08416600 -6.11999178 105 139 67 0.000000 0.368984 0.001268 0.929435
-1.44141197 -0.18433701 -6.24407482 104 137 63 0.000000 0.998629 0.001026 0.052343
-1.36321402 -0.12746499 -6.22727203 100 133 60 0.000000 0.959249 0.001213 -0.282560
-1.39617395 -0.13845199 -6.18074083 118 149 81 0.000000 0.975327 0.001168 -0.220763
-1.44658196 -0.08351900 -6.05730391 109 141 66 0.000000 -0.157685 0.001118 0.987489
-1.59716201 -0.12746499 -6.00689602 67 78 44 0.000000 -0.201881 0.001154 0.979409
-1.42848694 -0.15396200 -6.16846180 102 133 59 0.000000 0.946173 0.001240 0.323658
-1.57842004 -0.26188800 -6.14972019 131 152 91 0.000000 0.953933 0.001225 0.300017
-1.40005100 -0.15396200 -6.30740881 98 105 84 0.000000 0.748548 0.001379 -0.663079
-1.48600399 -0.13974400 -6.08250904 109 141 69 0.000000 0.819933 0.001360 0.572458
-1.57260394 -0.16171700 -6.06764507 106 138 76 0.000000 0.934187 0.001261 0.356781
-1.57195795 -0.20178600 -6.10318899 107 138 74 0.000000 0.826370 0.001357 0.563126
-1.45239902 -0.24314700 -6.33713722 126 156 94 0.000000 0.002938 0.000979 -0.999995
-1.40392900 -0.15913200 -6.25699997 113 145 75 0.000000 0.982047 0.001143 -0.188635
-1.50668502 -0.26318100 -6.32098103 94 125 50 0.000000 0.781002 0.001373 0.624527
-1.51767099 -0.22828300 -6.19043493 111 142 76 0.000000 0.876523 0.001326 0.481358
-1.45886099 -0.22311200 -6.28091192 113 147 63 0.000000 0.776155 0.001374 0.630540
-1.53059697 -0.27352101 -6.34295321 86 87 77 0.000000 -0.155160 0.001116 -0.987889
-1.57518899 -0.27222800 -6.17363214 163 156 105 0.000000 0.766300 0.001376 0.642481
-1.53641295 -0.13651299 -6.04373312 119 152 80 0.000000 0.630540 0.001374 0.776155
-1.35352004 -0.12035600 -6.19560480 108 140 69 0.000000 0.268202 0.001203 0.963362
-1.32573104 -0.07124000 -6.12322283 102 131 65 0.000000 0.668888 0.001379 0.743362
-1.52736497 -0.17076500 -6.09220314 109 139 77 0.000000 0.808912 0.001364 0.587928
-1.54933798 -0.22892900 -6.15876818 114 144 77 0.000000 0.639507 0.001375 0.768784
-1.42913306 -0.07964200 -6.07475424 89 100 78 0.000000 0.941995 0.001248 -0.335625
-1.50733101 -0.08868900 -6.00237179 97 108 72 0.000000 0.347682 0.001255 0.937612
-1.49569798 -0.23668399 -6.25183010 114 146 78 0.000000 0.994811 0.001071 -0.101730
-1.49634504 -0.18950699 -6.15876818 104 133 64 0.000000 0.544370 0.001351 0.838844
-1.46984804 -0.20824800 -6.22274780 114 146 73 0.000000 0.740750 0.001379 0.671779
-1.43042600 -0.20178600 -6.31193304 118 152 67 0.000000 0.967197 0.001193 -0.254023
-1.38454103 -0.13651299 -6.24989080 110 143 70 0.000000 0.707106 0.001384 -0.707106
-1.38454103 -0.12617300 -6.27509499 49 54 43 0.000000 0.773712 0.001374 -0.633537
-1.61396503 -0.21471100 -6.07669306 103 134 72 0.000000 0.776155 0.001374 0.630540
-1.47049403 -0.24702400 -6.36621904 56 58 55 0.000000 0.660161 0.001378 -0.751123
-1.44270504 -0.15008500 -6.15036678 106 136 69 0.000000 0.456129 0.001314 0.889912
-1.34511900 -0.08093400 -6.13162518 106 137 71 0.000000 0.707106 0.001384 0.707106
-1.57131100 -0.29937199 -6.20917702 118 145 86 0.000000 0.991782 0.001093 0.127937
-1.33607101 -0.08933600 -6.15489101 119 151 77 0.000000 0.220763 0.001168 0.975327
-1.46015406 -0.22699000 -6.31968784 123 156 74 0.000000 0.437266 0.001305 -0.899331
-1.39940500 -0.18821400 -6.33519793 106 117 80 0.000000 0.962562 0.001205 0.271059
-1.35158205 -0.10807700 -6.17686319 109 140 73 0.000000 0.844879 0.001347 0.534955
-1.51056302 -0.17399600 -6.11676121 109 138 80 0.000000 0.118289 0.001085 0.992979
-1.47889602 -0.23474500 -6.28866720 105 138 53 0.000000 0.368984 0.001268 -0.929435
-1.44335103 -0.12423400 -6.10060406 121 152 82 0.000000 0.909655 0.001294 0.415362
-1.49505198 -0.22311200 -6.21240807 109 138 70 0.000000 0.618487 0.001371 0.785794
-1.53705895 -0.27998400 -6.27121782 117 149 80 0.000000 0.997858 0.001038 -0.065416
-1.55063105 -0.26253501 -6.19301987 112 140 79 0.000000 0.935342 0.001259 0.353743
-1.56614101 -0.13457400 -6.03016090 131 161 105 0.000000 0.977134 0.001162 -0.212622
-1.48988199 -0.07253300 -6.03856277 110 132 86 0.000000 0.707106 0.001384 0.707106
-1.46403098 -0.16753399 -6.15876818 110 139 71 0.000000 0.390517 0.001280 0.920595
-1.53512096 -0.27222800 -6.24278307 123 152 88 0.000000 0.964151 0.001201 0.265352
-1.44981396 -0.22634400 -6.35652494 119 128 98 0.000000 0.844879 0.001347 0.534955
-1.51120901 -0.08933600 -6.03210020 104 133 73 0.000000 -0.531813 0.001346 0.846861
-1.53059697 -0.19273800 -6.12516212 119 150 82 0.000000 0.836802 0.001352 0.547504
-1.62107396 -0.18239801 -6.04890299 126 158 99 0.000000 0.903843 0.001300 0.427862
-1.40909898 -0.15654700 -6.21563911 90 123 52 0.000000 0.994066 0.001077 0.108776
-1.41103804 -0.17076500 -6.29771519 109 136 70 0.000000 0.362873 0.001264 0.931838
-1.45433795 -0.20243201 -6.25570822 104 133 65 0.000000 0.994811 0.001071 0.101730
-1.55063105 -0.08351900 -6.02757597 72 84 46 0.000000 0.368984 0.001268 0.929435
-1.41233003 -0.08675100 -6.08509398 131 162 98 0.000000 0.976541 0.001164 0.215328
-1.57066500 -0.22117400 -6.11094379 111 144 80 0.000000 0.938727 0.001253 0.344659
-1.49246705 -0.17335001 -6.13162518 112 142 80 0.000000 0.838844 0.001351 0.544370
-1.51831806 -0.24508500 -6.21887112 118 149 86 0.000000 0.509765 0.001338 0.860313
-1.36321402 -0.06025400 -6.09995794 55 61 45 0.000000 -0.031203 0.001007 0.999513
-1.55967903 -0.28386101 -6.21628618 121 152 88 0.000000 0.893111 0.001311 0.449834
-1.52930403 -0.09321300 -6.00689602 97 117 59 0.000000 0.372047 0.001270 0.928213
-1.53318202 -0.25542599 -6.20852995 113 142 79 0.000000 0.751123 0.001378 0.660161
-1.53124297 -0.10807700 -6.04114819 108 139 80 0.000000 0.081042 0.001052 0.996710
-1.32056105 -0.09515200 -6.17169285 103 128 74 0.000000 -0.076536 0.001048 0.997066
-1.43947399 -0.08416600 -6.03403902 45 52 32 0.000000 0.999633 0.001003 0.027071
-1.35545897 -0.11647900 -6.24601412 94 104 69 0.000000 0.854638 0.001342 -0.519223
-1.41620803 -0.12681900 -6.13227081 118 147 80 0.000000 0.832674 0.001354 0.553762
-1.49117506 -0.14685300 -6.10125113 101 135 59 0.000000 0.118289 0.001085 -0.992979
-1.30375803 -0.06283900 -6.15359783 132 159 100 0.000000 0.920595 0.001280 0.390517
-1.62688994 -0.25219399 -6.09155703 84 90 76 0.000000 -0.609379 0.001369 0.792878
-1.58746803 -0.25930300 -6.13162518 123 152 88 0.000000 0.434129 0.001304 0.900850
-1.46597004 -0.23345301 -6.34747696 126 156 94 0.000000 0.575560 0.001361 0.817758
-1.38841903 -0.16042501 -6.29319096 111 142 62 0.000000 0.917945 0.001284 0.396706
-1.41103804 -0.09903000 -6.09995794 125 156 89 0.000000 0.663079 0.001379 0.748548
-1.48794305 -0.22440501 -6.23244190 116 145 79 0.000000 0.950151 0.001232 0.311788
-1.51185501 -0.15654700 -6.08186197 108 138 76 0.000000 0.074296 0.001046 0.997236
-1.42848694 -0.18045899 -6.25764704 109 141 66 0.000000 0.995927 0.001061 0.090153
-1.49569798 -0.11324800 -6.04308701 107 138 79 0.000000 -0.145143 0.001108 0.989410
-1.51379395 -0.26512000 -6.27638817 107 139 70 0.000000 0.768784 0.001375 0.639507
-1.47114003 -0.20243201 -6.20465279 107 139 66 0.000000 0.897798 0.001307 0.440405
-1.45562994 -0.14168300 -6.10900497 116 147 74 0.000000 0.806665 0.001365 0.591008
-1.39488101 -0.09579800 -6.11805296 116 149 81 0.000000 0.237255 0.001180 0.971447
-1.29018605 -0.05120600 -6.16781616 96 111 77 0.000000 0.997858 0.001038 0.065416
-1.51185501 -0.11971000 -6.06118202 108 139 80 0.000000 -0.025017 0.001001 0.999686
-1.33542502 -0.11389400 -6.19819021 108 141 59 0.000000 0.912475 0.001291 0.409130
-1.42073202 -0.13651299 -6.14907408 120 150 80 0.000000 0.860313 0.001338 0.509765
-1.52348804 -0.25607201 -6.34941578 93 98 76 0.000000 0.926978 0.001272 -0.375114
-1.53188896 -0.29032400 -6.30740881 126 157 89 0.000000 0.997999 0.001036 -0.063217
-1.55063105 -0.28192201 -6.23567295 123 155 86 0.000000 0.947186 0.001238 0.320681
-1.64046204 -0.19338401 -6.03533220 78 86 71 0.000000 0.083307 0.001055 0.996523
-1.41103804 -0.07447200 -6.06699800 136 160 112 0.000000 0.974705 0.001170 -0.223492
-1.53124297 -0.14879200 -6.07281494 99 134 57 0.000000 0.989041 0.001110 -0.147635
-1.58940697 -0.16171700 -6.04179382 108 139 70 0.000000 -0.204554 0.001156 0.978855
-1.44399703 -0.17593500 -6.22791815 107 140 64 0.000000 0.597153 0.001366 0.802126
-1.50991595 -0.24637800 -6.24536800 121 151 85 0.000000 0.745961 0.001379 0.665988
-1.46726298 -0.12423400 -6.07733917 110 143 72 0.000000 0.591008 0.001365 0.806665
-1.58488297 -0.13909800 -6.01400518 107 134 61 0.000000 0.362873 0.001264 -0.931838
-1.46015406 -0.09579800 -6.05730391 92 126 49 0.000000 0.556887 0.001355 0.830587
-1.52348804 -0.21923500 -6.17169285 170 184 125 0.000000 0.506611 0.001337 0.862174
-1.61396503 -0.13263500 -6.01659012 71 81 59 0.000000 0.165311 0.001125 0.986241
-1.45304501 -0.21794200 -6.26475477 112 146 62 0.000000 0.885003 0.001319 -0.465583
-1.30698895 -0.08351900 -6.17233896 129 154 98 0.000000 0.824239 0.001358 0.566240
-1.55386198 -0.21148001 -6.12257719 111 140 77 0.000000 0.525521 0.001344 0.850780
-1.45627606 -0.19790800 -6.23115015 111 141 74 0.000000 0.969369 0.001186 0.245605
-1.55644703 -0.18110500 -6.08574009 112 143 80 0.000000 0.265352 0.001201 0.964151
-1.38518703 -0.14297600 -6.29383707 53 56 48 0.000000 0.963362 0.001203 -0.268202
-1.38001704 -0.07124000 -6.10642099 107 137 75 0.000000 0.052343 0.001026 0.998629
-1.63076794 -0.15977900 -6.02757597 82 95 67 0.000000 0.627537 0.001373 0.778585
-1.37096906 -0.10872400 -6.15036678 117 149 82 0.000000 0.356781 0.001261 0.934187
-1.50022197 -0.13909800 -6.07216883 107 138 72 0.000000 0.636526 0.001375 0.771254
-1.54029095 -0.14685300 -6.05795097 111 145 74 0.000000 0.702951 0.001381 0.711237
-1.49182105 -0.08998200 -6.05278111 106 137 80 0.000000 0.903843 0.001300 -0.427862
-1.60168600 -0.24702400 -6.10383606 113 142 80 0.000000 0.707106 0.001384 0.707106
-1.57260394 -0.20243201 -6.08574009 105 136 72 0.000000 0.799835 0.001367 0.600218
-1.47243297 -0.24960899 -6.31968784 103 133 66 0.000000 0.516071 0.001340 0.856545
-1.39358902 -0.13715900 -6.26475477 119 149 90 0.000000 0.743362 0.001379 -0.668888
-1.60814798 -0.15267000 -6.03210020 89 120 53 0.000000 -0.332624 0.001246 0.943059
-1.55127704 -0.29937199 -6.32485819 73 72 70 0.000000 -0.468736 0.001320 -0.883337
-1.56161702 -0.30324900 -6.27251101 56 59 47 0.000000 0.999445 0.001009 -0.033281
-1.54093695 -0.09838300 -6.03080702 112 143 83 0.000000 0.985368 0.001129 -0.170436
-1.52219498 -0.28127599 -6.32550383 101 131 64 0.000000 0.838844 0.001351 0.544370
-1.48859000 -0.17787400 -6.14907408 110 141 75 0.000000 0.795211 0.001369 0.606331
-1.56549501 -0.11712500 -6.02305317 108 139 64 0.000000 -0.329630 0.001244 -0.944109
-1.50345397 -0.26318100 -6.30030012 102 133 63 0.000000 0.572458 0.001360 -0.819933
-1.39035702 -0.13974400 -6.20206785 102 131 76 0.000000 0.999445 0.001009 -0.033281
-1.40069795 -0.06800900 -6.09414101 129 159 100 0.000000 0.862174 0.001337 0.506611
-1.44011998 -0.23797600 -6.34747696 131 161 101 0.000000 -0.970765 0.001182 0.240031
-1.63529205 -0.22440501 -6.07346106 74 85 61 0.000000 0.406019 0.001289 0.913864
-1.52542698 -0.12294100 -6.04631805 110 142 79 0.000000 0.735490 0.001380 0.677534
-1.54481494 -0.29290900 -6.29706907 114 143 77 0.000000 0.856545 0.001340 0.516071
-1.42719400 -0.12100300 -6.11159086 119 151 81 0.000000 0.719425 0.001381 0.694569
-1.48277295 -0.25801101 -6.33002806 95 126 47 0.000000 0.836802 0.001352 0.547504
-1.52865803 -0.20631000 -6.14972019 111 141 77 0.000000 0.878249 0.001325 0.478202
-1.38777196 -0.11130900 -6.14907408 112 143 80 0.000000 0.437266 0.001305 0.899331
-1.60750198 -0.20243201 -6.05795097 106 137 69 0.000000 0.978290 0.001158 0.207235
-1.50086904 -0.20695600 -6.17686319 129 152 92 0.000000 0.600218 0.001367 0.799835
-1.55838597 -0.11906400 -6.00172615 41 53 20 0.000000 0.899331 0.001305 -0.437266
-1.35998297 -0.08804300 -6.13227081 105 136 73 0.000000 0.456129 0.001314 0.889912
-1.48729706 -0.16042501 -6.10965204 108 139 79 0.000000 0.412244 0.001292 0.911072
-1.53447402 -0.27481401 -6.29900694 100 130 64 0.000000 0.992091 0.001091 -0.125512
-1.58811402 -0.18045899 -6.06118202 113 142 84 0.000000 0.101730 0.001071 0.994811
-1.41685402 -0.17076500 -6.26346302 109 143 69 0.000000 0.977134 0.001162 0.212622
-1.40263605 -0.11647900 -6.14002705 111 142 78 0.000000 0.944109 0.001244 0.329630
-1.46015406 -0.19273800 -6.21111488 106 137 69 0.000000 0.975327 0.001168 0.220763
-1.55967903 -0.16818000 -6.06118202 102 134 66 0.000000 0.988665 0.001112 0.150135
-1.62236595 -0.17011900 -6.03920889 122 151 93 0.000000 0.876523 0.001326 0.481358
-1.53835201 -0.12617300 -6.05536604 116 149 78 0.000000 -0.212622 0.001162 0.977134
-1.61461103 -0.24120800 -6.08638620 112 142 74 0.000000 0.578659 0.001362 0.815569
-1.46855497 -0.19079900 -6.18655682 111 142 73 0.000000 0.768784 0.001375 0.639507
-1.58552897 -0.27546000 -6.16005993 142 163 108 0.000000 0.874782 0.001327 0.484515
-1.37484705 -0.09967600 -6.13808823 114 146 75 0.000000 0.694569 0.001381 0.719425
-1.56678700 -0.09644500 -6.01465082 43 52 29 0.000000 0.972119 0.001178 -0.234487
-1.42978001 -0.08804300 -6.06182909 117 147 78 0.000000 0.683251 0.001380 0.730182
-1.35093498 -0.12229500 -6.21951723 105 135 66 0.000000 0.992979 0.001085 0.118289
-1.38324797 -0.12617300 -6.20982313 96 125 70 0.000000 -0.248404 0.001189 0.968656
-1.49828398 -0.26253501 -6.33972216 85 113 37 0.000000 0.984462 0.001133 0.175594
-1.42008603 -0.16430201 -6.20852995 96 128 57 0.000000 0.953006 0.001227 0.302950
-1.31797600 -0.06994800 -6.13614893 112 141 75 0.000000 0.730182 0.001380 0.683251
-1.46597004 -0.10937000 -6.06053591 109 144 65 0.000000 0.381263 0.001275 0.924466
-1.57001901 -0.10937000 -6.00431108 50 56 42 0.000000 0.874782 0.001327 0.484515
-1.29988003 -0.04862100 -6.15101290 129 152 100 0.000000 0.957524 0.001217 0.288352
-1.47631001 -0.08028800 -6.02305317 118 142 78 0.000000 0.550634 0.001353 0.834745
-1.47760296 -0.17335001 -6.15876818 108 137 70 0.000000 0.783405 0.001372 0.621510
-1.58617496 -0.20243201 -6.07992411 100 130 68 0.000000 0.314746 0.001234 0.949175
-1.45110595 -0.16042501 -6.15876818 112 142 70 0.000000 0.621510 0.001372 0.783405
-1.50862396 -0.23539101 -6.21369982 120 149 78 0.000000 0.873026 0.001329 0.487672
-1.37420106 -0.13651299 -6.23050404 104 137 64 0.000000 0.612421 0.001370 -0.790530
-1.33154702 -0.07511800 -6.13614893 113 144 75 0.000000 0.934187 0.001261 0.356781
-1.57325006 -0.23216000 -6.11999178 112 142 77 0.000000 0.860313 0.001338 0.509765
-1.57583499 -0.16688700 -6.05471897 107 137 78 0.000000 0.016879 0.000993 0.999857
-1.40974498 -0.16624101 -6.31516409 144 161 107 0.000000 0.972119 0.001178 -0.234487
-1.36967695 -0.12229500 -6.17880201 114 146 76 0.000000 0.356781 0.001261 0.934187
-1.36709201 -0.12294100 -6.21434689 92 118 59 0.000000 0.965696 0.001197 0.259673
-1.48665094 -0.22699000 -6.24666023 121 150 86 0.000000 0.940919 0.001250 0.338631
-1.48212695 -0.21341801 -6.20659208 111 141 77 0.000000 0.686096 0.001380 0.727510
-1.52025700 -0.25801101 -6.24536800 116 145 80 0.000000 0.879960 0.001323 0.475046
-1.49828398 -0.09515200 -6.03210020 98 126 55 0.000000 -0.323658 0.001240 0.946173
-1.45175302 -0.14168300 -6.12257719 105 134 68 0.000000 0.999999 0.000978 0.000978
-1.45692301 -0.18239801 -6.17686319 114 141 70 0.000000 0.979955 0.001152 0.199215
-1.51702499 -0.18950699 -6.12386990 103 133 67 0.000000 0.743362 0.001379 0.668888
-1.55903196 -0.10290700 -6.03339291 131 163 104 0.000000 0.792878 0.001369 0.609379
-1.49957597 -0.24314700 -6.26346302 112 143 75 0.000000 0.958392 0.001215 0.285453
-1.60039306 -0.25607201 -6.11417580 115 146 82 0.000000 0.900850 0.001304 0.434129
-1.43818104 -0.20954099 -6.30094624 112 146 70 0.000000 0.871255 0.001330 0.490829
-1.55773997 -0.26124200 -6.18138695 130 152 88 0.000000 0.899331 0.001305 0.437266
-1.51443994 -0.19726200 -6.14390421 111 141 69 0.000000 0.660161 0.001378 0.751123
-1.42784095 -0.12811200 -6.12322283 118 150 79 0.000000 0.740750 0.001379 0.671779
-1.61331904 -0.25090200 -6.09801912 114 143 81 0.000000 0.600218 0.001367 0.799835
-1.38389504 -0.13522001 -6.18785000 116 147 79 0.000000 0.996891 0.001050 0.078785
-1.57454300 -0.25025600 -6.14390421 116 144 80 0.000000 0.871255 0.001330 0.490829
-1.36903095 -0.12746499 -6.25183010 91 122 51 0.000000 0.748548 0.001379 -0.663079
-1.34447300 -0.10032200 -6.16264582 114 146 78 0.000000 0.584843 0.001363 0.811146
-1.43236494 -0.17141099 -6.23308802 107 139 67 0.000000 0.992979 0.001085 -0.118289
-1.40651405 -0.16171700 -6.26992607 112 143 71 0.000000 0.982047 0.001143 0.188635
-1.53318202 -0.19015300 -6.11223698 111 141 80 0.000000 0.977717 0.001160 0.209925
-1.45756900 -0.24443901 -6.34941578 134 162 101 0.000000 0.999999 0.000978 0.000978
-1.52801204 -0.16171700 -6.07152224 109 141 71 0.000000 0.516071 0.001340 0.856545
-1.56549501 -0.24250001 -6.15618277 120 149 84 0.000000 0.936483 0.001257 0.350710
-1.46273899 -0.20760199 -6.23761177 109 138 71 0.000000 -0.897798 0.001307 0.440405
-1.39488101 -0.14491400 -6.24989080 112 144 78 0.000000 0.975939 0.001166 0.218041
-1.45304501 -0.21148001 -6.28349686 115 148 71 0.000000 0.763803 0.001376 -0.645448
-1.49634504 -0.15331601 -6.09090996 114 144 80 0.000000 0.305890 0.001228 0.952066
-1.47437203 -0.08610400 -6.04179382 99 130 57 0.000000 0.702951 0.001381 0.711237
-1.38971102 -0.12100300 -6.26410913 70 71 57 0.000000 -0.852716 0.001343 0.522373
-1.55644703 -0.10355400 -6.01852798 117 149 72 0.000000 -0.396706 0.001284 -0.917945
-1.57195795 -0.29226300 -6.19819021 120 147 87 0.000000 0.888291 0.001316 0.459279
-1.36062896 -0.11518600 -6.18591118 115 147 74 0.000000 -0.456129 0.001314 0.889912
-1.44722903 -0.17011900 -6.18849611 97 129 53 0.000000 0.273924 0.001207 -0.961751
-1.44852102 -0.22311200 -6.31516409 111 145 62 0.000000 0.802126 0.001366 0.597153
-1.54740000 -0.23668399 -6.16910791 128 147 82 0.000000 0.406019 0.001289 0.913864
-1.54287601 -0.29420099 -6.31322479 113 126 93 0.000000 0.962562 0.001205 -0.271059
-1.57971299 -0.24896300 -6.12710094 114 142 78 0.000000 0.826370 0.001357 0.563126
-1.60944104 -0.26705801 -6.11870003 126 151 95 0.000000 0.753685 0.001378 0.657235
-1.42525601 -0.16107100 -6.18785000 105 137 64 0.000000 0.852716 0.001343 0.522373
-1.59263802 -0.21212600 -6.08897209 115 145 83 0.000000 0.418483 0.001296 0.908224
-1.49763703 -0.08287300 -6.03856277 115 138 82 0.000000 0.989041 0.001110 -0.147635
-1.41103804 -0.19209200 -6.33907604 132 149 88 0.000000 0.924466 0.001275 -0.381263
-1.51573300 -0.13457400 -6.05084181 116 149 78 0.000000 0.993804 0.001079 -0.111142
-1.39617395 -0.14232901 -6.23244190 110 143 70 0.000000 0.997236 0.001046 -0.074296
-1.52671897 -0.09838300 -6.03403902 99 129 69 0.000000 0.142660 0.001106 0.989771
-1.36450696 -0.07641000 -6.11676121 104 134 70 0.000000 0.365926 0.001266 0.930643
-1.41362298 -0.18304400 -6.30030012 47 59 26 0.000000 -0.908224 0.001296 0.418483
-1.56420195 -0.10420000 -5.99332380 138 153 125 0.000000 0.994066 0.001077 -0.108776
-1.54546106 -0.12423400 -6.03274584 114 145 85 0.000000 0.979955 0.001152 -0.199215
-1.36450696 -0.11389400 -6.16587687 124 154 84 0.000000 0.758770 0.001377 0.651358
-1.50151503 -0.25284100 -6.30740881 99 134 61 0.000000 0.996132 0.001059 0.087863
-1.62365901 -0.19532301 -6.04825687 108 139 76 0.000000 0.702951 0.001381 0.711237
-1.52542698 -0.25542599 -6.22016287 107 136 70 0.000000 0.889912 0.001314 0.456129
-1.41103804 -0.16882600 -6.25247622 107 139 69 0.000000 0.937612 0.001255 -0.347682
-1.54481494 -0.27998400 -6.24666023 115 147 81 0.000000 0.600218 0.001367 0.799835
-1.61137998 -0.21471100 -6.06441402 116 148 75 0.000000 -0.936483 0.001257 0.350710
-1.47889602 -0.14814600 -6.10318899 108 142 67 0.000000 -0.147635 0.001110 0.989041
-1.48148096 -0.11712500 -6.06053591 111 145 74 0.000000 0.500299 0.001334 0.865851
-1.54481494 -0.11066200 -6.03016090 117 148 89 0.000000 0.686096 0.001380 0.727510
-1.57325006 -0.25219399 -6.15682888 119 149 84 0.000000 0.984462 0.001133 0.175594
-1.51573300 -0.16624101 -6.09478807 107 139 76 0.000000 0.468736 0.001320 0.883337
-1.45175302 -0.19726200 -6.24472094 105 136 68 0.000000 0.947186 0.001238 0.320681
-1.44787502 -0.08545800 -6.04308701 105 134 59 0.000000 0.175594 0.001133 0.984462
-1.58035898 -0.15331601 -6.04179382 111 142 78 0.000000 0.297091 0.001223 0.954848
-1.41879296 -0.10937000 -6.10706711 109 143 70 0.000000 0.894688 0.001310 0.446689
-1.55515504 -0.13134301 -6.02563810 105 140 63 0.000000 0.618487 0.001371 0.785794
-1.50151503 -0.18756799 -6.14778090 107 138 71 0.000000 0.930643 0.001266 0.365926
-1.51767099 -0.08158100 -6.02434492 67 78 45 0.000000 0.294171 0.001221 0.955752
-1.52090299 -0.17722800 -6.12257719 109 140 76 0.000000 0.402911 0.001287 0.915238
-1.41879296 -0.08416600 -6.06570578 119 149 87 0.000000 0.832674 0.001354 0.553762
-1.42202401 -0.15331601 -6.17880201 104 134 66 0.000000 0.753685 0.001378 0.657235
-1.30763602 -0.07705700 -6.16199923 133 160 107 0.000000 0.702951 0.001381 0.711237
-1.53124297 -0.13909800 -6.06053591 116 147 88 0.000000 0.204554 0.001156 0.978855
-1.58746803 -0.16947199 -6.05213499 111 142 82 0.000000 0.443546 0.001308 0.896251
-1.49957597 -0.08739700 -6.01271200 166 186 136 0.000000 0.300017 0.001225 0.953933
-1.40522099 -0.10872400 -6.12516212 117 149 83 0.000000 0.707106 0.001384 0.707106
-1.52736497 -0.27352101 -6.28931284 115 147 78 0.000000 0.970072 0.001184 0.242814
-1.52930403 -0.24766999 -6.20012903 120 151 82 0.000000 0.964929 0.001199 0.262509
-1.50603902 -0.26124200 -6.28866720 106 139 66 0.000000 0.935342 0.001259 0.353743
-1.42525601 -0.13457400 -6.13421011 110 142 68 0.000000 0.878249 0.001325 0.478202
-1.43753505 -0.14362200 -6.13937998 100 132 56 0.000000 0.663079 0.001379 0.748548
-1.62042701 -0.18110500 -6.03468513 109 134 69 0.000000 0.983039 0.001139 0.183394
-1.59974694 -0.26512000 -6.12774801 127 155 97 0.000000 0.874782 0.001327 0.484515
-1.39294195 -0.13328201 -6.17040110 114 145 76 0.000000 0.745961 0.001379 0.665988
-1.52930403 -0.15913200 -6.09414101 108 138 77 0.000000 -0.534955 0.001347 0.844879
-1.46144605 -0.08481200 -6.03727102 94 114 61 0.000000 0.822094 0.001359 0.569351
-1.55450797 -0.29678699 -6.26540184 116 144 83 0.000000 0.975939 0.001166 -0.218041
-1.53124297 -0.20113900 -6.13356400 113 144 83 0.000000 0.553762 0.001354 0.832674
-1.48600399 -0.08933600 -6.04243994 108 146 63 0.000000 0.279674 0.001211 -0.960094
-1.50668502 -0.10937000 -6.04502487 105 137 79 0.000000 -0.183394 0.001139 0.983039
-1.54416800 -0.28256899 -6.26216984 116 147 82 0.000000 0.997400 0.001044 0.072063
-1.52607298 -0.22828300 -6.17880201 110 136 74 0.000000 0.612421 0.001370 0.790530
-1.38324797 -0.09773700 -6.12645483 113 145 76 0.000000 0.353743 0.001259 0.935342
-1.54804599 -0.10549200 -6.01012707 78 92 61 0.000000 0.000978 0.000978 0.999999
-1.54416800 -0.26188800 -6.20271397 111 140 75 0.000000 0.864020 0.001335 0.503455
-1.39035702 -0.08222700 -6.10965204 119 152 81 0.000000 0.356781 0.001261 0.934187
-1.56097102 -0.19855399 -6.10125113 109 139 76 0.000000 0.925729 0.001273 0.378186
-1.52025700 -0.16430201 -6.07992411 99 133 56 0.000000 0.581753 0.001362 0.813364
-1.50086904 -0.16818000 -6.11934614 108 138 76 0.000000 0.947186 0.001238 0.320681
-1.52284205 -0.12229500 -6.05859709 111 145 77 0.000000 0.493986 0.001331 0.869469
-1.53512096 -0.16301000 -6.08057022 104 135 76 0.000000 0.254023 0.001193 0.967197
-1.35804403 -0.12358800 -6.20723820 107 138 68 0.000000 0.862174 0.001337 0.506611
-1.49117506 -0.13134301 -6.06699800 107 136 78 0.000000 0.624527 0.001373 0.781002
-1.52801204 -0.26253501 -6.23825788 116 145 80 0.000000 0.967932 0.001191 0.251210
-1.47631001 -0.24573199 -6.30870199 89 116 55 0.000000 -0.099398 0.001069 0.995047
-1.39617395 -0.12746499 -6.15941381 112 141 74 0.000000 0.365926 0.001266 0.930643
-1.55063105 -0.17205800 -6.08186197 103 135 64 0.000000 0.768784 0.001375 0.639507
-1.56226397 -0.23474500 -6.14778090 120 148 81 0.000000 0.950151 0.001232 0.311788
-1.33994901 -0.11001600 -6.18849611 105 135 64 0.000000 0.609379 0.001369 0.792878
-1.44076598 -0.12811200 -6.11094379 119 151 82 0.000000 0.597153 0.001366 0.802126
-1.29341805 -0.04345100 -6.15876818 123 145 93 0.000000 0.971447 0.001180 0.237255
-1.57971299 -0.30260301 -6.19948196 68 66 45 0.000000 0.415362 0.001294 0.909655
-1.60944104 -0.19144499 -6.05601215 118 149 89 0.000000 0.090153 0.001061 0.995927
-1.60039306 -0.16753399 -6.04502487 109 141 78 0.000000 0.237255 0.001180 0.971447
-1.43947399 -0.16494900 -6.17557096 102 133 62 0.000000 0.707106 0.001384 0.707106
-1.56226397 -0.29549399 -6.22985697 119 148 90 0.000000 0.964151 0.001201 0.265352
-1.34124100 -0.06413100 -6.10383606 60 70 42 0.000000 0.409130 0.001291 0.912475
-1.54998505 -0.27352101 -6.21822500 133 157 91 0.000000 0.939829 0.001251 0.341642
-1.50926995 -0.21406500 -6.17880201 115 142 79 0.000000 0.822094 0.001359 0.569351
-1.44335103 -0.21341801 -6.31322479 118 153 70 0.000000 0.899331 0.001305 0.437266
-1.28630900 -0.03634200 -6.17233896 70 72 64 0.000000 0.396706 0.001284 -0.917945
-1.59069896 -0.24443901 -6.10642099 114 144 81 0.000000 0.323658 0.001240 0.946173
-1.56807995 -0.21212600 -6.10448217 110 141 77 0.000000 0.547504 0.001352 0.836802
-1.32379198 -0.07770300 -6.14519596 115 147 75 0.000000 0.481358 0.001326 0.876523
-1.38583302 -0.13457400 -6.28220510 96 104 86 0.000000 0.813364 0.001362 0.581753
-1.56678700 -0.13586700 -6.01917505 123 153 95 0.000000 -0.248404 0.001189 0.968656
-1.44141197 -0.08481200 -6.06699800 99 128 72 0.000000 0.962562 0.001205 -0.271059
-1.46209300 -0.08287300 -6.02499199 97 127 59 0.000000 -0.406019 0.001289 0.913864
-1.56872594 -0.17205800 -6.06764507 108 139 75 0.000000 0.137718 0.001102 0.990471
-1.51508605 -0.26318100 -6.34877014 99 114 71 0.000000 0.566240 0.001358 -0.824239
-1.45692301 -0.17399600 -6.16846180 120 146 81 0.000000 0.753685 0.001378 0.657235
-1.58229804 -0.21923500 -6.10448217 106 136 76 0.000000 -0.475046 0.001323 -0.879960
-1.34770405 -0.09321300 -6.15489101 112 143 78 0.000000 0.465583 0.001319 0.885003
-1.52865803 -0.27998400 -6.26410913 100 131 64 0.000000 0.988665 0.001112 -0.150135
-1.50216103 -0.19726200 -6.16393805 110 135 70 0.000000 0.806665 0.001365 0.591008
-1.47824895 -0.22311200 -6.25247622 127 155 91 0.000000 0.850780 0.001344 0.525521
-1.49763703 -0.26124200 -6.31322479 96 126 57 0.000000 0.909655 0.001294 0.415362
-1.56420195 -0.19726200 -6.09090996 110 140 78 0.000000 0.753685 0.001378 0.657235
-1.48406601 -0.24379300 -6.29189777 108 141 72 0.000000 0.979955 0.001152 0.199215
-1.59522295 -0.13715900 -6.02692986 85 113 52 0.000000 0.948187 0.001236 0.317711
-1.53641295 -0.19920100 -6.11740685 110 140 78 0.000000 0.697373 0.001381 0.716707
-1.35804403 -0.12294100 -6.23761177 93 123 51 0.000000 0.945148 0.001242 -0.326641
-1.50539196 -0.26641199 -6.33132076 82 112 44 0.000000 0.921899 0.001279 0.387428
-1.41879296 -0.12100300 -6.12322283 119 151 81 0.000000 0.691755 0.001381 0.722131
-1.35933697 -0.09709100 -6.14584303 113 144 73 0.000000 0.773712 0.001374 0.633537
-1.46080005 -0.11777100 -6.06958294 108 141 66 0.000000 0.735490 0.001380 0.677534
-1.52413404 -0.23668399 -6.19237423 127 156 89 0.000000 0.842882 0.001349 0.538096
-1.49957597 -0.16042501 -6.10835886 111 142 74 0.000000 0.768784 0.001375 0.639507
-1.33800995 -0.10872400 -6.21951723 100 116 73 0.000000 0.997999 0.001036 -0.063217
-1.45562994 -0.22182000 -6.30482388 108 143 57 0.000000 0.996891 0.001050 -0.078785
-1.58682203 -0.12811200 -6.00431108 85 102 56 0.000000 -0.067624 0.001040 0.997710
-1.48148096 -0.09192100 -6.05665779 100 128 73 0.000000 0.010858 0.000987 0.999941
-1.40457499 -0.16107100 -6.30094624 107 135 68 0.000000 0.288352 0.001217 -0.957524
-1.42202401 -0.10484600 -6.09801912 108 140 68 0.000000 0.988281 0.001114 0.152643
-1.37743199 -0.13651299 -6.20788383 97 126 71 0.000000 0.022971 0.000999 0.999736
-1.60879505 -0.27546000 -6.12516212 116 127 103 0.000000 0.792878 0.001369 0.609379
-1.46661699 -0.18627501 -6.17492485 112 142 72 0.000000 0.748548 0.001379 0.663079
-1.49505198 -0.24896300 -6.29254484 112 144 74 0.000000 0.961751 0.001207 0.273924
-1.33930302 -0.07576400 -6.12451601 104 135 63 0.000000 0.618487 0.001371 0.785794
-1.49699104 -0.25284100 -6.35523176 79 87 54 0.000000 -0.999298 0.001012 -0.037461
-1.50862396 -0.25025600 -6.25506115 117 147 80 0.000000 0.848828 0.001345 0.528668
-1.51831806 -0.09192100 -6.02305317 113 133 77 0.000000 -0.427862 0.001300 0.903843
-1.42978001 -0.11454000 -6.10383606 121 153 83 0.000000 0.929435 0.001268 0.368984
-1.40134394 -0.15137701 -6.26346302 116 148 84 0.000000 0.996523 0.001055 0.083307
-1.41362298 -0.16236401 -6.24472094 110 141 70 0.000000 0.815569 0.001362 0.578659
-1.51056302 -0.25671801 -6.27121782 114 146 77 0.000000 0.960094 0.001211 0.279674
-1.54352200 -0.14168300 -6.04955006 110 141 81 0.000000 0.254023 0.001193 0.967197
-1.50474596 -0.22828300 -6.20723820 113 143 76 0.000000 0.850780 0.001344 0.525521
-1.46920204 -0.17464299 -6.16458416 120 143 78 0.000000 0.273924 0.001207 0.961751
-1.62624395 -0.22569700 -6.07927799 96 122 68 0.000000 0.909655 0.001294 0.415362
-1.42784095 -0.10290700 -6.08186197 106 138 72 0.000000 0.651358 0.001377 0.758770
-1.38130999 -0.14103700 -6.22468710 110 141 73 0.000000 0.350710 0.001257 -0.936483
-1.52413404 -0.15073100 -6.06570578 112 144 74 0.000000 0.572458 0.001360 0.819933
-1.38389504 -0.12940399 -6.26346302 105 133 74 0.000000 0.999633 0.001003 -0.027071
-1.61784196 -0.15525500 -6.03403902 95 125 63 0.000000 0.300017 0.001225 0.953933
-1.41491497 -0.13651299 -6.15747499 108 138 65 0.000000 0.497143 0.001333 0.867668
-1.56161702 -0.11906400 -6.01141977 134 164 98 0.000000 0.994811 0.001071 -0.101730
-1.52025700 -0.20372400 -6.15489101 110 139 78 0.000000 0.534955 0.001347 0.844879
-1.46661699 -0.16236401 -6.15036678 112 145 75 0.000000 0.092452 0.001063 0.995717
-1.49892998 -0.07511800 -6.03210020 124 141 98 0.000000 0.396706 0.001284 0.917945
-1.36903095 -0.13392800 -6.22210217 107 137 67 0.000000 0.997710 0.001040 0.067624
-1.49052799 -0.22311200 -6.22145605 115 145 80 0.000000 0.909655 0.001294 0.415362
-1.43494999 -0.24508500 -6.35975599 132 135 118 0.000000 0.459279 0.001316 0.888291
-1.57648098 -0.13328201 -6.01788187 109 139 75 0.000000 0.362873 0.001264 0.931838
-1.55580103 -0.26835099 -6.19948196 117 145 81 0.000000 0.883337 0.001320 0.468736
-1.49246705 -0.25736400 -6.30546999 106 138 64 0.000000 0.962562 0.001205 0.271059
-1.60879505 -0.17335001 -6.04696417 108 141 80 0.000000 0.618487 0.001371 0.785794
-1.59134603 -0.28127599 -6.15359783 133 153 99 0.000000 0.804402 0.001366 0.594083
-1.55515504 -0.29161599 -6.24342918 122 153 92 0.000000 0.926978 0.001272 0.375114
-1.41814697 -0.09386000 -6.08121586 116 147 84 0.000000 0.938727 0.001253 0.344659
-1.47889602 -0.18433701 -6.16587687 140 164 97 0.000000 0.493986 0.001331 0.869469
-1.55580103 -0.27546000 -6.21046877 134 160 95 0.000000 0.795211 0.001369 0.606331
-1.56678700 -0.29226300 -6.21434689 123 152 92 0.000000 0.926978 0.001272 0.375114
-1.38001704 -0.11518600 -6.25312281 112 119 87 0.000000 -0.691755 0.001381 0.722131
-1.51896405 -0.17335001 -6.11159086 106 137 80 0.000000 0.991141 0.001098 0.132811
-1.40263605 -0.15008500 -6.25312281 112 144 75 0.000000 0.970765 0.001182 0.240031
-1.45304501 -0.17981300 -6.22856522 106 138 64 0.000000 0.792878 0.001369 0.609379
-1.56549501 -0.28580001 -6.20400715 120 150 92 0.000000 0.967197 0.001193 0.254023
-1.46920204 -0.10161500 -6.05536604 92 124 49 0.000000 0.609379 0.001369 0.792878
-1.57583499 -0.21018700 -6.09090996 109 140 76 0.000000 0.878249 0.001325 0.478202
-1.55580103 -0.20178600 -6.10900497 121 150 88 0.000000 0.691755 0.001381 0.722131
-1.57131100 -0.27222800 -6.18268013 156 164 110 0.000000 0.790530 0.001370 0.612421
-1.51573300 -0.26188800 -6.28543615 103 130 64 0.000000 0.998844 0.001022 0.048051
-1.37096906 -0.12681900 -6.20465279 104 135 67 0.000000 0.788169 0.001371 0.615457
-1.60685599 -0.21664999 -6.08315516 106 138 76 0.000000 0.680398 0.001380 0.732842
-1.53253603 -0.09062800 -6.03533220 95 125 65 0.000000 0.633537 0.001374 0.773712
-1.40392900 -0.06930200 -6.08315516 111 137 87 0.000000 0.862174 0.001337 0.506611
-1.57001901 -0.11906400 -6.00301790 128 147 97 0.000000 0.858436 0.001339 0.512919
-1.33736396 -0.06865500 -6.11159086 122 145 86 0.000000 0.459279 0.001316 0.888291
-1.59522295 -0.20501700 -6.08250904 103 133 70 0.000000 0.913864 0.001289 0.406019
-1.56484902 -0.17658100 -6.08380079 109 139 79 0.000000 0.538096 0.001349 0.842882
-1.52090299 -0.08868900 -6.00495720 52 59 41 0.000000 -0.186011 0.001141 0.982547
-1.57325006 -0.30389500 -6.21757793 126 146 101 0.000000 0.935342 0.001259 0.353743
-1.56549501 -0.12488000 -6.03016090 128 161 88 0.000000 0.668888 0.001379 0.743362
-1.46855497 -0.22699000 -6.25506115 108 139 64 0.000000 0.999941 0.000987 -0.010858
-1.51961005 -0.26188800 -6.30353117 99 126 62 0.000000 0.984462 0.001133 -0.175594
