1.21569598 -0.03235800 -5.03978920 132 155 92 0.000000 -0.946173 0.001240 0.323658
1.47895503 -0.16719800 -5.19469500 131 154 72 0.000000 -0.707106 0.001384 0.707106
1.16031504 0.00055000 -5.33515406 115 140 70 0.000000 0.931838 0.001264 -0.362873
1.30960202 -0.06687100 -5.21636581 134 173 73 0.000000 -0.997066 0.001048 -0.076536
1.51266599 -0.16238301 -5.37769318 73 85 57 0.000000 0.332624 0.001246 0.943059
1.23174798 -0.03155500 -5.48845482 139 175 95 0.000000 0.000978 0.000978 -0.999999
1.37381196 -0.10058100 -5.35361385 140 181 116 0.000000 0.999513 0.001007 0.031203
1.18439305 -0.00747700 -5.19710302 78 85 58 0.000000 -0.707106 0.001384 -0.707106
1.33608902 -0.07810700 -5.09115696 61 65 45 0.000000 0.612421 0.001370 0.790530
1.27187896 -0.04279200 -5.37608814 132 168 69 0.000000 -0.975939 0.001166 -0.218041
1.39949596 -0.11502800 -5.25248384 145 185 116 0.000000 0.994066 0.001077 -0.108776
1.24057698 -0.02352900 -5.27576017 135 172 71 0.000000 -0.929435 0.001268 0.368984
1.25422096 -0.04921300 -5.13770914 153 192 94 0.000000 0.911072 0.001292 0.412244
1.40752196 -0.12786999 -5.14092016 151 185 86 0.000000 -0.999633 0.001003 0.027071
1.50865197 -0.19208001 -5.28378582 162 197 129 0.000000 0.970765 0.001182 -0.240031
1.43802202 -0.11904100 -5.42825794 138 182 110 0.000000 0.879960 0.001323 0.475046
1.31762898 -0.05804200 -5.45554686 148 181 86 0.000000 -0.795211 0.001369 -0.606331
1.16753805 -0.01149000 -5.42825794 101 113 81 0.000000 0.697373 0.001381 0.716707
1.44524503 -0.13830400 -5.31990385 150 190 127 0.000000 0.983039 0.001139 0.183394
1.30719399 -0.06606800 -5.30064201 143 182 92 0.000000 -0.997066 0.001048 0.076536
1.36658800 -0.10379100 -5.43307400 152 183 95 0.000000 0.519223 0.001342 0.854638
1.17315698 0.01098400 -5.26693106 156 190 94 0.000000 -0.691755 0.001381 -0.722131
1.20766902 -0.00908200 -5.10560417 49 54 48 0.000000 0.792878 0.001369 -0.609379
1.25101101 -0.03075300 -5.20352411 144 183 91 0.000000 0.125512 0.001091 -0.992091
1.35936499 -0.09737000 -5.18265581 148 186 89 0.000000 -0.991465 0.001096 0.130369
1.46210003 -0.15034300 -5.25729990 156 196 131 0.000000 0.992979 0.001085 -0.118289
1.22211599 -0.01630500 -5.34318018 149 184 92 0.000000 -0.848828 0.001345 0.528668
1.27990496 -0.05322600 -5.07189417 78 92 47 0.000000 -0.990471 0.001102 -0.137718
1.31201005 -0.07891000 -5.14814281 133 174 73 0.000000 0.997236 0.001046 0.074296
1.23094499 -0.02433200 -5.41782379 136 175 86 0.000000 0.836802 0.001352 -0.547504
1.32565498 -0.07569900 -5.38090277 138 172 74 0.000000 -0.995277 0.001067 -0.097074
1.42036402 -0.13188300 -5.20031404 133 171 75 0.000000 -0.947186 0.001238 0.320681
1.34893095 -0.08934400 -5.26773405 143 181 103 0.000000 0.694569 0.001381 -0.719425
1.42758799 -0.13108000 -5.37448311 138 175 78 0.000000 -0.959249 0.001213 -0.282560
1.39949596 -0.11502800 -5.30465508 145 185 119 0.000000 0.994569 0.001073 0.104070
1.26866901 -0.03797600 -5.45073223 145 183 92 0.000000 -0.978855 0.001156 -0.204554
1.48778403 -0.17121100 -5.32632494 141 182 65 0.000000 -0.981537 0.001145 -0.191268
1.36097002 -0.07248900 -5.48123121 135 164 118 0.000000 0.917945 0.001284 0.396706
1.21970904 -0.00908200 -5.15456390 166 205 120 0.000000 0.954848 0.001223 -0.297091
1.27508903 -0.04600200 -5.24606323 132 169 65 0.000000 -0.998136 0.001034 -0.061026
1.35615396 -0.10379100 -5.12888098 163 202 132 0.000000 0.999040 0.001018 -0.043791
1.19723499 -0.00667400 -5.38571882 154 188 91 0.000000 -0.967197 0.001193 0.254023
1.20526099 -0.02272600 -5.24124718 150 190 88 0.000000 -0.935342 0.001259 0.353743
1.26385295 -0.03797600 -5.31669378 145 186 80 0.000000 -0.991465 0.001096 0.130369
1.29274702 -0.03958200 -5.49326992 130 147 100 0.000000 0.519223 0.001342 -0.854638
1.41233802 -0.10379100 -5.46838903 133 156 101 0.000000 0.928213 0.001270 0.372047
1.23094499 -0.04841000 -5.08955193 176 219 134 0.000000 0.925729 0.001273 -0.378186
1.50142896 -0.18806700 -5.23643208 65 79 47 0.000000 0.960928 0.001209 0.276796
1.28472102 -0.05162100 -5.17623520 123 158 67 0.000000 -0.947186 0.001238 0.320681
1.19161701 -0.01710800 -5.46919203 147 167 113 0.000000 -0.603278 0.001368 -0.797530
1.46611297 -0.14151400 -5.39856100 148 188 89 0.000000 -0.633537 0.001374 -0.773712
1.34973300 -0.09496200 -5.31508780 134 170 78 0.000000 -0.998136 0.001034 0.061026
1.30077302 -0.06045000 -5.34558821 146 185 102 0.000000 0.722131 0.001381 -0.691755
1.44765306 -0.13830400 -5.15777397 59 70 35 0.000000 -0.645448 0.001376 0.763803
1.29435205 -0.05242300 -5.41300821 136 171 83 0.000000 -0.745961 0.001379 0.665988
1.20445895 -0.01630500 -5.30304909 138 180 68 0.000000 0.446689 0.001310 0.894688
1.39548302 -0.11021200 -5.40177202 141 181 91 0.000000 -0.999040 0.001018 -0.043791
1.36498296 -0.10379100 -5.23081303 138 178 76 0.000000 -0.906778 0.001297 0.421606
1.19242001 -0.06687100 -5.04460478 102 102 96 0.000000 0.308835 0.001230 0.951115
1.52149403 -0.19047400 -5.34157515 85 103 68 0.000000 0.869469 0.001331 0.493986
1.28793097 -0.06446300 -5.11764288 160 201 124 0.000000 0.948187 0.001236 -0.317711
1.33849704 -0.07650200 -5.42103386 152 190 121 0.000000 0.856545 0.001340 0.516071
1.16111696 0.01178600 -5.38571882 70 78 55 0.000000 0.937612 0.001255 -0.347682
1.30398405 -0.07168600 -5.26131296 135 169 72 0.000000 -0.945148 0.001242 0.326641
1.42517996 -0.13188300 -5.27736521 147 186 116 0.000000 0.994811 0.001071 0.101730
1.47253394 -0.15275100 -5.36163998 138 177 75 0.000000 -0.748548 0.001379 -0.663079
1.41233802 -0.12225200 -5.33997011 145 183 86 0.000000 -0.984919 0.001131 -0.173011
1.32806301 -0.05402900 -5.49246788 79 88 68 0.000000 0.999780 0.000997 0.020933
1.45166600 -0.15114599 -5.21556282 153 189 85 0.000000 -0.985809 0.001127 0.167869
1.47574496 -0.16880400 -5.28699684 138 179 68 0.000000 -0.999941 0.000987 -0.010858
1.39387798 -0.11502800 -5.18105078 146 184 86 0.000000 -0.995047 0.001069 -0.099398
1.22211599 -0.03556800 -5.45313883 91 137 30 0.000000 -0.273924 0.001207 -0.961751
1.23977399 -0.02513400 -5.37689018 140 178 82 0.000000 -0.998844 0.001022 0.048051
1.24779999 -0.02914700 -5.16740608 154 190 90 0.000000 -0.735490 0.001380 0.677534
1.24378705 -0.02352900 -5.23964214 134 171 73 0.000000 -0.953933 0.001225 -0.300017
1.36337805 -0.09656800 -5.39213991 169 191 121 0.000000 -0.639507 0.001375 -0.768784
1.42598200 -0.13669901 -5.24124718 137 174 73 0.000000 -0.974705 0.001170 -0.223492
1.17476201 0.00055000 -5.23081303 83 102 62 0.000000 0.970072 0.001184 -0.242814
1.25020802 -0.03797600 -5.05985498 150 174 97 0.000000 -0.920595 0.001280 -0.390517
1.37541699 -0.11021200 -5.46999502 104 131 48 0.000000 -0.456129 0.001314 0.889912
1.21489298 -0.02352900 -5.20191908 144 185 98 0.000000 -0.999445 0.001009 0.033281
1.27107596 -0.04198900 -5.28298378 147 184 85 0.000000 -0.998513 0.001028 0.054502
1.32806301 -0.08292300 -5.33916712 130 168 64 0.000000 -0.954848 0.001223 -0.297091
1.31762898 -0.07168600 -5.18105078 136 176 69 0.000000 -0.973432 0.001174 0.228974
1.17155099 -0.00426600 -5.29743099 138 179 72 0.000000 0.686096 0.001380 -0.727510
1.26064205 -0.03637100 -5.40739012 144 181 95 0.000000 -0.700167 0.001381 0.713977
1.33608902 -0.08212000 -5.23001099 149 188 116 0.000000 0.999131 0.001016 0.041673
1.23415601 -0.02433200 -5.12807798 158 195 84 0.000000 -0.921899 0.001279 -0.387428
1.40110099 -0.11101500 -5.43869209 156 187 111 0.000000 -0.183394 0.001139 -0.983039
1.38023305 -0.11021200 -5.27816820 134 172 76 0.000000 -0.974705 0.001170 0.223492
1.19161701 -0.00587100 -5.34237814 148 187 98 0.000000 0.788169 0.001371 -0.615457
1.39708805 -0.11583100 -5.21556282 141 179 104 0.000000 0.996891 0.001050 0.078785
1.25582695 -0.03958200 -5.10721016 177 213 104 0.000000 -0.964929 0.001199 -0.262509
1.23816895 -0.02272600 -5.30706215 141 181 81 0.000000 -0.996132 0.001059 0.087863
1.37782502 -0.11101500 -5.15456390 152 192 102 0.000000 -0.724826 0.001381 0.688930
1.21007705 -0.01229200 -5.27014208 143 184 104 0.000000 0.943059 0.001246 -0.332624
1.40029800 -0.11181700 -5.37127209 138 179 105 0.000000 0.968656 0.001189 0.248404
1.47253394 -0.16880400 -5.23482704 146 183 69 0.000000 -0.993536 0.001081 0.113516
1.27910304 -0.04760800 -5.21556282 138 177 74 0.000000 -0.998393 0.001030 -0.056668
1.21248496 -0.02754200 -5.07671022 188 225 142 0.000000 0.783405 0.001372 0.621510
1.19643295 -0.01871300 -5.43548203 133 173 70 0.000000 0.618487 0.001371 -0.785794
1.29675996 -0.07489700 -5.09035397 173 210 152 0.000000 0.481358 0.001326 0.876523
1.34572005 -0.09094900 -5.15616894 141 180 77 0.000000 -0.998844 0.001022 0.048051
1.29194498 -0.06125200 -5.47160006 156 197 119 0.000000 -0.834745 0.001353 0.550634
1.33207595 -0.08212000 -5.29181194 137 173 82 0.000000 -0.999686 0.001001 -0.025017
1.45487702 -0.14071199 -5.18747187 148 186 106 0.000000 0.956644 0.001219 -0.291258
1.30157602 -0.05884400 -5.38010120 143 183 100 0.000000 0.992979 0.001085 0.118289
1.34250998 -0.07489700 -5.44992924 145 180 89 0.000000 -0.988281 0.001114 -0.152643
1.48617899 -0.17923801 -5.25970697 150 186 72 0.000000 -0.995500 0.001065 -0.094759
1.44685102 -0.14873800 -5.28699684 142 182 76 0.000000 -0.998136 0.001034 0.061026
1.42116702 -0.13429099 -5.17141914 135 173 61 0.000000 -0.999736 0.000999 0.022971
1.32645702 -0.07971300 -5.11844587 151 192 104 0.000000 -0.830587 0.001355 0.556887
1.28793097 -0.05483100 -5.14493322 146 184 79 0.000000 -0.999131 0.001016 0.041673
1.26626098 -0.03958200 -5.34799623 130 164 70 0.000000 -0.993261 0.001083 0.115898
1.34250998 -0.09175200 -5.36244297 171 200 112 0.000000 0.977134 0.001162 0.212622
1.17877495 -0.03717400 -5.45313883 131 172 47 0.000000 0.468736 0.001320 -0.883337
1.51908600 -0.19850101 -5.30947018 57 70 40 0.000000 0.990125 0.001104 -0.140185
1.18278801 -0.01309500 -5.25569391 147 185 76 0.000000 -0.977134 0.001162 -0.212622
1.21970904 -0.05563400 -5.05503893 123 148 94 0.000000 -0.127937 0.001093 0.991782
1.44043005 -0.13027801 -5.40016699 135 176 82 0.000000 -0.915238 0.001287 -0.402911
1.33769405 -0.08051500 -5.19790602 146 186 119 0.000000 0.984919 0.001131 -0.173011
1.25903702 -0.03476600 -5.49005985 119 161 64 0.000000 -0.421606 0.001297 -0.906778
1.43802202 -0.13910700 -5.35040379 139 178 76 0.000000 -0.999040 0.001018 0.043791
1.49902105 -0.17361900 -5.35120583 146 187 70 0.000000 -0.937612 0.001255 -0.347682
1.46771896 -0.15355401 -5.31910181 156 194 122 0.000000 0.987081 0.001120 -0.160219
1.17636704 0.00536500 -5.36163998 173 207 95 0.000000 -0.925729 0.001273 -0.378186
1.37461495 -0.10379100 -5.32070684 141 181 108 0.000000 0.995047 0.001069 -0.099398
1.29595804 -0.05001600 -5.44190311 143 180 81 0.000000 -0.928213 0.001270 -0.372047
1.22933996 -0.04279200 -5.19068193 155 195 97 0.000000 0.627537 0.001373 -0.778585
1.42116702 -0.12867300 -5.31428623 142 180 88 0.000000 -0.994066 0.001077 -0.108776
1.36739099 -0.08854100 -5.45474482 157 197 136 0.000000 0.917945 0.001284 0.396706
1.31602299 -0.06285800 -5.42424488 148 187 106 0.000000 0.788169 0.001371 -0.615457
1.38665402 -0.11904100 -5.12727499 64 76 36 0.000000 -0.998267 0.001032 -0.058843
1.17877495 -0.00346400 -5.40578508 129 168 71 0.000000 0.900850 0.001304 -0.434129
1.20606399 -0.02593700 -5.49005985 87 108 49 0.000000 0.449834 0.001311 -0.893111
1.27107596 -0.05884400 -5.09597301 155 197 122 0.000000 -0.063217 0.001036 0.997999
1.19643295 -0.04118700 -5.02453899 99 100 72 0.000000 0.997400 0.001044 0.072063
1.43160105 -0.11262000 -5.45313883 66 79 58 0.000000 -0.528668 0.001345 -0.848828
1.36097002 -0.09496200 -5.29020691 146 185 118 0.000000 0.999575 0.001005 -0.029133
1.24619496 -0.02674000 -5.33756208 143 180 80 0.000000 -0.997710 0.001040 0.067624
1.49019206 -0.17763200 -5.21556282 105 121 70 0.000000 0.941995 0.001248 0.335625
1.49661303 -0.18485600 -5.30545712 148 187 65 0.000000 -0.986241 0.001125 -0.165311
1.49099505 -0.14633000 -5.39374495 127 154 93 0.000000 0.958392 0.001215 0.285453
1.37943006 -0.10298900 -5.19870901 151 191 122 0.000000 0.964929 0.001199 0.262509
1.21489298 -0.02433200 -5.37047005 146 192 99 0.000000 -0.308835 0.001230 -0.951115
1.19482696 -0.00506900 -5.15937996 46 55 33 0.000000 0.999889 0.000991 0.014865
1.36819398 -0.10780400 -5.25569391 133 169 69 0.000000 -0.999686 0.001001 0.025017
1.28632605 -0.05242300 -5.32632494 133 171 66 0.000000 -0.996710 0.001052 0.081042
1.29114199 -0.05723900 -5.28218079 137 175 74 0.000000 -0.998393 0.001030 0.056668
1.21649802 -0.02031900 -5.17703819 152 190 82 0.000000 0.969369 0.001186 0.245605
1.26706302 -0.04439700 -5.16018200 144 181 103 0.000000 -0.627537 0.001373 -0.778585
1.18599904 -0.00266100 -5.31829882 142 181 88 0.000000 0.538096 0.001349 -0.842882
1.21408999 -0.02031900 -5.40016699 137 177 88 0.000000 0.869469 0.001331 -0.493986
1.32565498 -0.08212000 -5.25569391 131 167 73 0.000000 -0.970765 0.001182 -0.240031
1.25823402 -0.04038400 -5.22920799 157 197 128 0.000000 -0.490829 0.001330 -0.871255
1.41875899 -0.11743600 -5.40337706 141 181 114 0.000000 0.999686 0.001001 0.025017
1.24298501 -0.03155500 -5.46678400 136 177 86 0.000000 0.959249 0.001213 -0.282560
1.45969200 -0.12947500 -5.42424488 117 137 98 0.000000 0.977134 0.001162 0.212622
1.29435205 -0.06446300 -5.24044514 131 166 65 0.000000 -0.997710 0.001040 -0.067624
1.15870905 -0.00747700 -5.37127209 138 168 100 0.000000 0.902354 0.001302 0.430994
1.21088004 -0.00988500 -5.22198391 147 182 85 0.000000 -0.955752 0.001221 -0.294171
1.34893095 -0.09496200 -5.10801220 122 147 72 0.000000 -0.996710 0.001052 0.081042
1.35856199 -0.09014700 -5.41541576 146 177 114 0.000000 0.921899 0.001279 0.387428
1.45166600 -0.13589600 -5.38010120 144 184 119 0.000000 0.949175 0.001234 0.314746
1.40270603 -0.11743600 -5.27897120 143 183 120 0.000000 0.973432 0.001174 0.228974
1.30799699 -0.06687100 -5.32391691 136 173 71 0.000000 -0.999941 0.000987 -0.010858
1.23255098 -0.02995000 -5.22037888 151 190 113 0.000000 -0.547504 0.001352 -0.836802
1.25823402 -0.03396300 -5.25649691 141 177 80 0.000000 -0.999575 0.001005 -0.029133
1.27749705 -0.04279200 -5.42986298 140 178 86 0.000000 -0.998844 0.001022 0.048051
1.35535204 -0.09255500 -5.20673513 147 187 117 0.000000 0.879960 0.001323 0.475046
1.21007705 -0.00426600 -5.12807798 154 173 117 0.000000 0.781002 0.001373 -0.624527
1.19402504 -0.01389800 -5.36404800 147 185 72 0.000000 -0.846861 0.001346 0.531813
1.31040502 -0.04760800 -5.47481012 138 177 87 0.000000 -0.683251 0.001380 -0.730182
1.19402504 -0.03797600 -5.04701281 180 193 165 0.000000 -0.665988 0.001379 0.745961
1.24940598 -0.03075300 -5.44110012 144 180 94 0.000000 -0.961751 0.001207 -0.273924
1.35695696 -0.09416000 -5.33997011 138 177 103 0.000000 0.999575 0.001005 -0.029133
1.28151000 -0.04841000 -5.30465508 134 172 69 0.000000 -0.993536 0.001081 0.113516
1.22853696 -0.01710800 -5.25489187 136 175 75 0.000000 -0.984919 0.001131 -0.173011
1.41394305 -0.12144900 -5.22920799 147 186 120 0.000000 0.998945 0.001020 0.045917
1.30639195 -0.07248900 -5.12727499 156 197 115 0.000000 0.968656 0.001189 0.248404
1.34010196 -0.08854100 -5.13369608 150 188 93 0.000000 -0.975327 0.001168 0.220763
1.18680096 -0.00185800 -5.28137779 146 186 105 0.000000 0.881656 0.001322 -0.471891
1.27428699 -0.04921300 -5.12807798 142 180 93 0.000000 -0.997710 0.001040 0.067624
1.26545799 -0.04038400 -5.18185282 145 182 88 0.000000 -0.916599 0.001286 -0.399807
1.50544202 -0.19047400 -5.32471991 150 189 67 0.000000 -0.980491 0.001149 -0.196558
1.15790701 0.00697100 -5.31027317 102 111 85 0.000000 0.846861 0.001346 -0.531813
1.25502396 -0.03075300 -5.29261494 134 172 72 0.000000 -0.952066 0.001228 -0.305890
1.51106000 -0.19208001 -5.26211500 43 53 27 0.000000 0.976541 0.001164 0.215328
1.23255098 -0.02513400 -5.10640717 175 213 90 0.000000 -0.952066 0.001228 -0.305890
1.34090400 -0.08292300 -5.39454794 146 185 105 0.000000 -0.087863 0.001059 -0.996132
1.33769405 -0.08131800 -5.17623520 147 188 124 0.000000 0.981537 0.001145 0.191268
1.31361496 -0.06526500 -5.39695597 144 180 96 0.000000 -0.939829 0.001251 0.341642
1.23816895 -0.02352900 -5.18666887 141 177 85 0.000000 -0.963362 0.001203 0.268202
1.21408999 -0.03235800 -5.15937996 150 191 84 0.000000 -0.180786 0.001137 -0.983522
1.42999601 -0.13990900 -5.22037888 146 184 87 0.000000 -0.999633 0.001003 0.027071
1.38825905 -0.11021200 -5.23482704 144 185 114 0.000000 0.988665 0.001112 0.150135
1.30318105 -0.06366000 -5.16740608 136 174 70 0.000000 -0.984462 0.001133 -0.175594
1.39387798 -0.11262000 -5.33515406 154 188 115 0.000000 0.998393 0.001030 -0.056668
1.33689106 -0.06205500 -5.47481012 170 211 146 0.000000 0.534955 0.001347 0.844879
1.46129799 -0.14954101 -5.34398317 137 177 79 0.000000 -0.989410 0.001108 -0.145143
1.18118298 -0.01710800 -5.22118187 141 174 93 0.000000 -0.916599 0.001286 0.399807
1.39066696 -0.10379100 -5.42183685 135 178 106 0.000000 0.950151 0.001232 -0.311788
1.41715395 -0.12546200 -5.25729990 148 186 124 0.000000 0.999040 0.001018 -0.043791
1.28391802 -0.05001600 -5.35281181 150 181 88 0.000000 -0.989410 0.001108 0.145143
1.43079805 -0.13268600 -5.14653778 47 55 29 0.000000 0.137718 0.001102 0.990471
1.21970904 -0.04279200 -5.10640717 190 231 167 0.000000 0.456129 0.001314 0.889912
1.24218202 -0.02593700 -5.14734077 160 198 112 0.000000 -0.627537 0.001373 -0.778585
1.30157602 -0.06125200 -5.19790602 144 183 80 0.000000 -0.999917 0.000989 0.012857
1.38424599 -0.10619900 -5.38331079 134 173 86 0.000000 -0.985809 0.001127 0.167869
1.25743198 -0.04600200 -5.47079706 138 183 81 0.000000 -0.941995 0.001248 0.335625
1.44845605 -0.14151400 -5.24445820 149 188 107 0.000000 0.984919 0.001131 -0.173011
1.23576105 -0.03396300 -5.40016699 135 175 64 0.000000 -0.240031 0.001182 0.970765
1.21810305 -0.02272600 -5.43387699 138 176 84 0.000000 -0.977717 0.001160 -0.209925
1.32244396 -0.07248900 -5.35602188 151 189 126 0.000000 0.996523 0.001055 0.083307
1.25903702 -0.04038400 -5.07831478 182 220 117 0.000000 -0.677534 0.001380 0.735490
1.28311598 -0.05001600 -5.26452398 138 178 70 0.000000 -0.995927 0.001061 0.090153
1.42919302 -0.13268600 -5.33274603 139 179 82 0.000000 -0.979409 0.001154 -0.201881
1.39548302 -0.12064600 -5.15857697 145 181 90 0.000000 0.563126 0.001357 -0.826370
1.31843102 -0.07329200 -5.27576017 143 181 117 0.000000 0.999976 0.000983 0.006883
1.21408999 -0.01309500 -5.32471991 148 187 99 0.000000 0.976541 0.001164 -0.215328
1.34893095 -0.08854100 -5.24445820 142 182 120 0.000000 0.980491 0.001149 0.196558
1.27910304 -0.04680500 -5.40096903 150 187 106 0.000000 0.889912 0.001314 -0.456129
1.28472102 -0.04118700 -5.47481012 147 189 104 0.000000 -0.268202 0.001203 -0.963362
1.33368099 -0.08292300 -5.31348324 147 183 114 0.000000 0.186011 0.001141 -0.982547
1.35374606 -0.08693600 -5.43869209 129 167 61 0.000000 -0.982547 0.001141 -0.186011
1.47895503 -0.16880400 -5.30866814 140 181 66 0.000000 -0.994811 0.001071 -0.101730
1.23576105 -0.04841000 -5.07028913 131 170 81 0.000000 -0.899331 0.001305 0.437266
1.18439305 -0.02031900 -5.41461420 137 177 62 0.000000 0.956644 0.001219 -0.291258
1.21007705 -0.02352900 -5.46678400 135 175 75 0.000000 -0.547504 0.001352 0.836802
1.22372198 -0.01871300 -5.28458881 148 190 111 0.000000 0.998513 0.001028 -0.054502
1.49340296 -0.17522500 -5.28137779 166 205 140 0.000000 0.973432 0.001174 -0.228974
1.19242001 -0.00827900 -5.23803711 149 188 105 0.000000 0.905318 0.001299 0.424733
1.20285404 -0.01229200 -5.19148493 137 173 81 0.000000 -0.915238 0.001287 0.402911
1.43561399 -0.14392200 -5.26612902 137 174 76 0.000000 -0.999917 0.000989 0.012857
1.17556405 -0.00587100 -5.38090277 163 198 107 0.000000 0.873026 0.001329 -0.487672
1.47735000 -0.16238301 -5.25569391 166 206 137 0.000000 0.999917 0.000989 0.012857
1.16834104 0.00777300 -5.24766779 55 61 42 0.000000 0.989410 0.001108 -0.145143
1.30879998 -0.05242300 -5.49407291 159 198 115 0.000000 -0.350710 0.001257 0.936483
1.31201005 -0.08051500 -5.10078907 162 205 128 0.000000 0.130369 0.001096 -0.991465
1.21649802 -0.05162100 -5.07349920 173 216 127 0.000000 0.957524 0.001217 -0.288352
1.22693205 -0.03235800 -5.06467104 185 221 118 0.000000 0.916599 0.001286 0.399807
1.51507294 -0.17442200 -5.36163998 167 199 143 0.000000 0.986241 0.001125 -0.165311
1.43641698 -0.13910700 -5.19228697 139 175 78 0.000000 -0.994569 0.001073 0.104070
1.20205104 -0.05723900 -5.06226301 210 221 165 0.000000 -0.996891 0.001050 -0.078785
1.37541699 -0.10459400 -5.29823399 138 177 104 0.000000 0.948187 0.001236 -0.317711
1.43802202 -0.13750100 -5.30224705 148 187 124 0.000000 0.960094 0.001211 0.279674
1.46450806 -0.15275100 -5.17623520 102 127 59 0.000000 -0.475046 0.001323 0.879960
1.25903702 -0.03556800 -5.38812685 140 177 94 0.000000 0.964929 0.001199 -0.262509
1.36097002 -0.09737000 -5.36725903 134 172 82 0.000000 -0.991782 0.001093 0.127937
1.23255098 -0.02031900 -5.36003494 146 179 79 0.000000 -0.999995 0.000979 0.002938
1.36257505 -0.10138300 -5.14653778 152 191 83 0.000000 -0.781002 0.001373 -0.624527
1.37943006 -0.10058100 -5.40418005 130 169 107 0.000000 0.998629 0.001026 -0.052343
1.47494197 -0.15997501 -5.21155024 160 198 134 0.000000 0.983996 0.001135 -0.178186
1.46370602 -0.15034300 -5.23803711 149 188 118 0.000000 0.994321 0.001075 -0.106419
1.38986397 -0.11021200 -5.35441685 138 176 96 0.000000 0.995717 0.001063 -0.092452
1.27669501 -0.05643700 -5.46196795 155 193 113 0.000000 -0.924466 0.001275 0.381263
1.37461495 -0.10780400 -5.18024778 144 184 89 0.000000 -0.996132 0.001059 0.087863
1.36498296 -0.10218600 -5.16499805 143 181 74 0.000000 -0.982547 0.001141 -0.186011
1.32726002 -0.08292300 -5.16098499 136 175 76 0.000000 -0.999987 0.000981 0.004907
1.39468002 -0.10379100 -5.46277094 145 163 104 0.000000 0.052343 0.001026 -0.998629
1.24218202 -0.04760800 -5.11684084 169 209 115 0.000000 0.317711 0.001236 0.948187
1.41554797 -0.12546200 -5.29181194 142 180 120 0.000000 0.999995 0.000979 0.002938
1.32164204 -0.07248900 -5.23643208 147 185 121 0.000000 0.990809 0.001100 -0.135260
1.41715395 -0.12626500 -5.36003494 140 179 78 0.000000 -0.993261 0.001083 0.115898
1.45969200 -0.15756699 -5.29662800 136 176 69 0.000000 -0.983522 0.001137 -0.180786
1.22613001 -0.01470000 -5.23081303 146 183 85 0.000000 -0.995717 0.001063 0.092452
1.23174798 -0.02112100 -5.32792997 142 178 80 0.000000 -0.998739 0.001024 -0.050193
1.41314006 -0.11823800 -5.38250923 137 178 109 0.000000 0.993261 0.001083 0.115898
1.26385295 -0.05804200 -5.11603785 158 199 112 0.000000 -0.982047 0.001143 -0.188635
1.19803798 -0.01068700 -5.40337706 135 173 84 0.000000 0.569351 0.001359 -0.822094
1.27830005 -0.05162100 -5.19308996 126 160 74 0.000000 -0.984919 0.001131 0.173011
1.48698199 -0.16238301 -5.34398317 164 204 137 0.000000 0.971447 0.001180 0.237255
1.37621999 -0.10298900 -5.44912577 224 233 172 0.000000 0.756234 0.001377 0.654300
1.40992999 -0.11181700 -5.41782379 143 184 117 0.000000 0.946173 0.001240 0.323658
1.25181401 -0.04921300 -5.09276199 147 188 107 0.000000 0.999040 0.001018 -0.043791
1.22211599 -0.01309500 -5.11523581 163 197 75 0.000000 -0.995500 0.001065 0.094759
1.21970904 -0.02352900 -5.14413023 170 209 128 0.000000 0.862174 0.001337 0.506611
1.25020802 -0.03075300 -5.35441685 135 172 78 0.000000 -0.964151 0.001201 -0.265352
1.47574496 -0.14873800 -5.38491678 139 181 79 0.000000 -0.929435 0.001268 -0.368984
1.22933996 -0.02593700 -5.16580105 157 197 107 0.000000 -0.758770 0.001377 -0.651358
1.21408999 -0.02513400 -5.10159111 199 235 157 0.000000 0.873026 0.001329 -0.487672
1.16352499 -0.00185800 -5.39695597 156 182 98 0.000000 -0.936483 0.001257 0.350710
1.19001198 -0.01068700 -5.17944479 51 58 39 0.000000 0.999995 0.000979 0.002938
1.32164204 -0.07569900 -5.20352411 135 176 81 0.000000 -0.995717 0.001063 -0.092452
1.34973300 -0.07329200 -5.46598101 175 211 155 0.000000 0.852716 0.001343 0.522373
1.32485199 -0.07810700 -5.13610411 145 184 85 0.000000 -0.975939 0.001166 0.218041
1.40992999 -0.12225200 -5.18185282 144 183 109 0.000000 0.999131 0.001016 -0.041673
1.36979902 -0.11021200 -5.12005091 72 91 35 0.000000 -0.997066 0.001048 0.076536
1.48858702 -0.15917200 -5.36404800 148 189 93 0.000000 -0.992394 0.001089 -0.123096
1.46932399 -0.15275100 -5.19630098 162 198 129 0.000000 0.997066 0.001048 -0.076536
1.28793097 -0.05643700 -5.09356499 164 207 98 0.000000 -0.985368 0.001129 0.170436
1.45567906 -0.15435600 -5.27335215 139 177 71 0.000000 -0.972119 0.001178 -0.234487
1.30157602 -0.06526500 -5.10721016 148 187 82 0.000000 -0.975939 0.001166 0.218041
1.19803798 -0.02352900 -5.20512915 148 193 103 0.000000 0.618487 0.001371 0.785794
1.16593301 0.01018100 -5.29020691 98 115 74 0.000000 0.999857 0.000993 -0.016879
1.41875899 -0.11342300 -5.44190311 140 181 101 0.000000 -0.994321 0.001075 0.106419
1.17155099 -0.01791100 -5.44350815 114 132 78 0.000000 0.999736 0.000999 0.022971
1.16914296 -0.00426600 -5.31910181 144 183 68 0.000000 0.909655 0.001294 0.415362
1.27107596 -0.05563400 -5.14413023 140 181 85 0.000000 0.908224 0.001296 -0.418483
1.37943006 -0.10379100 -5.22198391 150 189 123 0.000000 0.993536 0.001081 -0.113516
1.21168196 -0.01951600 -5.41862679 129 169 75 0.000000 0.730182 0.001380 -0.683251
1.28632605 -0.05001600 -5.38090277 139 176 87 0.000000 -0.916599 0.001286 -0.399807
1.16191995 0.00857600 -5.35361385 133 149 99 0.000000 0.713977 0.001381 -0.700167
1.32565498 -0.06526500 -5.44270515 147 186 107 0.000000 0.998267 0.001032 0.058843
1.29675996 -0.05643700 -5.39695597 141 178 91 0.000000 -0.938727 0.001253 -0.344659
1.33287799 -0.08934400 -5.10640717 69 77 65 0.000000 -0.041673 0.001016 0.999131
1.22211599 -0.02272600 -5.30064201 145 185 108 0.000000 0.903843 0.001300 -0.427862
1.20927501 -0.03396300 -5.05503893 185 213 118 0.000000 0.997558 0.001042 0.069839
1.34491801 -0.06366000 -5.48925686 118 125 109 0.000000 0.998393 0.001030 -0.056668
1.19884002 -0.01791100 -5.33354902 155 198 106 0.000000 0.522373 0.001343 -0.852716
1.23174798 -0.02433200 -5.20191908 146 184 102 0.000000 0.917945 0.001284 -0.396706
1.49019206 -0.17602700 -5.23803711 173 209 140 0.000000 0.975327 0.001168 0.220763
1.50624502 -0.20090801 -5.29743099 163 199 80 0.000000 -0.990809 0.001100 -0.135260
1.29194498 -0.06205500 -5.22439194 140 175 79 0.000000 0.155160 0.001116 0.987889
1.45086396 -0.12225200 -5.43789005 130 151 105 0.000000 0.953006 0.001227 0.302950
1.32726002 -0.07329200 -5.40096903 142 179 86 0.000000 -0.991141 0.001098 -0.132811
1.21248496 -0.01389800 -5.25408888 153 195 110 0.000000 0.997066 0.001048 -0.076536
1.19402504 -0.01871300 -5.45313883 153 187 105 0.000000 -0.937612 0.001255 0.347682
1.33127296 -0.08533100 -5.21476078 137 174 76 0.000000 -0.999780 0.000997 0.020933
1.31682599 -0.06205500 -5.48363876 168 209 131 0.000000 0.987889 0.001116 -0.155160
1.28873396 -0.06687100 -5.13369608 147 187 88 0.000000 0.819933 0.001360 -0.572458
1.41635096 -0.12867300 -5.15697193 149 185 95 0.000000 -0.509765 0.001338 0.860313
1.31762898 -0.07569900 -5.31428623 140 179 78 0.000000 -0.954848 0.001223 -0.297091
1.49019206 -0.14954101 -5.37769318 154 197 130 0.000000 0.931838 0.001264 0.362873
1.30237901 -0.06045000 -5.36404800 152 185 95 0.000000 -0.999995 0.000979 0.002938
1.47815299 -0.16398799 -5.27174711 157 198 130 0.000000 0.999995 0.000979 0.002938
1.27669501 -0.05723900 -5.16339302 128 171 75 0.000000 0.569351 0.001359 -0.822094
1.24218202 -0.03316100 -5.25489187 138 176 80 0.000000 0.928213 0.001270 0.372047
1.43561399 -0.13108000 -5.17784023 130 171 89 0.000000 0.998136 0.001034 -0.061026
1.39066696 -0.11663300 -5.31990385 145 176 86 0.000000 -0.920595 0.001280 -0.390517
1.45567906 -0.14472499 -5.30947018 149 188 117 0.000000 0.981537 0.001145 0.191268
1.44363999 -0.14312001 -5.33515406 133 172 68 0.000000 -0.992979 0.001085 -0.118289
1.17636704 -0.00105600 -5.34398317 145 181 86 0.000000 0.999987 0.000981 0.004907
1.34411502 -0.09094900 -5.32953501 141 175 88 0.000000 -0.944109 0.001244 -0.329630
1.39066696 -0.11984400 -5.14332819 150 186 76 0.000000 -0.936483 0.001257 -0.350710
1.50865197 -0.17763200 -5.33916712 169 208 138 0.000000 0.894688 0.001310 0.446689
1.24779999 -0.03235800 -5.12888098 158 193 85 0.000000 -0.975327 0.001168 -0.220763
1.45086396 -0.14392200 -5.17222214 153 188 91 0.000000 -0.645448 0.001376 0.763803
1.18118298 -0.01149000 -5.33194399 148 184 66 0.000000 -0.528668 0.001345 0.848828
1.42357504 -0.11904100 -5.42103386 133 173 90 0.000000 -0.862174 0.001337 -0.506611
1.21810305 -0.02433200 -5.21797085 139 181 73 0.000000 0.999298 0.001012 0.037461
1.31682599 -0.07168600 -5.33595705 143 180 92 0.000000 -0.919277 0.001282 -0.393609
1.20124805 -0.00747700 -5.28378582 141 182 106 0.000000 0.999575 0.001005 0.029133
1.26385295 -0.03797600 -5.21476078 149 188 111 0.000000 0.991465 0.001096 0.130369
1.29114199 -0.05804200 -5.20914316 165 197 111 0.000000 -0.999987 0.000981 0.004907
1.27268195 -0.04439700 -5.32792997 138 176 70 0.000000 -0.998267 0.001032 -0.058843
1.34812796 -0.09175200 -5.22760296 135 172 80 0.000000 -0.976541 0.001164 -0.215328
1.38986397 -0.11021200 -5.29341793 142 183 109 0.000000 0.991465 0.001096 0.130369
1.25984001 -0.03556800 -5.36565399 141 175 75 0.000000 -0.998136 0.001034 0.061026
1.18278801 -0.00025300 -5.21074820 153 170 97 0.000000 0.308835 0.001230 -0.951115
1.45487702 -0.12947500 -5.40578508 145 188 112 0.000000 0.790530 0.001370 0.612421
1.46049500 -0.14312001 -5.36324596 146 186 118 0.000000 0.920595 0.001280 0.390517
1.26304996 -0.03958200 -5.19710302 149 187 96 0.000000 -0.972119 0.001178 -0.234487
1.42277205 -0.12546200 -5.21716881 139 179 116 0.000000 0.998629 0.001026 -0.052343
1.39949596 -0.11663300 -5.20031404 145 183 111 0.000000 0.995927 0.001061 -0.090153
1.27749705 -0.04680500 -5.23081303 139 177 77 0.000000 -0.893111 0.001311 0.449834
1.29515505 -0.06045000 -5.45313883 135 174 108 0.000000 0.947186 0.001238 -0.320681
1.38344300 -0.10459400 -5.36806202 145 183 108 0.000000 0.946173 0.001240 0.323658
1.41153502 -0.12064600 -5.32311487 143 183 112 0.000000 0.960094 0.001211 0.279674
1.24137902 -0.03556800 -5.49969101 57 66 38 0.000000 -0.396706 0.001284 -0.917945
1.21248496 -0.02433200 -5.44912577 106 151 35 0.000000 0.925729 0.001273 -0.378186
1.16432798 -0.00185800 -5.41220617 131 150 99 0.000000 0.730182 0.001380 0.683251
1.26545799 -0.04680500 -5.26050997 129 170 61 0.000000 0.888291 0.001316 -0.459279
1.36979902 -0.08212000 -5.46838903 177 209 163 0.000000 0.569351 0.001359 0.822094
1.26866901 -0.04118700 -5.30064201 134 170 71 0.000000 -0.993804 0.001079 0.111142
1.21168196 -0.06045000 -5.04300022 53 65 36 0.000000 0.722131 0.001381 0.691755
1.20686698 -0.01149000 -5.34478617 143 180 96 0.000000 0.975327 0.001168 0.220763
1.47574496 -0.13830400 -5.40979815 70 83 53 0.000000 0.990809 0.001100 0.135260
1.20927501 -0.03717400 -5.08794594 197 232 160 0.000000 0.909655 0.001294 0.415362
1.46450806 -0.16318500 -5.22198391 151 188 79 0.000000 -0.999736 0.000999 0.022971
1.36899602 -0.09817300 -5.20994520 156 194 130 0.000000 0.998136 0.001034 0.061026
1.21088004 -0.01229200 -5.36244297 144 180 91 0.000000 -0.758770 0.001377 -0.651358
1.37381196 -0.11181700 -5.14011717 149 189 80 0.000000 -0.976541 0.001164 -0.215328
1.24539304 -0.02914700 -5.41060114 141 179 91 0.000000 -0.865851 0.001334 -0.500299
1.25823402 -0.03316100 -5.27816820 134 171 74 0.000000 -0.999995 0.000979 0.002938
1.49982405 -0.19448701 -5.27174711 159 198 79 0.000000 -0.997710 0.001040 -0.067624
1.40752196 -0.12546200 -5.21074820 143 181 82 0.000000 -0.964151 0.001201 0.265352
1.44203496 -0.13669901 -5.20593214 144 185 113 0.000000 0.840871 0.001350 -0.541234
1.35775995 -0.09576500 -5.25408888 144 182 105 0.000000 0.964151 0.001201 -0.265352
1.50223100 -0.16800100 -5.36565399 152 189 87 0.000000 -0.471891 0.001322 -0.881656
1.20205104 -0.00827900 -5.31749582 143 182 95 0.000000 0.999987 0.000981 0.004907
1.48216605 -0.16800100 -5.22358894 157 196 117 0.000000 0.999780 0.000997 -0.020933
1.34732497 -0.08934400 -5.18586588 142 182 97 0.000000 -0.945148 0.001242 0.326641
1.21007705 -0.01389800 -5.38732386 139 178 91 0.000000 0.865851 0.001334 0.500299
1.25261605 -0.03155500 -5.32391691 135 171 74 0.000000 -0.985809 0.001127 0.167869
1.19643295 -0.00747700 -5.26693106 149 189 96 0.000000 0.999686 0.001001 0.025017
1.19322205 -0.03235800 -5.45875788 140 185 50 0.000000 -0.043791 0.001018 0.999040
1.26465499 -0.04198900 -5.42263985 139 178 78 0.000000 -0.908224 0.001296 0.418483
1.23816895 -0.02754200 -5.43227100 135 174 84 0.000000 0.924466 0.001275 -0.381263
1.33368099 -0.08051500 -5.27736521 140 181 110 0.000000 0.992690 0.001087 -0.120688
1.25181401 -0.03235800 -5.18105078 147 184 93 0.000000 -0.987081 0.001120 -0.160219
1.43721902 -0.12626500 -5.41381121 130 172 84 0.000000 -0.960928 0.001209 -0.276796
1.21088004 -0.01470000 -5.09195900 126 138 114 0.000000 0.961751 0.001207 0.273924
1.44363999 -0.13830400 -5.22519493 144 185 109 0.000000 0.999995 0.000979 0.002938
1.27268195 -0.04439700 -5.09597301 166 207 101 0.000000 0.279674 0.001211 -0.960094
1.47253394 -0.15515900 -5.33675909 142 182 105 0.000000 0.967932 0.001191 0.251210
1.29836595 -0.07008100 -5.15536690 137 177 72 0.000000 0.995277 0.001067 -0.097074
1.46932399 -0.15596201 -5.28539085 151 190 125 0.000000 0.961751 0.001207 0.273924
1.28712904 -0.04520000 -5.46116495 145 182 101 0.000000 0.891519 0.001313 -0.452981
1.42598200 -0.12626500 -5.39454794 154 184 99 0.000000 -0.572458 0.001360 -0.819933
1.19482696 -0.00587100 -5.30064201 141 182 97 0.000000 0.956644 0.001219 0.291258
1.36177301 -0.09576500 -5.26853704 146 186 123 0.000000 0.969369 0.001186 -0.245605
1.26224804 -0.03637100 -5.43789005 140 179 95 0.000000 0.606331 0.001369 -0.795211
1.22693205 -0.01871300 -5.37689018 147 181 89 0.000000 -0.894688 0.001310 0.446689
1.30719399 -0.06366000 -5.46357298 163 199 129 0.000000 0.974705 0.001170 0.223492
1.48778403 -0.16800100 -5.29743099 153 193 116 0.000000 0.978290 0.001158 0.207235
1.43802202 -0.13669901 -5.36645699 150 185 90 0.000000 -0.468736 0.001320 -0.883337
1.37461495 -0.10218600 -5.26773405 156 193 126 0.000000 0.996331 0.001057 0.085581
1.17476201 0.00937800 -5.40096903 169 208 112 0.000000 -0.674661 0.001380 -0.738126
1.41233802 -0.13108000 -5.23964214 138 175 78 0.000000 -0.974588 0.001173 -0.224003
1.49661303 -0.19208001 -5.24927282 158 194 79 0.000000 -0.897798 0.001307 0.440405
1.20686698 -0.01149000 -5.20512915 136 175 83 0.000000 -0.314746 0.001234 -0.949175
1.18680096 -0.01309500 -5.42665291 141 177 88 0.000000 -0.677534 0.001380 0.735490
1.35214102 -0.09175200 -5.37689018 201 217 155 0.000000 0.876523 0.001326 0.481358
1.40591705 -0.11904100 -5.35521889 137 174 79 0.000000 -0.999995 0.000979 0.002938
1.18760395 -0.00426600 -5.37368011 148 187 103 0.000000 0.997710 0.001040 -0.067624
1.24699795 -0.03797600 -5.15295887 161 200 101 0.000000 0.912475 0.001291 -0.409130
1.34491801 -0.08934400 -5.30304909 145 184 102 0.000000 -0.639507 0.001375 -0.768784
1.42999601 -0.13268600 -5.25970697 143 182 121 0.000000 0.999917 0.000989 -0.012857
1.20766902 -0.00827900 -5.14734077 160 194 105 0.000000 0.785794 0.001371 0.618487
1.17315698 0.01098400 -5.37849617 175 209 98 0.000000 0.353743 0.001259 0.935342
1.22131395 -0.04118700 -5.08152580 179 222 140 0.000000 0.761293 0.001377 0.648407
1.19562995 -0.05322600 -5.04460478 201 217 164 0.000000 0.989410 0.001108 -0.145143
1.40110099 -0.11021200 -5.38892984 132 172 105 0.000000 0.962562 0.001205 0.271059
1.30157602 -0.06446300 -5.08232784 57 67 37 0.000000 0.409130 0.001291 -0.912475
1.30318105 -0.06366000 -5.28539085 141 182 100 0.000000 0.909655 0.001294 -0.415362
1.17315698 -0.00185800 -5.27816820 149 194 99 0.000000 0.694569 0.001381 -0.719425
1.43240297 -0.13027801 -5.16419601 144 183 105 0.000000 0.860313 0.001338 0.509765
1.29033899 -0.05563400 -5.25408888 134 174 66 0.000000 -0.999941 0.000987 -0.010858
1.50062597 -0.18325099 -5.25970697 163 200 131 0.000000 0.992979 0.001085 0.118289
1.19803798 -0.06285800 -5.03256607 64 67 50 0.000000 0.654300 0.001377 0.756234
1.36177301 -0.09737000 -5.32150888 145 183 108 0.000000 0.999575 0.001005 -0.029133
1.30960202 -0.06767300 -5.23161602 138 177 85 0.000000 -0.997236 0.001046 -0.074296
1.46290302 -0.16158000 -5.24927282 141 179 70 0.000000 -0.988665 0.001112 -0.150135
1.44925797 -0.15275100 -5.25248384 140 175 73 0.000000 -0.999131 0.001016 0.041673
1.38745701 -0.11021200 -5.25729990 142 182 113 0.000000 0.995717 0.001063 -0.092452
1.23014295 -0.02754200 -5.26372099 163 203 132 0.000000 -0.642481 0.001376 -0.766300
1.43160105 -0.13669901 -5.31829882 138 176 82 0.000000 -0.987889 0.001116 0.155160
1.22211599 -0.02031900 -5.19068193 136 175 87 0.000000 0.999575 0.001005 0.029133
1.30639195 -0.05723900 -5.43227100 146 186 110 0.000000 0.939829 0.001251 0.341642
1.29114199 -0.05483100 -5.31187820 133 176 73 0.000000 0.988281 0.001114 -0.152643
1.37060201 -0.09897600 -5.42103386 199 207 146 0.000000 0.999575 0.001005 -0.029133
1.47333705 -0.15917200 -5.18426085 103 122 61 0.000000 -0.459279 0.001316 0.888291
1.18118298 -0.01791100 -5.45715189 167 191 140 0.000000 0.218041 0.001166 0.975939
1.25341904 -0.05162100 -5.07349920 156 196 110 0.000000 0.173011 0.001131 0.984919
1.26786602 -0.05643700 -5.08313084 170 207 123 0.000000 -0.421606 0.001297 -0.906778
1.32404900 -0.07730500 -5.30144405 178 204 142 0.000000 0.998393 0.001030 0.056668
1.35133898 -0.09014700 -5.28218079 145 184 113 0.000000 0.962562 0.001205 0.271059
1.23255098 -0.02754200 -5.45073223 142 179 89 0.000000 -0.944109 0.001244 0.329630
1.24298501 -0.03155500 -5.48123121 146 185 98 0.000000 -0.966452 0.001195 0.256844
1.23897195 -0.05242300 -5.10480213 178 216 124 0.000000 0.939829 0.001251 -0.341642
1.29114199 -0.05643700 -5.07831478 57 71 20 0.000000 -0.944109 0.001244 0.329630
1.26144505 -0.03556800 -5.24365520 140 178 91 0.000000 0.964151 0.001201 -0.265352
1.25823402 -0.04038400 -5.12727499 151 189 103 0.000000 -0.359825 0.001263 -0.933019
1.21569598 -0.01309500 -5.29421997 139 179 97 0.000000 0.974705 0.001170 0.223492
1.26545799 -0.03797600 -5.46357298 124 167 84 0.000000 0.854638 0.001342 -0.519223
1.34973300 -0.08854100 -5.40257406 131 166 75 0.000000 -0.975327 0.001168 -0.220763
1.30879998 -0.06767300 -5.13931417 153 193 116 0.000000 0.938727 0.001253 0.344659
1.38264096 -0.11021200 -5.34157515 152 183 94 0.000000 -0.832674 0.001354 -0.553762
1.45006096 -0.14713299 -5.19790602 147 184 82 0.000000 -0.992690 0.001087 0.120688
1.19402504 -0.01871300 -5.22358894 152 189 90 0.000000 -0.490829 0.001330 0.871255
1.47815299 -0.14713299 -5.37207508 153 193 125 0.000000 0.879960 0.001323 0.475046
1.35775995 -0.10379100 -5.11202478 85 107 43 0.000000 -0.999995 0.000979 0.002938
1.18840599 -0.01871300 -5.24525976 151 188 79 0.000000 0.991465 0.001096 0.130369
1.23255098 -0.04038400 -5.10721016 184 225 141 0.000000 0.930643 0.001266 0.365926
1.43802202 -0.14312001 -5.27897120 136 173 76 0.000000 -0.979955 0.001152 -0.199215
1.37220705 -0.10379100 -5.33354902 142 181 91 0.000000 -0.993536 0.001081 -0.113516
1.40270603 -0.12385700 -5.29341793 149 183 88 0.000000 -0.905318 0.001299 -0.424733
1.28632605 -0.06285800 -5.10480213 159 201 125 0.000000 0.983039 0.001139 0.183394
1.28552401 -0.05081800 -5.33997011 132 169 65 0.000000 -0.999941 0.000987 -0.010858
1.33368099 -0.07971300 -5.35040379 152 189 128 0.000000 0.998136 0.001034 -0.061026
1.37702298 -0.11101500 -5.24124718 147 183 86 0.000000 -0.885003 0.001319 -0.465583
1.18037999 -0.02352900 -5.46919203 88 103 68 0.000000 0.680398 0.001380 -0.732842
1.31682599 -0.07168600 -5.25970697 144 183 121 0.000000 0.986241 0.001125 -0.165311
1.30719399 -0.05081800 -5.46196795 137 176 84 0.000000 -0.815569 0.001362 -0.578659
1.21569598 -0.02272600 -5.31187820 149 195 109 0.000000 0.961751 0.001207 0.273924
1.47895503 -0.14231700 -5.39615297 117 150 92 0.000000 0.954848 0.001223 0.297091
1.22693205 -0.03316100 -5.17623520 153 195 93 0.000000 -0.990809 0.001100 0.135260
1.49661303 -0.18806700 -5.28619385 145 184 62 0.000000 -0.994066 0.001077 -0.108776
1.21569598 -0.02352900 -5.35762691 155 196 111 0.000000 0.459279 0.001316 -0.888291
1.20285404 -0.01068700 -5.37287712 141 178 93 0.000000 0.999686 0.001001 0.025017
1.19001198 -0.01470000 -5.32311487 146 185 74 0.000000 0.212622 0.001162 0.977134
1.27990496 -0.03877900 -5.49407291 61 71 43 0.000000 0.279674 0.001211 -0.960094
1.40110099 -0.12225200 -5.23001099 141 179 79 0.000000 -0.970765 0.001182 0.240031
1.33608902 -0.07168600 -5.43869209 155 196 122 0.000000 0.995927 0.001061 0.090153
1.25341904 -0.05162100 -5.11202478 169 209 116 0.000000 0.989771 0.001106 0.142660
1.20365596 -0.00988500 -5.16740608 121 152 68 0.000000 -0.456129 0.001314 -0.889912
1.29355001 -0.05723900 -5.16178799 138 177 76 0.000000 -0.982047 0.001143 0.188635
1.20044601 -0.03235800 -5.48042917 138 183 46 0.000000 0.437266 0.001305 0.899331
1.22693205 -0.01550300 -5.27255011 146 184 81 0.000000 -0.995500 0.001065 0.094759
1.25422096 -0.03396300 -5.41862679 140 179 103 0.000000 0.997400 0.001044 -0.072063
1.20124805 -0.03556800 -5.03497410 191 211 116 0.000000 0.993261 0.001083 0.115898
1.23174798 -0.02914700 -5.47240305 130 171 76 0.000000 0.993261 0.001083 0.115898
1.32645702 -0.08292300 -5.19228697 132 170 68 0.000000 -0.998267 0.001032 0.058843
1.40992999 -0.12706700 -5.26773405 144 181 83 0.000000 -0.997400 0.001044 -0.072063
1.27830005 -0.06446300 -5.15295887 135 175 67 0.000000 0.707106 0.001384 -0.707106
1.21248496 -0.02031900 -5.22920799 148 188 110 0.000000 0.633537 0.001374 0.773712
1.30398405 -0.04198900 -5.48765182 131 164 96 0.000000 0.976541 0.001164 -0.215328
1.38585103 -0.11262000 -5.17141914 150 189 98 0.000000 -0.076536 0.001048 -0.997066
1.35775995 -0.08051500 -5.45715189 161 198 132 0.000000 0.830587 0.001355 0.556887
1.20205104 -0.00426600 -5.22920799 166 207 102 0.000000 -0.937612 0.001255 -0.347682
1.21730101 -0.00988500 -5.13690710 169 206 118 0.000000 -0.937612 0.001255 -0.347682
1.31281304 -0.07088400 -5.16339302 142 182 94 0.000000 -0.916599 0.001286 0.399807
1.29114199 -0.05402900 -5.36244297 151 186 103 0.000000 0.987081 0.001120 -0.160219
1.23816895 -0.02192400 -5.22840500 144 182 79 0.000000 -0.966452 0.001195 0.256844
1.22532701 -0.02272600 -5.40658808 133 172 86 0.000000 0.973432 0.001174 0.228974
1.46450806 -0.14392200 -5.38170624 138 180 77 0.000000 -0.813364 0.001362 -0.581753
1.29997098 -0.06205500 -5.13048601 152 192 85 0.000000 -0.996523 0.001055 0.083307
1.23977399 -0.02593700 -5.39133692 157 192 102 0.000000 -0.999575 0.001005 -0.029133
1.50463903 -0.15596201 -5.38491678 105 119 86 0.000000 0.815569 0.001362 0.578659
1.23255098 -0.02192400 -5.34719276 145 183 91 0.000000 -0.771254 0.001375 -0.636526
1.17636704 -0.00266100 -5.25328684 147 186 104 0.000000 -0.792878 0.001369 -0.609379
1.19161701 -0.00506900 -5.25007582 157 198 116 0.000000 0.971447 0.001180 -0.237255
1.27830005 -0.04359500 -5.41300821 140 175 83 0.000000 -0.983996 0.001135 0.178186
1.20927501 -0.02272600 -5.33836508 152 196 107 0.000000 0.864020 0.001335 -0.503455
1.28311598 -0.05322600 -5.11523581 152 190 98 0.000000 0.606331 0.001369 0.795211
1.32645702 -0.07489700 -5.21957588 150 190 125 0.000000 0.992394 0.001089 -0.123096
1.21970904 -0.03155500 -5.49166489 104 130 54 0.000000 0.076536 0.001048 -0.997066
1.25823402 -0.03476600 -5.30385208 145 184 81 0.000000 -0.999917 0.000989 0.012857
1.25020802 -0.03877900 -5.26452398 130 171 66 0.000000 0.484515 0.001327 0.874782
1.33689106 -0.08372600 -5.26050997 139 178 104 0.000000 0.997710 0.001040 -0.067624
1.18359101 -0.01710800 -5.44110012 146 180 103 0.000000 0.356781 0.001261 0.934187
1.51106000 -0.17121100 -5.35040379 181 219 155 0.000000 0.879960 0.001323 0.475046
1.24779999 -0.03476600 -5.11684084 162 198 87 0.000000 -0.971447 0.001180 -0.237255
1.32485199 -0.06927900 -5.42986298 138 175 74 0.000000 -0.919277 0.001282 -0.393609
1.20606399 -0.02674000 -5.06627607 176 187 165 0.000000 0.850780 0.001344 0.525521
1.32726002 -0.05483100 -5.47721815 139 178 89 0.000000 -0.848828 0.001345 -0.528668
1.34491801 -0.08934400 -5.21235323 136 173 78 0.000000 -0.998136 0.001034 0.061026
1.49019206 -0.17121100 -5.24927282 165 206 127 0.000000 0.999857 0.000993 0.016879
1.48617899 -0.17281701 -5.20272207 53 70 29 0.000000 -0.147635 0.001110 0.989041
1.15469599 0.00055000 -5.35923290 165 207 115 0.000000 0.773712 0.001374 0.633537
1.29515505 -0.05964700 -5.27094412 132 172 66 0.000000 -0.999960 0.000985 -0.008867
1.31843102 -0.07008100 -5.36725903 152 188 106 0.000000 -0.945148 0.001242 0.326641
1.19402504 -0.01309500 -5.20994520 143 184 93 0.000000 0.954848 0.001223 0.297091
1.51106000 -0.20090801 -5.27576017 48 62 20 0.000000 -0.680398 0.001380 0.732842
1.37060201 -0.09897600 -5.24044514 149 188 125 0.000000 0.999917 0.000989 0.012857
1.44685102 -0.14873800 -5.23482704 143 178 75 0.000000 -0.997400 0.001044 0.072063
1.31040502 -0.06205500 -5.40819311 150 184 100 0.000000 -0.997858 0.001038 0.065416
1.31843102 -0.05402900 -5.46838903 137 177 81 0.000000 -0.534955 0.001347 -0.844879
1.22773504 -0.03316100 -5.05263090 169 201 113 0.000000 0.541234 0.001350 0.840871
1.22291899 -0.02112100 -5.09436703 166 201 80 0.000000 -0.856545 0.001340 -0.516071
1.35856199 -0.09817300 -5.19469500 134 171 72 0.000000 -0.999995 0.000979 0.002938
1.26626098 -0.04520000 -5.10961723 149 187 95 0.000000 -0.940919 0.001250 0.338631
1.29435205 -0.05162100 -5.42504787 143 182 103 0.000000 -0.707106 0.001384 0.707106
1.37862802 -0.11101500 -5.21235323 151 187 90 0.000000 -0.781002 0.001373 0.624527
1.44765306 -0.14392200 -5.26532602 146 185 120 0.000000 0.999917 0.000989 -0.012857
1.29997098 -0.06045000 -5.33354902 145 185 102 0.000000 0.996523 0.001055 0.083307
1.49581099 -0.17682999 -5.29582500 151 191 104 0.000000 0.977134 0.001162 0.212622
1.39066696 -0.10379100 -5.43387699 131 172 107 0.000000 0.999513 0.001007 -0.031203
1.36739099 -0.09817300 -5.38090277 143 174 99 0.000000 -0.522373 0.001343 -0.852716
1.43320596 -0.12626500 -5.38491678 151 188 120 0.000000 0.997999 0.001036 0.063217
1.25341904 -0.03476600 -5.47240305 128 170 83 0.000000 0.966452 0.001195 -0.256844
1.22291899 -0.02112100 -5.24044514 144 185 111 0.000000 -0.905318 0.001299 0.424733
1.31120801 -0.06767300 -5.20111609 141 179 75 0.000000 -0.999995 0.000979 0.002938
1.45246899 -0.15114599 -5.31910181 136 173 69 0.000000 -0.997236 0.001046 -0.074296
1.31441796 -0.07248900 -5.28699684 168 198 129 0.000000 0.972780 0.001176 0.231726
1.40350902 -0.11583100 -5.24124718 137 177 115 0.000000 0.998136 0.001034 -0.061026
1.33689106 -0.08131800 -5.36404800 153 192 129 0.000000 0.991782 0.001093 -0.127937
1.41474605 -0.12144900 -5.19870901 139 178 93 0.000000 0.999513 0.001007 0.031203
1.35615396 -0.09576500 -5.16018200 147 186 79 0.000000 -0.979955 0.001152 -0.199215
1.27027404 -0.03476600 -5.48604679 147 175 114 0.000000 -0.506611 0.001337 -0.862174
1.32806301 -0.06285800 -5.45875788 136 172 78 0.000000 -0.824239 0.001358 -0.566240
1.17877495 -0.00426600 -5.42665291 158 193 121 0.000000 -0.262509 0.001199 0.964929
1.20927501 -0.04279200 -5.04701281 161 197 108 0.000000 0.471891 0.001322 0.881656
1.18439305 -0.00667400 -5.29502296 140 179 96 0.000000 -0.125512 0.001091 -0.992091
1.40591705 -0.11583100 -5.40257406 130 169 74 0.000000 -0.983996 0.001135 0.178186
1.23335302 -0.02754200 -5.24365520 150 197 113 0.000000 -0.630540 0.001374 -0.776155
1.23174798 -0.02192400 -5.15135384 163 202 121 0.000000 0.931838 0.001264 0.362873
1.27508903 -0.04600200 -5.27255011 129 168 66 0.000000 -0.997236 0.001046 -0.074296
1.28070796 -0.04841000 -5.37047005 140 175 76 0.000000 -0.979955 0.001152 -0.199215
1.47975802 -0.17522500 -5.24365520 148 184 69 0.000000 -0.991465 0.001096 -0.130369
1.38103604 -0.11021200 -5.30706215 132 172 77 0.000000 -0.999995 0.000979 0.002938
1.32164204 -0.07650200 -5.09517002 82 97 52 0.000000 -0.973432 0.001174 0.228974
1.30719399 -0.06606800 -5.18105078 147 186 79 0.000000 -0.992394 0.001089 -0.123096
1.38424599 -0.09817300 -5.46277094 204 175 144 0.000000 0.773712 0.001374 0.633537
1.44444299 -0.14713299 -5.29983902 133 173 67 0.000000 -0.999995 0.000979 0.002938
1.22291899 -0.01630500 -5.20673513 143 181 89 0.000000 -0.724826 0.001381 -0.688930
1.49099505 -0.16960600 -5.30866814 159 199 131 0.000000 0.997558 0.001042 0.069839
1.50383699 -0.17923801 -5.32150888 176 215 152 0.000000 0.975327 0.001168 0.220763
1.19803798 -0.02112100 -5.48283577 83 95 62 0.000000 -0.941995 0.001248 -0.335625
1.45808697 -0.15837000 -5.23161602 137 173 67 0.000000 -0.996891 0.001050 0.078785
1.22051096 -0.01871300 -5.39053488 135 172 87 0.000000 0.740750 0.001379 -0.671779
1.30478704 -0.06446300 -5.09356499 168 208 102 0.000000 -0.999445 0.001009 -0.033281
1.19001198 -0.00346400 -5.40899515 169 207 111 0.000000 0.815569 0.001362 0.578659
1.29435205 -0.05804200 -5.17463017 131 170 68 0.000000 -0.999941 0.000987 0.010858
1.23335302 -0.05563400 -5.06146002 148 182 95 0.000000 0.387428 0.001279 0.921899
1.27910304 -0.04760800 -5.14734077 153 193 119 0.000000 0.830587 0.001355 0.556887
1.37060201 -0.09496200 -5.43949509 172 188 131 0.000000 0.945148 0.001242 0.326641
1.40832496 -0.12064600 -5.36645699 138 177 80 0.000000 -0.997236 0.001046 -0.074296
1.42598200 -0.12706700 -5.34237814 142 182 100 0.000000 0.792878 0.001369 0.609379
1.29916799 -0.05964700 -5.18666887 136 176 75 0.000000 -0.992979 0.001085 -0.118289
1.38585103 -0.11262000 -5.19790602 144 180 89 0.000000 -0.998739 0.001024 -0.050193
1.17717004 -0.01951600 -5.42584991 130 169 51 0.000000 -0.353743 0.001259 -0.935342
1.47574496 -0.16077700 -5.32712793 145 185 89 0.000000 -0.902354 0.001302 -0.430994
1.18599904 -0.00185800 -5.25970697 147 186 106 0.000000 0.999995 0.000979 0.002938
1.27027404 -0.04760800 -5.06868410 165 189 113 0.000000 -0.962562 0.001205 -0.271059
1.21970904 -0.03637100 -5.09677601 196 237 172 0.000000 0.953006 0.001227 -0.302950
1.33608902 -0.08372600 -5.32471991 156 187 113 0.000000 -0.971447 0.001180 -0.237255
1.25502396 -0.04118700 -5.39856100 164 202 124 0.000000 0.785794 0.001371 0.618487
1.26385295 -0.04600200 -5.08714390 166 204 98 0.000000 -0.991782 0.001093 0.127937
1.31361496 -0.07409400 -5.11844587 161 201 129 0.000000 0.987889 0.001116 0.155160
1.44363999 -0.14312001 -5.18426085 142 178 80 0.000000 -0.939829 0.001251 0.341642
1.29515505 -0.04760800 -5.45313883 147 184 86 0.000000 -0.748548 0.001379 -0.663079
1.15790701 -0.00426600 -5.31669378 138 171 79 0.000000 -0.996710 0.001052 -0.081042
1.18037999 -0.00185800 -5.39454794 142 178 86 0.000000 0.933019 0.001263 -0.359825
1.16593301 0.01018100 -5.27576017 96 107 78 0.000000 0.999131 0.001016 0.041673
1.24860299 -0.02674000 -5.30465508 139 177 77 0.000000 -0.941995 0.001248 0.335625
1.47975802 -0.15355401 -5.35281181 152 192 133 0.000000 0.749918 0.001381 0.661530
1.35374606 -0.09656800 -5.30385208 139 177 79 0.000000 -0.999131 0.001016 0.041673
1.24940598 -0.03075300 -5.37448311 139 175 86 0.000000 -0.998136 0.001034 0.061026
1.38665402 -0.10700200 -5.39534998 135 175 85 0.000000 -0.975327 0.001168 -0.220763
1.45166600 -0.13990900 -5.35682487 151 189 121 0.000000 0.957524 0.001217 0.288352
1.27990496 -0.06045000 -5.13690710 131 172 66 0.000000 0.977717 0.001160 0.209925
1.27749705 -0.04680500 -5.29100990 136 175 73 0.000000 -0.999131 0.001016 -0.041673
1.36337805 -0.09656800 -5.40739012 224 226 170 0.000000 0.982547 0.001141 0.186011
1.45166600 -0.14312001 -5.34318018 150 187 109 0.000000 0.980491 0.001149 -0.196558
1.36899602 -0.10459400 -5.19469500 144 182 83 0.000000 -0.956644 0.001219 0.291258
1.23977399 -0.03396300 -5.05824900 191 224 135 0.000000 -0.826370 0.001357 -0.563126
1.42036402 -0.13108000 -5.14252520 114 134 72 0.000000 -0.944109 0.001244 -0.329630
1.49821806 -0.17923801 -5.33515406 140 180 63 0.000000 -0.961751 0.001207 -0.273924
1.16914296 0.00616800 -5.39133692 140 176 92 0.000000 0.869469 0.001331 -0.493986
1.33528602 -0.08292300 -5.24124718 148 186 108 0.000000 0.995500 0.001065 -0.094759
1.40511405 -0.10058100 -5.47641611 75 80 62 0.000000 0.946173 0.001240 -0.323658
1.47092903 -0.15676400 -5.29662800 156 196 131 0.000000 0.997236 0.001046 0.074296
1.37541699 -0.10379100 -5.28699684 149 188 117 0.000000 0.999995 0.000979 0.002938
1.35695696 -0.09175200 -5.42906094 122 160 56 0.000000 -0.972119 0.001178 -0.234487
1.35053599 -0.08212000 -5.42906094 155 196 132 0.000000 0.999040 0.001018 0.043791
1.40511405 -0.10860700 -5.42745495 137 177 107 0.000000 0.998629 0.001026 -0.052343
1.30719399 -0.06687100 -5.27094412 152 188 112 0.000000 0.999633 0.001003 0.027071
1.29435205 -0.06927900 -5.14493322 145 187 87 0.000000 0.963362 0.001203 0.268202
1.51106000 -0.18646100 -5.31589079 176 214 137 0.000000 0.999736 0.000999 0.022971
1.39548302 -0.12064600 -5.26131296 133 171 72 0.000000 -0.994569 0.001073 -0.104070
1.36658800 -0.09897600 -5.30224705 152 189 120 0.000000 0.998136 0.001034 -0.061026
1.35535204 -0.09335700 -5.35842991 141 179 106 0.000000 0.378186 0.001273 -0.925729
1.28151000 -0.04118700 -5.45233679 142 178 80 0.000000 -0.792878 0.001369 -0.609379
1.34090400 -0.08773900 -5.28779888 138 176 87 0.000000 -0.858436 0.001339 0.512919
1.15951204 -0.00908200 -5.34077311 155 186 92 0.000000 -0.848828 0.001345 0.528668
1.46852100 -0.15917200 -5.30947018 136 177 68 0.000000 -0.999889 0.000991 0.014865
1.48778403 -0.18405300 -5.22439194 151 181 87 0.000000 -0.359825 0.001263 0.933019
1.22131395 -0.02593700 -5.45875788 139 178 80 0.000000 -0.372047 0.001270 0.928213
1.40912700 -0.12867300 -5.25007582 139 176 78 0.000000 -0.996523 0.001055 -0.083307
1.43481100 -0.11502800 -5.44270515 130 167 105 0.000000 0.934187 0.001261 0.356781
1.20285404 -0.00988500 -5.25810194 146 186 106 0.000000 0.968656 0.001189 0.248404
1.29997098 -0.05964700 -5.30626011 151 191 117 0.000000 0.987489 0.001118 0.157685
1.29756296 -0.07008100 -5.11764288 160 202 118 0.000000 0.997999 0.001036 0.063217
1.28793097 -0.05804200 -5.23402405 127 165 67 0.000000 -0.976541 0.001164 -0.215328
1.49661303 -0.17121100 -5.31910181 168 208 149 0.000000 0.995717 0.001063 0.092452
1.23014295 -0.02031900 -5.11764288 173 212 91 0.000000 0.434129 0.001304 0.900850
1.24057698 -0.03717400 -5.16499805 169 207 133 0.000000 0.848828 0.001345 0.528668
1.21489298 -0.01149000 -5.16419601 142 183 86 0.000000 0.999995 0.000979 0.002938
1.22131395 -0.01630500 -5.36645699 142 176 82 0.000000 -0.994321 0.001075 0.106419
1.50544202 -0.18646100 -5.29903603 168 208 142 0.000000 0.867668 0.001333 0.497143
1.48136306 -0.17442200 -5.27014208 147 184 71 0.000000 -0.999941 0.000987 -0.010858
1.42277205 -0.13589600 -5.22760296 146 182 85 0.000000 -0.987889 0.001116 -0.155160
1.35856199 -0.09416000 -5.23001099 150 188 121 0.000000 0.994811 0.001071 0.101730
1.26144505 -0.03316100 -5.17463017 156 199 119 0.000000 -0.891519 0.001313 0.452981
1.28793097 -0.06927900 -5.09356499 151 191 114 0.000000 0.556887 0.001355 -0.830587
1.41795599 -0.11021200 -5.45233679 142 180 110 0.000000 0.160219 0.001120 -0.987081
1.26144505 -0.05081800 -5.12807798 156 196 108 0.000000 0.660161 0.001378 0.751123
1.17797196 -0.00667400 -5.22198391 138 168 95 0.000000 0.612421 0.001370 0.790530
1.34973300 -0.09817300 -5.11844587 154 190 97 0.000000 -0.917945 0.001284 0.396706
1.31361496 -0.04680500 -5.48524380 157 194 123 0.000000 0.998267 0.001032 0.058843
1.43802202 -0.14312001 -5.29020691 139 176 74 0.000000 -0.987081 0.001120 -0.160219
1.25261605 -0.03155500 -5.45153379 138 175 85 0.000000 -0.976541 0.001164 0.215328
1.26385295 -0.03877900 -5.15135384 157 193 117 0.000000 -0.984462 0.001133 -0.175594
1.31682599 -0.07008100 -5.29743099 156 189 125 0.000000 0.960928 0.001209 0.276796
1.16834104 0.00295700 -5.26131296 148 184 111 0.000000 0.874782 0.001327 0.484515
1.45808697 -0.13348800 -5.39615297 146 189 110 0.000000 0.612421 0.001370 0.790530
1.35133898 -0.09576500 -5.39454794 135 167 74 0.000000 -0.993536 0.001081 0.113516
1.32324696 -0.08613400 -5.12888098 158 199 123 0.000000 0.390517 0.001280 0.920595
1.24459004 -0.05162100 -5.07991982 161 202 108 0.000000 0.581753 0.001362 -0.813364
1.21007705 -0.02112100 -5.26372099 155 201 115 0.000000 -0.402911 0.001287 -0.915238
1.37381196 -0.11101500 -5.23081303 138 176 75 0.000000 -0.999917 0.000989 0.012857
1.21168196 -0.04359500 -5.06788111 188 224 133 0.000000 -0.743362 0.001379 -0.668888
1.20606399 -0.01550300 -5.28940392 142 187 88 0.000000 -0.609379 0.001369 -0.792878
1.33769405 -0.09737000 -5.11202478 164 206 139 0.000000 0.997858 0.001038 0.065416
1.34973300 -0.09094900 -5.19630098 135 173 90 0.000000 -0.074296 0.001046 0.997236
1.21248496 -0.01791100 -5.10961723 203 236 181 0.000000 0.992690 0.001087 0.120688
1.40350902 -0.11743600 -5.34398317 139 177 87 0.000000 -0.994066 0.001077 0.108776
1.26144505 -0.04118700 -5.13851213 155 193 113 0.000000 0.722131 0.001381 0.691755
1.24378705 -0.02513400 -5.32712793 147 182 89 0.000000 -0.998136 0.001034 0.061026
1.43802202 -0.14312001 -5.24686623 139 175 73 0.000000 -0.956644 0.001219 0.291258
1.28151000 -0.04921300 -5.13690710 152 192 104 0.000000 -0.970072 0.001184 -0.242814
1.16914296 0.00055000 -5.35281181 138 177 91 0.000000 0.941995 0.001248 0.335625
1.37060201 -0.07730500 -5.48203421 177 206 154 0.000000 0.972119 0.001178 -0.234487
1.24378705 -0.02593700 -5.20994520 144 184 107 0.000000 0.967932 0.001191 0.251210
1.17957795 -0.00747700 -5.30465508 125 165 76 0.000000 0.175594 0.001133 -0.984462
1.37702298 -0.10780400 -5.45875788 185 190 127 0.000000 0.660161 0.001378 0.751123
1.31281304 -0.05723900 -5.44591618 145 184 97 0.000000 -0.980491 0.001149 -0.196558
1.40511405 -0.12305400 -5.17222214 149 185 85 0.000000 -0.999040 0.001018 -0.043791
1.42517996 -0.12305400 -5.36645699 143 182 117 0.000000 0.999780 0.000997 -0.020933
1.25903702 -0.04921300 -5.14734077 140 179 84 0.000000 0.928213 0.001270 0.372047
1.46210003 -0.15997501 -5.26211500 140 176 68 0.000000 -0.977717 0.001160 -0.209925
1.29675996 -0.06366000 -5.25729990 131 169 63 0.000000 -0.978290 0.001158 -0.207235
1.20686698 -0.00747700 -5.29662800 142 180 87 0.000000 -0.908224 0.001296 0.418483
1.39468002 -0.10780400 -5.41220617 137 177 93 0.000000 -0.967197 0.001193 0.254023
1.21088004 -0.01068700 -5.31187820 145 183 92 0.000000 -0.963362 0.001203 -0.268202
1.25662899 -0.04198900 -5.15937996 161 201 126 0.000000 0.869469 0.001331 0.493986
1.22372198 -0.02674000 -5.20914316 147 188 86 0.000000 0.719425 0.001381 -0.694569
1.37702298 -0.10138300 -5.43307400 174 195 134 0.000000 0.983996 0.001135 -0.178186
1.35053599 -0.09496200 -5.29261494 144 181 80 0.000000 -0.998393 0.001030 0.056668
1.39307499 -0.11823800 -5.24124718 138 176 77 0.000000 -0.975327 0.001168 0.220763
1.46531105 -0.15034300 -5.20593214 156 194 129 0.000000 0.978855 0.001156 -0.204554
1.24860299 -0.03637100 -5.07028913 179 217 118 0.000000 -0.983522 0.001137 -0.180786
1.38264096 -0.10379100 -5.41381121 133 172 83 0.000000 -0.976541 0.001164 -0.215328
1.34491801 -0.08934400 -5.16660404 143 182 98 0.000000 -0.697373 0.001381 0.716707
1.17717004 0.00456300 -5.29582500 154 192 95 0.000000 -0.773712 0.001374 0.633537
1.34812796 -0.09416000 -5.12968302 146 184 88 0.000000 -0.960094 0.001211 -0.279674
1.31602299 -0.07088400 -5.19148493 132 171 76 0.000000 -0.999217 0.001014 -0.039563
1.25261605 -0.04279200 -5.17944479 151 188 83 0.000000 -0.899331 0.001305 0.437266
1.39548302 -0.10539600 -5.45233679 133 162 98 0.000000 0.792878 0.001369 -0.609379
1.31762898 -0.06847600 -5.37769318 149 185 104 0.000000 0.991782 0.001093 -0.127937
1.27428699 -0.05081800 -5.10560417 150 189 100 0.000000 0.953006 0.001227 -0.302950
1.47092903 -0.15756699 -5.24365520 158 198 132 0.000000 0.999941 0.000987 0.010858
1.28953695 -0.05563400 -5.13449907 151 190 85 0.000000 -0.986241 0.001125 0.165311
1.42196906 -0.11502800 -5.43066597 134 176 101 0.000000 0.434129 0.001304 0.900850
1.17797196 -0.00025300 -5.37207508 163 200 116 0.000000 0.997858 0.001038 0.065416
1.24298501 -0.02674000 -5.19549799 146 182 91 0.000000 -0.707106 0.001384 -0.707106
1.43481100 -0.13348800 -5.22840500 143 183 112 0.000000 0.992979 0.001085 0.118289
1.31201005 -0.06526500 -5.38652182 141 177 77 0.000000 -0.984462 0.001133 -0.175594
1.32244396 -0.07409400 -5.34558821 151 190 123 0.000000 0.999995 0.000979 0.002938
1.20205104 -0.02112100 -5.46036291 147 183 93 0.000000 -0.864020 0.001335 0.503455
1.22211599 -0.02593700 -5.07269716 179 215 99 0.000000 -0.104070 0.001073 -0.994569
1.18278801 0.00697100 -5.26532602 167 206 97 0.000000 -0.991141 0.001098 0.132811
1.48457396 -0.16238301 -5.32150888 165 205 143 0.000000 0.992979 0.001085 0.118289
1.29675996 -0.06045000 -5.09918308 166 207 102 0.000000 -0.989771 0.001106 0.142660
1.29916799 -0.06125200 -5.14974785 143 182 77 0.000000 -0.970765 0.001182 -0.240031
1.16513002 0.00456300 -5.29903603 139 169 90 0.000000 0.997858 0.001038 -0.065416
1.22131395 -0.02192400 -5.26291800 149 189 104 0.000000 0.896251 0.001308 0.443546
1.22131395 -0.02593700 -5.23001099 154 195 116 0.000000 0.671779 0.001379 -0.740750
1.18359101 -0.00346400 -5.35120583 142 182 91 0.000000 0.921899 0.001279 0.387428
1.22131395 -0.01389800 -5.10480213 167 202 76 0.000000 -0.974705 0.001170 -0.223492
1.34090400 -0.08934400 -5.12326193 159 196 104 0.000000 -0.941995 0.001248 0.335625
1.23656404 -0.03155500 -5.13530111 174 213 139 0.000000 0.949175 0.001234 0.314746
1.19402504 -0.00506900 -5.31107521 140 177 89 0.000000 -0.999995 0.000979 0.002938
1.33769405 -0.08533100 -5.16018200 136 175 72 0.000000 -0.967197 0.001193 0.254023
1.27830005 -0.05242300 -5.09195900 152 191 90 0.000000 -0.911072 0.001292 0.412244
1.19643295 -0.01389800 -5.42263985 137 173 82 0.000000 -0.516071 0.001340 0.856545
1.42277205 -0.13589600 -5.21395779 141 177 81 0.000000 -0.998513 0.001028 0.054502
1.19884002 -0.00747700 -5.33274603 148 187 101 0.000000 0.848828 0.001345 -0.528668
1.36819398 -0.10700200 -5.15536690 154 194 115 0.000000 0.381263 0.001275 -0.924466
1.34170699 -0.07088400 -5.45955992 142 176 83 0.000000 -0.556887 0.001355 -0.830587
1.43721902 -0.13429099 -5.37689018 149 179 92 0.000000 -0.766300 0.001376 -0.642481
1.38504899 -0.11262000 -5.22037888 142 180 88 0.000000 -0.990809 0.001100 0.135260
1.41394305 -0.13027801 -5.21957588 139 175 76 0.000000 -0.998844 0.001022 -0.048051
1.33849704 -0.08693600 -5.34478617 196 218 146 0.000000 0.771254 0.001375 0.636526
1.40511405 -0.12144900 -5.31508780 138 176 86 0.000000 -0.999131 0.001016 -0.041673
1.19242001 -0.01309500 -5.19389200 142 173 85 0.000000 0.995277 0.001067 0.097074
1.21569598 -0.02674000 -5.47481012 125 168 59 0.000000 0.142660 0.001106 0.989771
1.36177301 -0.07650200 -5.47160006 171 210 152 0.000000 0.503455 0.001335 0.864020
1.20526099 -0.05563400 -5.05263090 189 222 143 0.000000 -0.995927 0.001061 0.090153
1.22051096 -0.01389800 -5.24766779 145 184 83 0.000000 -0.795211 0.001369 -0.606331
1.38424599 -0.11101500 -5.18185282 142 181 93 0.000000 0.449834 0.001311 0.893111
1.28391802 -0.05001600 -5.27576017 141 182 75 0.000000 -0.995927 0.001061 -0.090153
1.46370602 -0.14713299 -5.18987894 164 197 135 0.000000 0.990471 0.001102 -0.137718
1.24619496 -0.02754200 -5.28860188 144 183 82 0.000000 -0.994811 0.001071 0.101730
1.49500799 -0.17682999 -5.26532602 165 205 135 0.000000 0.999941 0.000987 0.010858
1.32324696 -0.07891000 -5.22840500 132 169 71 0.000000 -0.998267 0.001032 0.058843
1.22372198 -0.04600200 -5.09757805 184 227 137 0.000000 0.271059 0.001205 -0.962562
1.26385295 -0.03717400 -5.29261494 140 179 74 0.000000 -0.997710 0.001040 -0.067624
1.42839003 -0.13509300 -5.18747187 141 177 81 0.000000 -0.916599 0.001286 0.399807
1.51828396 -0.19529000 -5.31910181 74 95 57 0.000000 0.885003 0.001319 0.465583
1.22613001 -0.01630500 -5.16499805 158 195 97 0.000000 -0.997858 0.001038 -0.065416
1.46932399 -0.15435600 -5.22037888 156 195 129 0.000000 0.965696 0.001197 -0.259673
1.24539304 -0.03235800 -5.27415514 145 184 113 0.000000 -0.104070 0.001073 -0.994569
1.24057698 -0.02674000 -5.35120583 144 182 93 0.000000 -0.854638 0.001342 -0.519223
1.25341904 -0.03075300 -5.31268120 143 180 78 0.000000 -0.992690 0.001087 0.120688
1.26144505 -0.04520000 -5.17382717 162 205 126 0.000000 -0.978290 0.001158 0.207235
1.35454905 -0.09737000 -5.14172220 145 183 74 0.000000 -0.981537 0.001145 -0.191268
1.46049500 -0.14071199 -5.17302513 72 82 63 0.000000 0.694569 0.001381 -0.719425
1.45006096 -0.12626500 -5.42504787 140 175 109 0.000000 0.915238 0.001287 -0.402911
1.27990496 -0.05081800 -5.20593214 131 170 69 0.000000 -0.962562 0.001205 -0.271059
1.48537600 -0.16880400 -5.21395779 163 196 118 0.000000 0.998267 0.001032 0.058843
1.33528602 -0.08854100 -5.35521889 132 171 67 0.000000 -0.999445 0.001009 -0.033281
1.32966805 -0.07329200 -5.19228697 145 185 128 0.000000 0.465583 0.001319 -0.885003
1.42678499 -0.12626500 -5.35682487 151 191 122 0.000000 0.976541 0.001164 0.215328
1.25662899 -0.03396300 -5.42986298 143 182 96 0.000000 0.356781 0.001261 0.934187
1.39708805 -0.11502800 -5.27094412 146 186 125 0.000000 0.981019 0.001147 -0.193909
1.33207595 -0.08212000 -5.15215588 145 184 81 0.000000 -0.988665 0.001112 -0.150135
1.22933996 -0.03316100 -5.12727499 176 215 127 0.000000 0.152643 0.001114 -0.988281
1.39628506 -0.11342300 -5.22920799 145 185 118 0.000000 0.998136 0.001034 -0.061026
1.31923401 -0.06687100 -5.40739012 152 187 106 0.000000 0.006883 0.000983 0.999976
1.36899602 -0.10138300 -5.36244297 142 178 95 0.000000 -0.993261 0.001083 -0.115898
1.23014295 -0.02031900 -5.31268120 141 180 94 0.000000 -0.844879 0.001347 0.534955
1.43721902 -0.13910700 -5.32632494 135 173 69 0.000000 -0.999995 0.000979 0.002938
1.38585103 -0.10459400 -5.44270515 138 169 99 0.000000 -0.998393 0.001030 -0.056668
1.25341904 -0.03316100 -5.23803711 140 180 107 0.000000 0.998844 0.001022 -0.048051
1.29836595 -0.07248900 -5.09998608 151 192 124 0.000000 0.125512 0.001091 -0.992091
1.17717004 0.00777300 -5.25248384 161 196 96 0.000000 -0.078785 0.001050 0.996891
1.18037999 0.00295700 -5.38571882 160 193 94 0.000000 -0.919277 0.001282 0.393609
1.42357504 -0.12706700 -5.32391691 145 185 110 0.000000 0.999633 0.001003 0.027071
1.35936499 -0.09897600 -5.31187820 150 183 91 0.000000 -0.883337 0.001320 -0.468736
1.23576105 -0.02112100 -5.29743099 129 168 74 0.000000 -0.999131 0.001016 0.041673
1.16352499 0.00616800 -5.34398317 150 174 101 0.000000 0.997236 0.001046 -0.074296
1.38103604 -0.10138300 -5.42344189 135 174 100 0.000000 0.966452 0.001195 -0.256844
1.32645702 -0.07650200 -5.28298378 151 188 118 0.000000 0.930643 0.001266 -0.365926
1.28231299 -0.06045000 -5.18024778 110 147 47 0.000000 0.982547 0.001141 0.186011
1.35374606 -0.06847600 -5.48684883 165 182 145 0.000000 0.999995 0.000979 0.002938
1.42277205 -0.13108000 -5.29582500 141 177 109 0.000000 0.999995 0.000979 0.002938
1.24057698 -0.02914700 -5.12085390 161 196 84 0.000000 -0.732842 0.001380 -0.680398
1.41715395 -0.12626500 -5.16660404 146 184 98 0.000000 0.390517 0.001280 0.920595
1.22853696 -0.02513400 -5.43307400 137 176 87 0.000000 -0.493986 0.001331 0.869469
1.41554797 -0.12947500 -5.27816820 133 169 71 0.000000 -0.997066 0.001048 -0.076536
1.25502396 -0.03235800 -5.33354902 152 188 92 0.000000 -0.999917 0.000989 0.012857
1.41715395 -0.12867300 -5.17944479 144 181 81 0.000000 -0.981019 0.001147 0.193909
1.39548302 -0.11101500 -5.42825794 135 172 88 0.000000 -0.949175 0.001234 -0.314746
1.30157602 -0.04279200 -5.47802114 141 181 93 0.000000 -0.893111 0.001311 -0.449834
1.23495805 -0.02513400 -5.40739012 137 174 84 0.000000 -0.788169 0.001371 0.615457
1.16994596 0.00135200 -5.33274603 148 185 85 0.000000 0.848828 0.001345 -0.528668
1.35454905 -0.09496200 -5.21636581 144 183 106 0.000000 0.985809 0.001127 -0.167869
1.45969200 -0.15515900 -5.31348324 141 177 77 0.000000 -0.785794 0.001371 -0.618487
1.41394305 -0.12385700 -5.30947018 147 186 115 0.000000 0.881656 0.001322 0.471891
1.27348399 -0.03958200 -5.46919203 138 182 90 0.000000 0.811146 0.001363 0.584843
1.29274702 -0.05483100 -5.34719276 137 175 77 0.000000 -0.983039 0.001139 0.183394
1.17957795 0.00536500 -5.23803711 162 197 97 0.000000 0.732842 0.001380 -0.680398
1.31843102 -0.07409400 -5.10480213 148 187 81 0.000000 -0.999217 0.001014 0.039563
1.32886505 -0.08452800 -5.17944479 135 173 74 0.000000 -0.707106 0.001384 0.707106
1.34572005 -0.09014700 -5.14172220 142 181 77 0.000000 -0.983039 0.001139 -0.183394
1.49661303 -0.18244800 -5.31508780 149 186 63 0.000000 -0.980491 0.001149 -0.196558
1.46771896 -0.16398799 -5.27977324 137 175 65 0.000000 -0.999995 0.000979 0.002938
1.33287799 -0.07971300 -5.20673513 150 189 131 0.000000 0.921899 0.001279 -0.387428
1.29756296 -0.06205500 -5.21556282 135 168 81 0.000000 -0.989771 0.001106 0.142660
1.30719399 -0.06446300 -5.31107521 151 190 121 0.000000 0.988281 0.001114 0.152643
1.19081402 -0.00988500 -5.22037888 144 182 97 0.000000 0.830587 0.001355 0.556887
1.29515505 -0.05723900 -5.32552195 139 178 81 0.000000 -0.990471 0.001102 -0.137718
1.39387798 -0.11743600 -5.16820908 149 186 97 0.000000 0.256844 0.001195 -0.966452
1.21088004 -0.02433200 -5.32873297 150 196 107 0.000000 0.964929 0.001199 0.262509
1.41715395 -0.12385700 -5.20914316 140 179 108 0.000000 0.987889 0.001116 0.155160
1.31762898 -0.07168600 -5.21315622 147 187 111 0.000000 0.493986 0.001331 -0.869469
1.32565498 -0.07489700 -5.17623520 143 183 125 0.000000 0.961751 0.001207 0.273924
1.45728505 -0.15355401 -5.20111609 146 179 75 0.000000 -0.997710 0.001040 0.067624
1.35856199 -0.08372600 -5.44671822 164 205 143 0.000000 0.783405 0.001372 0.621510
1.24619496 -0.03235800 -5.49166489 134 167 86 0.000000 0.745961 0.001379 -0.665988
1.43802202 -0.13509300 -5.21716881 144 184 119 0.000000 0.999686 0.001001 0.025017
1.37381196 -0.10218600 -5.34318018 140 180 111 0.000000 0.995500 0.001065 0.094759
1.26626098 -0.03877900 -5.27495813 142 179 80 0.000000 -0.996710 0.001052 0.081042
1.28953695 -0.05643700 -5.24365520 135 171 67 0.000000 -0.952066 0.001228 -0.305890
1.48056102 -0.16479000 -5.23884010 169 207 140 0.000000 0.989041 0.001110 0.147635
1.33368099 -0.07971300 -5.38491678 135 172 72 0.000000 -0.988281 0.001114 -0.152643
1.36418104 -0.11101500 -5.12807798 183 219 166 0.000000 0.867668 0.001333 0.497143
1.42678499 -0.13108000 -5.15536690 139 170 92 0.000000 -0.792878 0.001369 -0.609379
1.26786602 -0.04118700 -5.36485100 144 179 78 0.000000 -0.992979 0.001085 -0.118289
1.26706302 -0.03958200 -5.39213991 142 178 89 0.000000 -0.997400 0.001044 -0.072063
1.27589202 -0.04439700 -5.35361385 146 180 82 0.000000 -0.990125 0.001104 0.140185
1.44765306 -0.13429099 -5.38892984 138 179 88 0.000000 -0.912475 0.001291 -0.409130
1.37060201 -0.10058100 -5.27656317 150 189 123 0.000000 0.987081 0.001120 -0.160219
1.32083905 -0.07489700 -5.14974785 140 180 91 0.000000 -0.836802 0.001352 0.547504
1.35294402 -0.09255500 -5.34879923 139 175 92 0.000000 -0.997066 0.001048 0.076536
1.25502396 -0.05563400 -5.12085390 165 204 100 0.000000 0.864020 0.001335 0.503455
1.23094499 -0.02192400 -5.17463017 143 180 91 0.000000 0.999736 0.000999 0.022971
1.36578596 -0.09656800 -5.34960079 146 186 117 0.000000 0.960094 0.001211 0.279674
1.30719399 -0.06526500 -5.15376091 141 181 86 0.000000 -0.990471 0.001102 0.137718
1.19402504 -0.01149000 -5.41300821 118 160 56 0.000000 0.995717 0.001063 0.092452
1.20285404 -0.01630500 -5.35842991 148 188 92 0.000000 0.999040 0.001018 0.043791
1.40350902 -0.10619900 -5.45795488 119 154 87 0.000000 -0.869469 0.001331 -0.493986
1.20044601 -0.00908200 -5.24365520 147 187 107 0.000000 0.985809 0.001127 0.167869
1.31040502 -0.06606800 -5.36324596 150 185 99 0.000000 -0.999995 0.000979 0.002938
1.23897195 -0.02513400 -5.16901207 164 203 121 0.000000 0.481358 0.001326 -0.876523
1.17797196 -0.00587100 -5.41702080 124 163 54 0.000000 0.719425 0.001381 -0.694569
1.23255098 -0.02754200 -5.46277094 140 180 84 0.000000 0.792878 0.001369 0.609379
1.34491801 -0.08372600 -5.41942883 131 169 70 0.000000 -0.999917 0.000989 0.012857
1.40992999 -0.11021200 -5.44671822 135 174 98 0.000000 -0.949175 0.001234 -0.314746
1.20686698 -0.01389800 -5.23402405 152 191 114 0.000000 0.977134 0.001162 0.212622
1.51507294 -0.19769800 -5.28860188 78 94 56 0.000000 0.977134 0.001162 -0.212622
1.33046997 -0.08292300 -5.14252520 137 175 70 0.000000 -0.977134 0.001162 0.212622
1.30318105 -0.05162100 -5.44832420 145 181 92 0.000000 -0.988281 0.001114 0.152643
1.20124805 -0.01229200 -5.22198391 144 184 100 0.000000 0.997236 0.001046 0.074296
1.47012699 -0.15596201 -5.25408888 163 201 139 0.000000 0.990809 0.001100 -0.135260
1.47173202 -0.16719800 -5.24525976 146 183 69 0.000000 -0.990471 0.001102 -0.137718
1.17957795 0.00536500 -5.27656317 155 194 94 0.000000 -0.665988 0.001379 0.745961
1.27830005 -0.06285800 -5.11684084 162 203 129 0.000000 0.815569 0.001362 0.578659
1.31441796 -0.07248900 -5.13289404 148 188 109 0.000000 0.700167 0.001381 0.713977
1.28793097 -0.05001600 -5.39053488 140 179 89 0.000000 -0.988281 0.001114 -0.152643
1.47735000 -0.17201400 -5.25729990 141 179 64 0.000000 -0.996523 0.001055 -0.083307
1.21649802 -0.01470000 -5.19630098 142 181 92 0.000000 0.865851 0.001334 0.500299
1.44604802 -0.13027801 -5.40979815 132 174 74 0.000000 -0.947186 0.001238 -0.320681
1.25422096 -0.03155500 -5.22840500 139 178 87 0.000000 -0.899331 0.001305 -0.437266
1.23094499 -0.02031900 -5.21074820 132 169 78 0.000000 -0.973432 0.001174 0.228974
1.31682599 -0.07168600 -5.32311487 153 193 122 0.000000 0.967197 0.001193 0.254023
1.28151000 -0.04359500 -5.43869209 137 175 84 0.000000 -0.958392 0.001215 -0.285453
1.32164204 -0.07489700 -5.16259098 141 181 108 0.000000 0.758770 0.001377 0.651358
1.19562995 -0.00185800 -5.28940392 147 185 89 0.000000 -0.990125 0.001104 -0.140185
1.37140405 -0.09897600 -5.37207508 145 180 111 0.000000 0.983039 0.001139 -0.183394
1.46290302 -0.15034300 -5.30224705 156 197 131 0.000000 0.994569 0.001073 0.104070
1.28873396 -0.05483100 -5.20031404 145 177 92 0.000000 -0.971447 0.001180 0.237255
1.28712904 -0.05402900 -5.18987894 149 187 99 0.000000 -0.989410 0.001108 -0.145143
1.37220705 -0.09897600 -5.41060114 146 178 108 0.000000 -0.879960 0.001323 -0.475046
1.38745701 -0.11101500 -5.27174711 143 183 109 0.000000 0.998629 0.001026 0.052343
1.30960202 -0.06526500 -5.33675909 146 187 106 0.000000 0.981019 0.001147 0.193909
1.43240297 -0.13429099 -5.34318018 133 171 68 0.000000 -0.999780 0.000997 0.020933
1.48136306 -0.16398799 -5.33435202 145 186 77 0.000000 -0.883337 0.001320 -0.468736
1.42437696 -0.12867300 -5.25168085 144 182 112 0.000000 0.990125 0.001104 -0.140185
1.20686698 -0.02433200 -5.48042917 147 178 99 0.000000 -0.990809 0.001100 -0.135260
1.26064205 -0.03637100 -5.34077311 140 175 81 0.000000 -0.999131 0.001016 0.041673
1.21088004 -0.02352900 -5.21074820 144 185 105 0.000000 0.048051 0.001022 -0.998844
1.18037999 -0.02754200 -5.46036291 132 170 52 0.000000 -0.575560 0.001361 0.817758
1.39468002 -0.09977800 -5.47160006 119 105 82 0.000000 0.418483 0.001296 0.908224
1.41554797 -0.12546200 -5.18907690 140 180 109 0.000000 0.964929 0.001199 0.262509
1.51828396 -0.18485600 -5.34879923 96 119 71 0.000000 0.722131 0.001381 0.691755
1.45808697 -0.14713299 -5.24525976 156 195 133 0.000000 0.967932 0.001191 -0.251210
1.36819398 -0.09576500 -5.46116495 79 97 39 0.000000 -0.917945 0.001284 -0.396706
1.33287799 -0.08212000 -5.30385208 142 179 95 0.000000 -0.999960 0.000985 -0.008867
1.31602299 -0.06927900 -5.30706215 151 190 121 0.000000 0.984919 0.001131 -0.173011
1.25181401 -0.03235800 -5.46116495 141 181 89 0.000000 -0.992979 0.001085 -0.118289
1.36658800 -0.10058100 -5.17703819 151 190 110 0.000000 0.981019 0.001147 0.193909
1.24137902 -0.02433200 -5.26612902 143 180 81 0.000000 -0.879960 0.001323 -0.475046
1.24137902 -0.02995000 -5.44752121 138 178 91 0.000000 0.578659 0.001362 -0.815569
1.19482696 -0.00827900 -5.35120583 144 183 95 0.000000 0.989771 0.001106 -0.142660
1.24057698 -0.04841000 -5.08874893 163 202 113 0.000000 0.627537 0.001373 0.778585
1.22613001 -0.04921300 -5.07028913 153 196 105 0.000000 0.242814 0.001184 0.970072
1.30719399 -0.06687100 -5.11844587 156 197 89 0.000000 -0.997400 0.001044 -0.072063
1.25341904 -0.03155500 -5.24847078 145 183 99 0.000000 0.406019 0.001289 -0.913864
1.22291899 -0.01550300 -5.21636581 146 183 94 0.000000 -0.668888 0.001379 -0.743362
1.28712904 -0.05402900 -5.15536690 143 182 80 0.000000 -0.998739 0.001024 -0.050193
1.50223100 -0.19529000 -5.29020691 148 186 63 0.000000 -0.998393 0.001030 -0.056668
1.37381196 -0.11181700 -5.13048601 122 145 99 0.000000 0.865851 0.001334 0.500299
1.43400896 -0.13027801 -5.35200882 146 185 119 0.000000 0.992690 0.001087 0.120688
1.31843102 -0.07088400 -5.17141914 148 189 123 0.000000 0.977134 0.001162 0.212622
1.42116702 -0.12546200 -5.23402405 146 183 116 0.000000 0.999736 0.000999 -0.022971
1.33127296 -0.08212000 -5.09838104 58 74 28 0.000000 -0.911072 0.001292 0.412244
1.26786602 -0.04038400 -5.33515406 136 172 73 0.000000 -0.999995 0.000979 0.002938
1.30639195 -0.06526500 -5.19068193 139 178 74 0.000000 -0.995500 0.001065 0.094759
1.16191995 0.00536500 -5.36324596 134 153 99 0.000000 0.970765 0.001182 0.240031
1.17395902 -0.02192400 -5.45233679 112 132 70 0.000000 0.846861 0.001346 -0.531813
1.47975802 -0.16158000 -5.29181194 153 193 120 0.000000 0.999917 0.000989 -0.012857
1.33287799 -0.08372600 -5.12968302 153 192 94 0.000000 -0.905318 0.001299 -0.424733
1.38103604 -0.10539600 -5.35762691 152 186 108 0.000000 0.974073 0.001172 -0.226229
1.25582695 -0.03476600 -5.19308996 152 191 101 0.000000 0.993804 0.001079 -0.111142
1.41715395 -0.12385700 -5.24766779 149 187 119 0.000000 0.994811 0.001071 -0.101730
1.28311598 -0.05081800 -5.25007582 131 165 59 0.000000 -0.995047 0.001069 -0.099398
1.41394305 -0.12867300 -5.30064201 134 171 73 0.000000 -0.994066 0.001077 -0.108776
1.33046997 -0.07248900 -5.41782379 142 177 80 0.000000 -0.999633 0.001003 -0.027071
1.26786602 -0.04038400 -5.41381121 143 182 92 0.000000 -0.989410 0.001108 -0.145143
1.26465499 -0.04841000 -5.11844587 156 197 118 0.000000 -0.998844 0.001022 -0.048051
1.49179697 -0.15275100 -5.38652182 69 83 57 0.000000 -0.553762 0.001354 -0.832674
1.34170699 -0.07810700 -5.42986298 141 181 90 0.000000 -0.716707 0.001381 -0.697373
1.22131395 -0.01791100 -5.13369608 177 218 146 0.000000 0.997999 0.001036 0.063217
1.24779999 -0.03075300 -5.43146801 139 179 90 0.000000 0.965696 0.001197 -0.259673
1.39146996 -0.11181700 -5.24847078 141 181 114 0.000000 0.997999 0.001036 0.063217
1.29274702 -0.05723900 -5.12566996 148 184 79 0.000000 -0.993804 0.001079 -0.111142
1.37140405 -0.09977800 -5.39615297 133 169 88 0.000000 -0.997236 0.001046 -0.074296
1.21007705 -0.01951600 -5.34879923 151 191 94 0.000000 0.976541 0.001164 -0.215328
1.42036402 -0.12064600 -5.41220617 135 172 88 0.000000 -0.740750 0.001379 -0.671779
1.47414005 -0.16077700 -5.23001099 159 198 134 0.000000 0.940919 0.001250 -0.338631
1.33689106 -0.05884400 -5.49086285 60 67 54 0.000000 0.962562 0.001205 -0.271059
1.49982405 -0.15435600 -5.37689018 163 203 139 0.000000 0.824239 0.001358 0.566240
1.17074895 -0.00426600 -5.38892984 156 189 81 0.000000 0.002938 0.000979 0.999995
1.36578596 -0.09737000 -5.25890493 146 186 110 0.000000 0.929435 0.001268 0.368984
1.19723499 -0.06045000 -5.05423594 199 207 168 0.000000 -0.994569 0.001073 0.104070
1.19161701 -0.01871300 -5.18426085 134 168 74 0.000000 -0.067624 0.001040 0.997710
1.51106000 -0.16719800 -5.36966705 158 188 131 0.000000 0.899331 0.001305 0.437266
1.21569598 -0.01389800 -5.28298378 145 185 108 0.000000 0.999995 0.000979 0.002938
1.34652305 -0.08533100 -5.38732386 159 190 125 0.000000 0.995500 0.001065 0.094759
1.36418104 -0.10058100 -5.20191908 140 177 82 0.000000 -0.977717 0.001160 -0.209925
1.42036402 -0.12465900 -5.33515406 145 185 117 0.000000 0.980491 0.001149 0.196558
1.45166600 -0.14472499 -5.29421997 148 189 116 0.000000 0.977134 0.001162 0.212622
1.37702298 -0.10138300 -5.37929821 141 179 102 0.000000 0.879960 0.001323 0.475046
1.39146996 -0.11342300 -5.20834017 144 183 105 0.000000 0.977717 0.001160 0.209925
1.25984001 -0.03556800 -5.45634985 133 174 88 0.000000 -0.660161 0.001378 0.751123
1.24378705 -0.02433200 -5.22118187 139 175 73 0.000000 -0.977717 0.001160 -0.209925
1.24459004 -0.02754200 -5.17623520 153 191 102 0.000000 0.123096 0.001089 -0.992394
1.23736596 -0.02433200 -5.15857697 158 194 96 0.000000 -0.997858 0.001038 -0.065416
1.33127296 -0.07810700 -5.37368011 148 180 87 0.000000 -0.996710 0.001052 -0.081042
1.50865197 -0.18967199 -5.25328684 67 78 53 0.000000 0.832674 0.001354 -0.553762
1.43240297 -0.13509300 -5.25087881 148 186 118 0.000000 0.999995 0.000979 0.002938
1.34572005 -0.06767300 -5.47240305 168 207 142 0.000000 0.648407 0.001377 0.761293
1.40752196 -0.11743600 -5.22358894 142 183 105 0.000000 0.985809 0.001127 -0.167869
1.49500799 -0.18244800 -5.23241901 69 84 54 0.000000 0.994569 0.001073 0.104070
1.17717004 -0.00988500 -5.23081303 138 177 97 0.000000 -0.722131 0.001381 -0.691755
1.25422096 -0.03316100 -5.16178799 152 190 91 0.000000 -0.889912 0.001314 0.456129
1.18599904 0.00135200 -5.29020691 149 187 93 0.000000 -0.981019 0.001147 -0.193909
1.45808697 -0.14552800 -5.21155024 150 190 126 0.000000 0.973432 0.001174 -0.228974
1.24619496 -0.02995000 -5.38571882 144 181 92 0.000000 -0.998267 0.001032 -0.058843
1.38424599 -0.11262000 -5.32552195 134 170 79 0.000000 -0.997400 0.001044 -0.072063
1.42196906 -0.12706700 -5.38090277 134 173 75 0.000000 -0.990809 0.001100 -0.135260
1.23094499 -0.03476600 -5.49728298 102 126 53 0.000000 0.254023 0.001193 -0.967197
1.49500799 -0.17923801 -5.25328684 168 206 145 0.000000 0.926978 0.001272 0.375114
1.18680096 -0.00426600 -5.38812685 146 182 99 0.000000 0.970765 0.001182 0.240031
1.21649802 -0.02593700 -5.15295887 154 195 93 0.000000 -0.465583 0.001319 -0.885003
1.45246899 -0.14713299 -5.18105078 152 188 87 0.000000 -0.936483 0.001257 0.350710
1.44604802 -0.13669901 -5.19068193 139 178 105 0.000000 0.792878 0.001369 -0.609379
1.21890604 -0.02674000 -5.17061710 152 192 87 0.000000 0.913864 0.001289 -0.406019
1.29194498 -0.05563400 -5.33435202 139 177 74 0.000000 -0.996523 0.001055 -0.083307
1.45407403 -0.15515900 -5.26291800 139 175 71 0.000000 -0.974073 0.001172 -0.226229
1.20766902 -0.01951600 -5.07751322 101 110 96 0.000000 0.929435 0.001268 0.368984
1.24378705 -0.02674000 -5.36003494 134 170 72 0.000000 -0.993536 0.001081 0.113516
1.25823402 -0.03958200 -5.26933908 121 161 63 0.000000 0.874782 0.001327 0.484515
1.26866901 -0.04439700 -5.20994520 155 195 114 0.000000 0.903843 0.001300 0.427862
1.35856199 -0.09737000 -5.16981411 150 191 105 0.000000 -0.387428 0.001279 -0.921899
1.23255098 -0.01951600 -5.23562908 141 179 80 0.000000 -0.990471 0.001102 -0.137718
1.42678499 -0.12706700 -5.19549799 139 178 111 0.000000 0.998739 0.001024 0.050193
1.22693205 -0.02914700 -5.48042917 143 182 90 0.000000 -0.240031 0.001182 0.970765
1.24378705 -0.04600200 -5.09998608 164 205 123 0.000000 -0.758770 0.001377 -0.651358
1.28070796 -0.04921300 -5.16018200 129 167 72 0.000000 -0.985809 0.001127 -0.167869
1.26144505 -0.03797600 -5.16660404 147 184 91 0.000000 -0.968656 0.001189 0.248404
1.50223100 -0.18565901 -5.26853704 176 212 156 0.000000 0.985809 0.001127 -0.167869
1.30157602 -0.06927900 -5.25168085 148 183 91 0.000000 0.231726 0.001176 0.972780
1.30237901 -0.05804200 -5.40418005 149 182 96 0.000000 -0.983996 0.001135 0.178186
1.28712904 -0.04600200 -5.44671822 145 182 95 0.000000 -0.984462 0.001133 -0.175594
1.38023305 -0.11021200 -5.29261494 130 168 72 0.000000 -0.999217 0.001014 0.039563
1.25261605 -0.03235800 -5.40016699 146 180 93 0.000000 -0.954848 0.001223 -0.297091
1.26385295 -0.03797600 -5.35682487 148 183 83 0.000000 -0.979409 0.001154 0.201881
1.23415601 -0.02995000 -5.38250923 147 192 105 0.000000 -0.409130 0.001291 -0.912475
1.24137902 -0.02914700 -5.45795488 147 184 92 0.000000 -0.993261 0.001083 -0.115898
1.45327199 -0.15355401 -5.22439194 142 179 74 0.000000 -0.999780 0.000997 0.020933
1.30318105 -0.04600200 -5.46919203 130 169 73 0.000000 -0.748548 0.001379 -0.663079
1.31441796 -0.07088400 -5.09677601 159 195 100 0.000000 -0.999995 0.000979 0.002938
1.20285404 -0.03075300 -5.47160006 138 181 66 0.000000 -0.630540 0.001374 0.776155
1.33528602 -0.08773900 -5.11523581 149 189 82 0.000000 -0.975939 0.001166 -0.218041
1.21890604 -0.01630500 -5.38170624 139 176 89 0.000000 -0.978290 0.001158 -0.207235
1.49500799 -0.17843500 -5.32471991 151 190 68 0.000000 -0.983522 0.001137 -0.180786
1.33448303 -0.06927900 -5.45394182 152 185 98 0.000000 -0.988281 0.001114 -0.152643
1.18118298 -0.00025300 -5.31027317 133 173 81 0.000000 0.196558 0.001149 -0.980491
1.18840599 -0.00426600 -5.32712793 135 174 87 0.000000 0.924466 0.001275 0.381263
1.28632605 -0.04841000 -5.40658808 155 189 101 0.000000 -0.844879 0.001347 -0.534955
1.37943006 -0.10780400 -5.26211500 149 186 108 0.000000 0.974073 0.001172 -0.226229
1.30237901 -0.05804200 -5.46919203 146 187 116 0.000000 0.512919 0.001339 -0.858436
1.47092903 -0.15034300 -5.35281181 144 185 104 0.000000 0.815569 0.001362 0.578659
1.50544202 -0.18164600 -5.31027317 163 203 133 0.000000 0.971447 0.001180 -0.237255
1.40431201 -0.11984400 -5.19308996 143 181 106 0.000000 0.997066 0.001048 -0.076536
1.39387798 -0.12225200 -5.13209105 44 57 21 0.000000 -0.990125 0.001104 0.140185
1.46450806 -0.13268600 -5.41702080 107 133 89 0.000000 0.976541 0.001164 -0.215328
1.21168196 -0.01309500 -5.17382717 140 177 84 0.000000 0.986665 0.001122 0.162760
1.40591705 -0.11743600 -5.39213991 131 172 76 0.000000 -0.881656 0.001322 -0.471891
1.48377097 -0.15596201 -5.37127209 142 184 77 0.000000 -0.854638 0.001342 -0.519223
1.33368099 -0.07329200 -5.42825794 146 185 101 0.000000 0.686096 0.001380 0.727510
1.32083905 -0.06606800 -5.41702080 150 184 103 0.000000 0.888291 0.001316 0.459279
1.48216605 -0.16559300 -5.26291800 168 208 145 0.000000 0.999995 0.000979 0.002938
1.26545799 -0.03717400 -5.22439194 151 192 109 0.000000 0.989771 0.001106 0.142660
1.49099505 -0.16639601 -5.33354902 164 204 142 0.000000 0.905318 0.001299 0.424733
1.42196906 -0.12867300 -5.26452398 146 186 124 0.000000 0.999995 0.000979 0.002938
1.30237901 -0.06125200 -5.31829882 153 193 117 0.000000 0.992394 0.001089 0.123096
1.25341904 -0.03717400 -5.13449907 151 188 82 0.000000 -0.999374 0.001010 -0.035367
1.17636704 -0.00105600 -5.32391691 136 174 78 0.000000 0.981537 0.001145 -0.191268
1.21248496 -0.02272600 -5.08473587 205 236 175 0.000000 0.941995 0.001248 0.335625
1.21489298 -0.02834500 -5.48444223 91 112 63 0.000000 -0.998739 0.001024 -0.050193
1.29595804 -0.06045000 -5.29020691 141 177 78 0.000000 -0.981019 0.001147 -0.193909
1.23174798 -0.01871300 -5.27977324 137 175 76 0.000000 -0.999995 0.000979 0.002938
1.43320596 -0.13429099 -5.30947018 151 190 124 0.000000 0.998739 0.001024 0.050193
1.39146996 -0.11021200 -5.38812685 136 175 82 0.000000 -0.999917 0.000989 -0.012857
1.36418104 -0.09255500 -5.42263985 176 190 125 0.000000 0.992091 0.001091 0.125512
1.44524503 -0.13669901 -5.34478617 148 188 124 0.000000 0.971447 0.001180 0.237255
1.24137902 -0.03877900 -5.12727499 174 214 131 0.000000 0.871255 0.001330 0.490829
1.38906205 -0.11021200 -5.31348324 141 181 122 0.000000 0.960928 0.001209 0.276796
1.33046997 -0.07730500 -5.26211500 148 187 119 0.000000 0.999995 0.000979 0.002938
1.44604802 -0.14071199 -5.30626011 152 192 133 0.000000 0.990471 0.001102 0.137718
1.43079805 -0.13910700 -5.21074820 141 178 82 0.000000 -0.956644 0.001219 0.291258
1.48216605 -0.17923801 -5.23482704 158 194 76 0.000000 -0.934187 0.001261 -0.356781
1.25020802 -0.03476600 -5.14493322 154 191 97 0.000000 -0.975327 0.001168 -0.220763
1.30398405 -0.06366000 -5.20914316 129 167 69 0.000000 -0.966452 0.001195 0.256844
1.42678499 -0.12867300 -5.18105078 135 175 103 0.000000 0.974705 0.001170 -0.223492
1.21489298 -0.00827900 -5.11122322 177 200 119 0.000000 -0.960094 0.001211 0.279674
1.18680096 -0.00747700 -5.23081303 144 182 99 0.000000 0.677534 0.001380 0.735490
1.40752196 -0.11583100 -5.37528515 135 176 104 0.000000 0.997400 0.001044 0.072063
1.39708805 -0.11422500 -5.35842991 140 178 87 0.000000 -0.966452 0.001195 -0.256844
1.47092903 -0.15997501 -5.26773405 157 198 127 0.000000 0.982047 0.001143 0.188635
1.45648205 -0.14633000 -5.23402405 150 190 122 0.000000 0.998945 0.001020 0.045917
1.27830005 -0.04680500 -5.33595705 130 169 65 0.000000 -0.973432 0.001174 -0.228974
1.26626098 -0.03797600 -5.26291800 137 177 79 0.000000 -0.995277 0.001067 -0.097074
1.34411502 -0.08613400 -5.27816820 142 180 102 0.000000 0.998136 0.001034 -0.061026
1.33127296 -0.07730500 -5.39374495 147 185 107 0.000000 0.999995 0.000979 0.002938
1.32164204 -0.07650200 -5.29100990 172 202 134 0.000000 0.994811 0.001071 -0.101730
1.39789104 -0.12385700 -5.14734077 140 176 73 0.000000 -0.885003 0.001319 -0.465583
1.34411502 -0.08934400 -5.35281181 205 225 154 0.000000 0.905318 0.001299 0.424733
1.46611297 -0.16077700 -5.20914316 146 181 72 0.000000 -0.999298 0.001012 0.037461
1.40190399 -0.12465900 -5.24606323 144 181 80 0.000000 -0.999995 0.000979 0.002938
1.35133898 -0.09335700 -5.17864323 142 181 86 0.000000 -0.836802 0.001352 0.547504
1.41314006 -0.11984400 -5.21636581 143 182 117 0.000000 0.987889 0.001116 0.155160
1.34090400 -0.08693600 -5.31749582 142 181 103 0.000000 0.938727 0.001253 0.344659
1.20526099 -0.01470000 -5.40739012 135 175 82 0.000000 0.999780 0.000997 0.020933
1.46531105 -0.15114599 -5.33274603 149 188 116 0.000000 0.915238 0.001287 -0.402911
1.44685102 -0.13669901 -5.16820908 167 195 135 0.000000 0.663079 0.001379 -0.748548
1.45407403 -0.15435600 -5.28619385 140 179 72 0.000000 -0.999686 0.001001 0.025017
1.39628506 -0.11583100 -5.18987894 143 181 104 0.000000 0.766300 0.001376 0.642481
1.47975802 -0.17682999 -5.22358894 151 187 72 0.000000 -0.964151 0.001201 0.265352
1.44925797 -0.13348800 -5.39856100 139 180 85 0.000000 -0.943059 0.001246 -0.332624
1.16914296 -0.00587100 -5.41942883 129 160 73 0.000000 -0.196558 0.001149 -0.980491
1.27508903 -0.05081800 -5.08313084 163 201 97 0.000000 -0.999040 0.001018 -0.043791
1.25823402 -0.03958200 -5.11603785 152 187 87 0.000000 -0.995277 0.001067 0.097074
1.47735000 -0.16077700 -5.30465508 153 195 128 0.000000 0.987081 0.001120 0.160219
1.49821806 -0.19288200 -5.26291800 154 192 73 0.000000 -0.929435 0.001268 0.368984
1.34331203 -0.08533100 -5.25087881 144 184 113 0.000000 0.987889 0.001116 0.155160
1.37300897 -0.10619900 -5.17141914 151 191 106 0.000000 0.456129 0.001314 0.889912
1.44845605 -0.13830400 -5.19951105 146 185 115 0.000000 0.945148 0.001242 -0.326641
1.28953695 -0.05643700 -5.26372099 134 175 67 0.000000 -0.992979 0.001085 -0.118289
1.22532701 -0.01710800 -5.29341793 141 180 96 0.000000 0.748548 0.001379 0.663079
1.26786602 -0.04198900 -5.13209105 146 183 90 0.000000 -0.879960 0.001323 0.475046
1.27268195 -0.04841000 -5.19951105 148 187 102 0.000000 0.936483 0.001257 -0.350710
1.27910304 -0.04760800 -5.32231188 139 176 71 0.000000 -0.999917 0.000989 -0.012857
1.46771896 -0.15435600 -5.23081303 154 192 126 0.000000 0.987489 0.001118 -0.157685
1.32886505 -0.07650200 -5.24044514 144 184 123 0.000000 0.943059 0.001246 0.332624
1.37621999 -0.08854100 -5.46758699 174 195 136 0.000000 0.743362 0.001379 0.668888
1.22051096 -0.01229200 -5.25810194 140 179 80 0.000000 -0.804402 0.001366 0.594083
1.29756296 -0.05723900 -5.37207508 140 177 82 0.000000 -0.998739 0.001024 -0.050193
1.29675996 -0.05162100 -5.46116495 149 187 114 0.000000 0.671779 0.001379 0.740750
1.22532701 -0.03717400 -5.18426085 153 194 96 0.000000 0.949175 0.001234 -0.314746
1.27749705 -0.03958200 -5.46036291 132 170 78 0.000000 -0.982047 0.001143 -0.188635
1.49420500 -0.18726400 -5.27255011 149 186 66 0.000000 -0.999217 0.001014 -0.039563
1.40270603 -0.10218600 -5.46678400 115 142 85 0.000000 -0.490829 0.001330 0.871255
1.44203496 -0.13830400 -5.23884010 147 186 123 0.000000 0.995277 0.001067 0.097074
1.24779999 -0.05402900 -5.10319710 170 208 101 0.000000 0.771254 0.001375 0.636526
1.26064205 -0.03476600 -5.44671822 143 179 92 0.000000 -0.986241 0.001125 -0.165311
1.19884002 -0.01229200 -5.17784023 131 160 79 0.000000 0.165311 0.001125 -0.986241
1.18037999 -0.00827900 -5.28137779 139 182 77 0.000000 -0.493986 0.001331 -0.869469
1.17315698 0.00376000 -5.30385208 148 183 91 0.000000 -0.347682 0.001255 -0.937612
1.16513002 0.01178600 -5.37448311 123 138 84 0.000000 0.785794 0.001371 -0.618487
1.30558896 -0.06285800 -5.35281181 145 183 101 0.000000 0.874782 0.001327 -0.484515
1.30639195 -0.06125200 -5.37287712 150 187 104 0.000000 0.998393 0.001030 -0.056668
1.28472102 -0.03637100 -5.48684883 143 183 99 0.000000 0.074296 0.001046 0.997236
1.26385295 -0.03797600 -5.38090277 137 173 81 0.000000 -0.996523 0.001055 0.083307
1.42678499 -0.11021200 -5.46036291 92 108 71 0.000000 0.976541 0.001164 0.215328
1.36337805 -0.09656800 -5.22278690 150 188 124 0.000000 0.999374 0.001010 -0.035367
1.35374606 -0.09496200 -5.26211500 141 179 76 0.000000 -0.995500 0.001065 -0.094759
1.33207595 -0.07569900 -5.40819311 149 180 91 0.000000 -0.980491 0.001149 -0.196558
1.39949596 -0.11342300 -5.38010120 130 169 79 0.000000 -0.997400 0.001044 -0.072063
1.20927501 -0.00587100 -5.13770914 155 181 102 0.000000 0.265352 0.001201 0.964151
1.45407403 -0.14231700 -5.31829882 142 181 98 0.000000 0.991782 0.001093 0.127937
1.27990496 -0.05081800 -5.18426085 165 198 112 0.000000 -0.999995 0.000979 0.002938
