-4.347057 -1.082175 -8.275091 54 57 51 0 0.933257 -0.356948 0.040238
-3.973686 -1.283301 -8.157510 50 60 42 0 0.239633 0.612396 0.753357
-4.127366 -1.001725 -8.565949 105 116 45 0 -0.048346 0.998805 0.007200
-4.262481 -1.276081 -8.051274 149 155 109 0 0.047847 0.879023 0.474372
-3.903549 -1.154374 -8.431866 80 121 31 0 -0.087265 0.952105 0.293055
-4.118083 -1.151280 -8.323566 122 130 62 0 0.046811 0.955195 0.292252
-4.283109 -1.039888 -8.456619 113 139 67 0 0.135001 0.985628 0.101550
-4.143868 -1.222448 -8.165761 114 147 67 0 0.190183 0.937035 0.292910
-3.868481 -1.242044 -8.287467 92 113 38 0 0.364818 -0.600396 0.711641
-4.378000 -1.192537 -8.141006 120 127 84 0 0.530213 0.800826 0.278480
-4.054136 -1.107961 -8.467965 118 149 70 0 0.397431 0.717354 0.572234
-4.237728 -1.168814 -8.252399 104 140 53 0 0.236795 0.838714 0.490395
-4.004628 -1.202851 -8.267871 97 131 47 0 0.214970 0.896441 0.387532
-4.250104 -1.096615 -8.350384 113 142 67 0 0.291993 0.761097 0.579199
-4.171717 -1.079081 -8.444242 109 141 56 0 0.175433 0.911397 0.372261
-4.072701 -1.287427 -8.105939 64 67 54 0 0.331259 0.909138 0.252457
-4.269701 -1.216259 -8.156478 95 120 51 0 0.397057 0.798937 0.451713
-4.012879 -1.161594 -8.369981 112 149 63 0 0.354900 0.908254 0.221631
-4.363560 -1.222448 -8.038898 71 70 54 0 0.420443 -0.653099 -0.629833
-3.960277 -1.121369 -8.520568 103 94 33 0 -0.181754 0.922858 -0.339556
-4.226382 -1.011008 -8.546352 67 72 47 0 0.460432 0.301232 0.835022
-3.851979 -1.220385 -8.385451 55 64 39 0 0.450535 0.536984 0.713208
-4.328491 -1.157469 -8.219394 109 131 71 0 0.532378 0.721447 0.442819
-4.162434 -1.278144 -8.080153 105 117 64 0 0.006877 0.799155 0.601086
-4.094361 -1.194600 -8.244148 100 135 59 0 0.173181 0.935177 0.308955
-4.323335 -1.041950 -8.356572 122 114 90 0 0.697515 0.199511 0.688236
-4.040727 -1.044013 -8.531913 64 73 27 0 0.500340 0.756251 0.421598
-3.922115 -1.236887 -8.212174 96 136 38 0 -0.102272 0.842660 0.528643
-3.928303 -1.193568 -8.351416 109 150 64 0 0.560185 0.765640 0.316208
-4.036602 -1.235856 -8.198766 106 139 55 0 0.104468 0.745992 0.657709
-4.106738 -1.119306 -8.405048 112 140 60 0 0.308690 0.845406 0.435888
-4.175842 -1.116212 -8.367918 113 144 61 0 0.300682 0.890077 0.342568
-4.129429 -1.053296 -8.507159 116 145 67 0 0.094789 0.774356 0.625610
-3.989157 -1.140966 -8.445273 96 132 48 0 0.141784 0.913876 0.380431
-4.322303 -1.234825 -8.098720 109 137 66 0 0.080074 0.688639 0.720669
-4.188219 -1.148186 -8.301908 107 126 51 0 0.149455 0.830141 0.537150
-4.202659 -1.235856 -8.125536 105 141 50 0 0.032379 0.767241 0.640541
-4.168622 -1.182222 -8.236928 97 119 58 0 0.514619 0.767870 0.381500
-4.285172 -1.120338 -8.292624 120 144 74 0 0.438330 0.777262 0.451366
-4.057230 -1.177065 -8.306033 95 131 51 0 0.118120 0.912998 0.390491
-4.236696 -1.070830 -8.417426 115 154 66 0 0.412545 0.848441 0.331593
-3.932429 -1.213165 -8.273028 85 128 27 0 0.109184 0.985059 0.133181
-4.212974 -1.047107 -8.492719 111 149 62 0 0.214798 0.857691 0.467149
-4.381094 -1.141997 -8.177107 90 97 66 0 0.722288 0.667081 0.182489
-4.086109 -1.250296 -8.152352 111 145 66 0 0.151132 0.794566 0.588068
-4.260418 -1.247201 -8.104907 93 133 47 0 0.173252 0.815037 0.552900
-4.008754 -1.087333 -8.500971 96 131 53 0 -0.119316 0.419711 0.899781
-4.044853 -1.132715 -8.415362 182 152 115 0 0.087456 0.927038 0.364626
-4.325397 -1.201819 -8.168856 88 105 39 0 -0.308755 0.299891 0.902627
-4.318178 -1.258547 -8.029614 54 62 43 0 0.308835 0.951115 0.001230
-4.277952 -1.185317 -8.210113 121 145 73 0 0.331934 0.784134 0.524360
-3.981937 -1.185317 -8.326661 103 143 43 0 0.270061 0.890752 0.365552
-4.068575 -1.150249 -8.357604 106 130 56 0 0.382097 0.858558 0.341876
-4.211942 -1.209039 -8.176074 94 128 52 0 0.168079 0.785885 0.595092
-4.270732 -1.027511 -8.511284 87 91 64 0 -0.182506 -0.978671 -0.094315
-4.114989 -1.085270 -8.462808 120 149 60 0 0.373404 0.818311 0.436962
-3.948931 -1.167783 -8.396797 111 147 59 0 0.341354 0.892886 0.293654
-4.284141 -1.055359 -8.393703 124 155 71 0 0.522524 0.818468 0.238912
-4.375936 -1.123432 -8.252399 59 68 77 0 0.008189 -0.214073 0.976783
-3.984000 -1.237919 -8.214237 107 148 57 0 0.001330 0.871255 0.490829
-3.886015 -1.199756 -8.247243 114 139 67 0 0.007358 -0.997490 0.070423
-4.362528 -1.198725 -8.090468 101 110 70 0 0.933889 0.182324 -0.307585
-4.079921 -1.070830 -8.502002 117 148 70 0 0.223062 0.731582 0.644229
-4.138711 -1.252359 -8.119347 116 150 74 0 -0.006826 0.825890 0.563790
-3.940680 -1.129620 -8.473122 96 135 53 0 0.038192 0.759601 0.649267
-4.310957 -1.084238 -8.319442 140 170 97 0 0.459898 0.680649 0.570273
-4.038664 -1.269893 -8.145133 124 156 82 0 0.411282 0.721807 0.556634
-4.183062 -1.002757 -8.573169 89 107 40 0 0.014931 0.984325 -0.175731
-3.894267 -1.190474 -8.389578 116 153 72 0 0.365690 0.752509 0.547723
-3.868481 -1.242044 -8.338007 122 150 81 0 0.741563 0.661634 0.111012
-4.220193 -1.264736 -8.080153 119 134 56 0 0.111149 0.721727 0.683195
-4.089204 -1.022354 -8.541195 111 140 65 0 0.189760 0.698872 0.689615
-4.139743 -1.165720 -8.281280 163 159 115 0 0.157741 0.908078 0.387958
-4.083015 -1.222448 -8.196704 110 147 65 0 0.125419 0.807109 0.576928
-4.297549 -1.145092 -8.253431 101 119 67 0 0.086117 0.667044 0.740025
-4.169654 -1.035762 -8.523662 108 140 58 0 0.119116 0.807343 0.577934
-4.236696 -1.125495 -8.316347 108 140 57 0 0.262518 0.778122 0.570623
-3.899424 -1.215228 -8.316347 100 144 52 0 0.500163 0.857627 -0.119635
-4.045885 -1.201819 -8.247243 95 127 38 0 0.378844 0.729807 0.569086
-4.192345 -1.093521 -8.404017 119 147 67 0 0.401346 0.868312 0.291472
-4.130460 -1.198725 -8.217331 103 140 56 0 0.157619 0.883536 0.441045
-4.129429 -1.130652 -8.368949 111 144 61 0 0.244507 0.877525 0.412512
-4.320240 -1.034730 -8.408142 89 98 41 0 -0.832034 0.554231 -0.023379
-4.096424 -1.173971 -8.287467 98 135 47 0 0.294334 0.879983 0.372823
-3.941712 -1.264736 -8.180201 89 115 59 0 0.159809 0.816965 0.554102
-4.001534 -1.256484 -8.179169 114 147 62 0 0.167478 0.792127 0.586929
-4.227413 -1.190474 -8.216300 98 130 60 0 0.135796 0.768514 0.625257
-4.120146 -1.279175 -8.091498 149 181 118 0 -0.103966 0.616476 0.780479
-4.163465 -1.060516 -8.482405 112 142 59 0 0.236795 0.838714 0.490395
-4.215036 -1.064641 -8.453525 104 142 49 0 0.221479 0.921636 0.318643
-4.143868 -1.101772 -8.415362 111 146 61 0 0.095792 0.898220 0.428980
-4.333648 -1.124463 -8.256525 127 153 83 0 0.508754 0.676660 0.532261
-3.982968 -1.125495 -8.483436 119 126 79 0 0.086032 0.750960 0.654720
-4.361497 -1.237919 -8.078090 120 133 92 0 0.047085 0.697710 0.714832
-4.175842 -1.199756 -8.200829 97 132 46 0 0.126549 0.916436 0.379646
-4.352214 -1.172940 -8.179169 110 137 68 0 0.048396 0.858676 0.510228
-4.362528 -1.135809 -8.216300 141 153 90 0 0.501575 0.501575 0.704872
-4.214005 -1.100741 -8.367918 107 135 54 0 0.104367 0.928458 0.356474
-4.305800 -1.219353 -8.131724 107 148 64 0 0.284444 0.809329 0.513885
-4.075796 -1.116212 -8.433928 120 152 67 0 0.268872 0.846564 0.459388
-3.966466 -1.203882 -8.290562 95 135 40 0 0.371347 0.861339 0.346693
-3.892204 -1.215228 -8.354509 118 161 78 0 0.572100 0.704761 0.419540
-4.296518 -1.252359 -8.076028 103 141 50 0 0.246630 0.880393 0.405070
-4.017005 -1.187380 -8.300876 101 137 52 0 0.230423 0.911549 0.340563
-3.965434 -1.215228 -8.253431 91 132 44 0 0.094569 0.992409 0.078618
-4.128397 -1.025448 -8.536038 115 146 63 0 0.174911 0.768089 0.615992
-3.943774 -1.150249 -8.441148 97 140 50 0 0.095409 0.855834 0.508374
-3.976780 -1.172940 -8.365855 106 142 46 0 0.062013 0.932835 0.354926
-4.197502 -1.170877 -8.258588 108 141 60 0 0.134282 0.816019 0.562212
-4.236696 -1.228636 -8.139976 96 133 49 0 -0.087456 0.927038 0.364626
-3.857136 -1.187380 -8.401954 52 59 33 0 0.603019 0.734880 0.310354
-4.022162 -1.124463 -8.449399 122 126 66 0 0.497483 0.768244 0.402880
-4.354277 -1.258547 -8.037866 125 126 74 0 -0.358807 0.811701 0.460868
-4.281046 -1.071861 -8.360698 119 144 62 0 0.602300 0.669037 0.435458
-3.999470 -1.151280 -8.411237 110 147 58 0 0.166077 0.912716 0.373319
-3.932429 -1.200788 -8.309127 90 134 41 0 0.214369 0.882608 0.418389
-4.074764 -1.137872 -8.391640 112 133 60 0 0.008939 0.928352 0.371596
-4.154183 -1.145092 -8.325629 105 140 56 0 0.103989 0.864673 0.491453
-3.989157 -1.100741 -8.529849 73 96 23 0 0.000999 0.999736 -0.022971
-4.204722 -1.124463 -8.333881 116 149 64 0 0.046084 0.836498 0.546028
-4.182031 -1.218322 -8.157510 97 135 53 0 0.001330 0.871255 0.490829
-4.253198 -1.044013 -8.484468 119 145 70 0 0.197247 0.933077 0.300767
-4.128397 -1.185317 -8.251369 97 137 48 0 0.016039 0.956161 0.292400
-4.340868 -1.064641 -8.318410 88 73 58 0 0.784345 0.587875 -0.198005
-4.040727 -1.072893 -8.507159 120 150 76 0 0.112007 0.545490 0.830599
-4.259387 -1.143029 -8.283342 118 151 73 0 0.294195 0.870391 0.394801
-4.278984 -1.098678 -8.324599 127 154 82 0 0.603964 0.650808 0.460083
-4.101581 -1.265767 -8.118316 107 137 62 0 0.363108 0.750640 0.551989
-4.248041 -1.080113 -8.381327 117 152 64 0 0.429929 0.833085 0.348038
-3.915926 -1.218322 -8.241054 82 124 26 0 -0.143008 0.950267 0.276660
-4.004628 -1.284332 -8.142038 143 163 92 0 0.293191 0.537252 0.790822
-4.249073 -1.205945 -8.182263 88 116 43 0 0.135169 0.918313 0.372063
-4.317146 -1.036793 -8.458682 90 99 40 0 0.397930 -0.459150 0.794250
-4.001534 -1.219353 -8.236928 100 138 52 0 0.062634 0.867137 0.494115
-4.193377 -1.017196 -8.543258 108 143 62 0 -0.078724 0.823027 0.562521
-4.098486 -1.047107 -8.518504 111 141 64 0 0.015273 0.623436 0.781725
-4.081984 -1.162626 -8.322536 101 138 49 0 0.174826 0.894356 0.411780
-4.285172 -1.200788 -8.181232 106 144 63 0 0.133853 0.831067 0.539826
-4.155214 -1.009977 -8.550478 114 133 62 0 0.054547 0.846185 0.530090
-4.215036 -1.031636 -8.521598 110 142 56 0 0.071363 0.863348 0.499538
-4.274858 -1.166751 -8.236928 114 149 67 0 0.261376 0.616214 0.742942
-4.110864 -1.101772 -8.434959 121 152 69 0 0.237901 0.893974 0.379754
-3.869513 -1.212133 -8.275091 116 145 76 0 0.870391 0.394801 -0.294195
-4.057230 -1.218322 -8.216300 105 140 54 0 0.244382 0.893104 0.377681
-4.036602 -1.170877 -8.329756 101 140 54 0 0.213025 0.929691 0.300492
-4.026288 -1.110024 -8.483436 137 146 90 0 0.435625 0.713894 0.548258
-4.244947 -1.054327 -8.450431 110 148 59 0 0.276230 0.899594 0.338271
-4.290329 -1.237919 -8.110065 108 145 74 0 0.078965 0.927503 0.365380
-4.285172 -1.044013 -8.488593 107 127 52 0 0.837677 -0.133500 0.529599
-4.118083 -1.245139 -8.142038 112 146 68 0 0.388272 0.774920 0.498743
-4.085078 -1.090427 -8.471059 118 145 61 0 0.467140 0.744453 0.477044
-4.168622 -1.253390 -8.110065 116 151 70 0 0.260442 0.839887 0.476193
-3.902518 -1.213165 -8.282310 82 125 33 0 0.410939 0.880157 -0.237598
-4.167591 -1.161594 -8.267871 104 125 51 0 -0.995500 0.094759 0.001065
-4.317146 -1.180160 -8.189483 118 151 68 0 0.286561 0.696391 0.657969
-4.190282 -1.261641 -8.087374 130 147 76 0 0.223376 0.738858 0.635761
-4.036602 -1.149217 -8.385451 108 138 57 0 0.301511 0.904534 0.301511
-4.352214 -1.210071 -8.117284 128 155 76 0 0.078370 0.900566 0.427597
-3.987094 -1.119306 -8.555635 81 84 59 0 0.491288 -0.665670 0.561711
-4.112926 -1.221416 -8.189483 107 144 62 0 0.475845 0.689557 0.545969
-4.313020 -1.104866 -8.296750 138 162 98 0 0.444091 0.706887 0.550540
-4.214005 -1.155406 -8.279216 109 143 58 0 0.072571 0.823898 0.562072
-3.947900 -1.227605 -8.231771 91 130 42 0 0.001311 0.893111 0.449834
-3.887047 -1.170877 -8.412269 98 125 57 0 0.238912 0.522524 0.818468
-4.039696 -1.194600 -8.276122 104 144 54 0 0.101513 0.902494 0.418568
-4.326429 -1.250296 -8.057463 98 126 50 0 -0.015401 0.975029 0.221544
-4.291360 -1.042982 -8.427739 123 152 76 0 0.530213 0.800826 0.278480
-3.923146 -1.182222 -8.386483 111 147 63 0 0.437167 0.835162 0.333751
-4.373874 -1.205945 -8.063651 108 112 77 0 -0.299457 -0.861513 -0.410025
-4.095392 -1.139935 -8.369981 115 145 64 0 0.165231 0.931683 0.323520
-4.143868 -1.075987 -8.465902 122 147 66 0 0.364457 0.865778 0.342928
-3.924178 -1.165720 -8.413300 106 146 57 0 0.070078 0.808045 0.584938
-4.247010 -1.024416 -8.528818 139 153 102 0 0.308848 0.829342 0.465623
-4.378000 -1.159531 -8.200829 113 121 77 0 -0.418403 0.859796 0.292729
-3.966466 -1.254421 -8.192577 105 141 55 0 0.355101 0.813708 0.460199
-4.264544 -1.232762 -8.131724 89 128 41 0 -0.022896 0.879461 0.475421
-4.005660 -1.175003 -8.340070 106 145 50 0 0.182644 0.918881 0.349713
-4.162434 -1.231730 -8.141006 115 151 68 0 0.261831 0.671240 0.693456
-4.346025 -1.181191 -8.152352 122 154 79 0 0.001022 -0.048051 0.998844
-4.029382 -1.218322 -8.230740 107 146 59 0 0.175433 0.911397 0.372261
-3.962340 -1.156437 -8.420520 119 142 67 0 0.118794 0.929867 0.348188
-3.853010 -1.243076 -8.361730 94 104 77 0 0.348317 0.750096 0.562167
-4.039696 -1.285364 -8.121410 60 75 42 0 0.411282 0.721807 0.556634
-4.163465 -1.106929 -8.391640 114 144 57 0 0.197371 0.842216 0.501714
-3.956151 -1.187380 -8.338007 100 138 44 0 0.213904 0.903637 0.371059
-4.219162 -1.086301 -8.398860 115 143 61 0 0.275305 0.868505 0.412197
-4.177906 -1.129620 -8.343163 121 150 66 0 0.214798 0.857691 0.467149
-4.190282 -1.064641 -8.466933 111 146 53 0 0.301144 0.831657 0.466539
-3.860230 -1.256484 -8.310159 47 58 29 0 0.954113 0.299013 -0.016129
-4.103643 -1.206977 -8.216300 115 147 67 0 0.316616 0.857181 0.406196
-4.232570 -1.248233 -8.106971 95 137 49 0 -0.125965 0.789878 0.600188
-4.098486 -1.148186 -8.343163 169 148 111 0 0.213775 0.886062 0.411333
-4.185125 -1.051233 -8.496844 110 143 62 0 0.077718 0.854899 0.512940
-4.264544 -1.119306 -8.313252 125 158 77 0 0.413389 0.799433 0.435908
-4.380062 -1.165720 -8.134818 71 77 51 0 0.949704 0.275374 0.149105
-3.909738 -1.144060 -8.456619 91 107 64 0 0.235947 0.947881 0.214126
-4.055167 -1.088364 -8.489624 144 168 99 0 0.331684 0.577616 0.745885
-4.215036 -1.143029 -8.303969 107 144 58 0 0.095120 0.861761 0.498317
-4.313020 -1.120338 -8.274058 133 158 83 0 0.301370 0.776547 0.553309
-4.262481 -1.262673 -8.074996 101 141 62 0 0.101890 0.850998 0.515191
-4.366654 -1.100741 -8.274058 120 132 81 0 -0.806012 0.434253 0.402205
-4.328491 -1.208008 -8.141006 102 138 62 0 0.340345 0.863954 0.371146
-4.259387 -1.056390 -8.427739 121 157 76 0 0.350003 0.935511 0.048142
-4.124271 -1.070830 -8.483436 87 81 50 0 0.340688 0.791739 0.507033
-4.205753 -1.277112 -8.061587 72 66 63 0 -0.047847 0.474372 0.879023
-4.208848 -1.220385 -8.152352 95 128 54 0 0.024570 0.927212 0.373730
-4.261449 -1.156437 -8.260651 108 137 59 0 0.079470 0.787478 0.611198
-4.138711 -1.091458 -8.439086 116 143 64 0 0.261437 0.799967 0.540095
-4.295486 -1.211102 -8.156478 103 144 69 0 0.327124 0.820182 0.469352
-4.302706 -1.071861 -8.341102 123 146 81 0 0.536984 0.713208 0.450535
-4.296518 -1.167783 -8.216300 107 119 59 0 0.510287 0.594493 0.621439
-4.311989 -1.022354 -8.386483 94 105 41 0 -0.842523 0.538618 -0.006784
-4.201628 -1.188411 -8.212174 133 139 87 0 -0.118161 0.910535 0.396187
-4.287235 -1.267830 -8.049212 150 165 108 0 0.229436 0.763225 0.604025
-4.058261 -1.237919 -8.184326 117 154 65 0 0.149736 0.721454 0.676080
-4.343963 -1.212133 -8.078090 102 112 64 0 -0.228084 -0.569435 -0.789761
-4.029382 -1.251327 -8.179169 109 139 56 0 0.230379 0.865804 0.444195
-4.063418 -1.185317 -8.281280 96 131 44 0 0.261018 0.835566 0.483424
-4.159340 -1.158500 -8.296750 109 138 65 0 0.040797 0.792016 0.609135
-4.008754 -1.239982 -8.197734 104 142 56 0 0.354515 0.790841 0.498888
-3.992251 -1.193568 -8.301908 95 136 49 0 0.418735 0.854467 0.307485
-4.143868 -1.267830 -8.099750 120 148 79 0 0.215846 0.746921 0.628904
-3.961308 -1.141997 -8.457651 91 124 43 0 0.095155 0.864915 0.492817
-4.053104 -1.122401 -8.443211 118 153 71 0 0.277335 0.871409 0.404637
-4.301675 -1.057422 -8.361730 132 164 83 0 0.688993 0.623218 0.369984
-4.254230 -1.192537 -8.205986 100 140 54 0 0.055359 0.801998 0.594756
-4.338806 -1.105898 -8.275091 146 158 108 0 0.458537 0.726707 0.511509
-4.280015 -1.135809 -8.270965 95 115 42 0 0.459374 0.888122 -0.014647
-3.944806 -1.247201 -8.202891 96 133 47 0 -0.120100 0.754702 0.644981
-4.178937 -1.284332 -8.062620 72 77 55 0 -0.063331 0.997202 -0.039716
-3.874670 -1.229668 -8.308097 100 142 52 0 0.708755 0.634489 -0.308365
-4.346025 -1.227605 -8.097687 94 89 72 0 0.323415 0.855735 0.403882
-4.129429 -1.116212 -8.395766 113 140 58 0 0.229212 0.819931 0.524571
-3.941712 -1.181191 -8.367918 114 146 67 0 0.268329 0.882937 0.385255
-3.997408 -1.106929 -8.491687 105 134 70 0 0.151037 0.491237 0.857831
-4.099518 -1.235856 -8.166793 107 138 60 0 0.388711 0.807816 0.443099
-4.007722 -1.125495 -8.468996 158 117 84 0 0.396735 0.842083 0.365373
-4.077858 -1.191505 -8.261683 100 137 50 0 0.371553 0.814866 0.444907
-3.981937 -1.131683 -8.517473 75 67 37 0 0.903852 -0.222688 0.365325
-4.250104 -1.112086 -8.331819 133 162 85 0 0.247679 0.708330 0.661003
-4.192345 -1.249264 -8.108002 123 146 69 0 0.085879 0.871459 0.482892
-4.243916 -1.179128 -8.229709 101 135 54 0 0.427989 0.759230 0.490302
-3.875701 -1.215228 -8.372043 120 149 77 0 0.486290 0.637730 0.597346
-4.067544 -1.203882 -8.236928 97 136 53 0 0.109957 0.869664 0.481242
-4.196471 -1.181191 -8.236928 99 135 57 0 -0.087937 0.946312 0.311062
-4.127366 -1.140966 -8.343163 109 123 60 0 0.389101 0.824259 0.411336
-4.153152 -1.050202 -8.506126 116 144 69 0 0.032039 0.809344 0.586461
-4.191314 -1.082175 -8.430834 118 150 68 0 0.390068 0.841231 0.374403
-4.239790 -1.278144 -8.058494 121 143 83 0 -0.072087 0.962429 0.261791
-4.155214 -1.205945 -8.190516 80 115 40 0 0.039381 0.884025 0.465777
-4.151089 -1.122401 -8.363792 111 137 56 0 0.181815 0.867687 0.462668
-4.216068 -1.073924 -8.428771 114 149 62 0 0.175548 0.889349 0.422187
-4.077858 -1.039888 -8.527786 118 149 65 0 0.006907 0.628547 0.777741
-3.960277 -1.119306 -8.486529 89 123 52 0 0.001369 0.792878 0.609379
-4.367685 -1.183254 -8.161635 126 153 89 0 0.079989 0.667544 0.740261
-4.041759 -1.160563 -8.350384 100 132 52 0 0.285005 0.848851 0.445223
-4.102612 -1.071861 -8.492719 120 142 71 0 0.207168 0.793375 0.572396
-4.342931 -1.069798 -8.294688 91 53 50 0 0.817441 -0.269366 0.509149
-4.307863 -1.155406 -8.232802 124 155 80 0 0.270120 0.838144 0.473868
-3.971622 -1.161594 -8.396797 101 140 47 0 0.086102 0.939170 0.332485
-4.080953 -1.271955 -8.127599 117 152 72 0 0.371138 0.798508 0.473964
-4.013911 -1.143029 -8.427739 116 152 67 0 0.301144 0.831657 0.466539
-4.284141 -1.022354 -8.472091 55 59 48 0 0.966978 -0.205273 0.151050
-4.066513 -1.056390 -8.514379 120 148 72 0 0.015305 0.658132 0.752747
-4.380062 -1.204913 -8.121410 47 48 51 0 0.680649 0.459898 0.570273
-4.219162 -1.112086 -8.348321 116 148 66 0 0.261059 0.735713 0.624960
-4.302706 -1.046076 -8.383389 127 158 74 0 0.460487 0.744371 0.483594
-4.371811 -1.223479 -8.092531 69 66 69 0 0.616049 0.672506 -0.410146
-3.965434 -1.126526 -8.542227 114 93 49 0 0.421107 0.846875 0.324765
-4.235664 -1.148186 -8.279216 102 129 52 0 0.252771 0.883951 0.393366
-4.069607 -1.129620 -8.412269 128 143 78 0 0.251493 0.788844 0.560782
-4.355308 -1.157469 -8.199798 121 146 73 0 0.348727 0.569317 0.744492
-4.002565 -1.268861 -8.158541 119 157 77 0 0.173252 0.815037 0.552900
-4.059293 -1.270924 -8.135850 117 151 66 0 0.236780 0.751109 0.616255
-4.230507 -1.039888 -8.505095 109 138 61 0 0.172703 0.863517 0.473827
-4.348088 -1.129620 -8.240023 129 142 84 0 0.221150 0.880149 0.420037
-3.914895 -1.205945 -8.329756 106 146 52 0 0.499538 0.863348 0.071363
-4.103643 -1.163657 -8.306033 101 136 51 0 0.308519 0.864161 0.397545
-4.025257 -1.204913 -8.255494 101 141 53 0 0.144362 0.858879 0.491413
-4.336743 -1.243076 -8.076028 103 133 57 0 0.183968 0.842065 0.507034
-4.123240 -1.161594 -8.295718 107 108 58 0 0.461040 0.777088 0.428458
-4.099518 -1.286395 -8.094593 126 136 72 0 0.228388 0.784598 0.576407
-4.380062 -1.173971 -8.184326 107 110 99 0 -0.699842 0.699842 0.142978
-3.873638 -1.230699 -8.356572 130 163 79 0 0.497409 0.764868 0.409343
-3.982968 -1.267830 -8.177107 109 146 63 0 0.483144 0.499747 0.718905
-4.191314 -1.105898 -8.379264 114 149 64 0 0.245530 0.783506 0.570818
-4.182031 -1.181191 -8.218363 154 153 113 0 -0.713531 0.602501 0.357582
-4.277952 -1.087333 -8.343163 135 154 91 0 0.715972 0.509984 0.476761
-3.969560 -1.100741 -8.539132 68 69 30 0 0.829333 0.251734 0.498835
-4.348088 -1.249264 -8.056431 111 124 49 0 0.268436 0.942969 0.196853
-3.903549 -1.196662 -8.371013 123 162 77 0 0.413561 0.815945 0.403981
-4.119115 -1.040919 -8.521598 123 153 69 0 0.117436 0.729890 0.673401
-3.974717 -1.227605 -8.230740 98 139 47 0 0.001337 0.862174 0.506611
-4.108800 -1.180160 -8.270965 97 126 54 0 0.023611 0.798609 0.601387
-4.111895 -1.129620 -8.381327 117 147 66 0 0.314848 0.781526 0.538598
-3.982968 -1.103835 -8.507159 84 91 34 0 0.834759 0.525259 0.165166
-4.329523 -1.057422 -8.334912 158 161 113 0 0.421006 0.808395 0.411401
-4.008754 -1.073924 -8.517473 78 88 44 0 0.754768 0.452203 -0.475224
-4.150057 -1.135809 -8.344195 115 148 66 0 0.093871 0.815954 0.570445
-3.920052 -1.210071 -8.293655 84 125 31 0 0.086632 0.986180 0.141222
-4.057230 -1.147154 -8.375137 103 131 59 0 0.357000 0.849628 0.388179
-4.327460 -1.077018 -8.307064 142 165 96 0 0.776619 0.539630 0.325059
-4.147995 -1.185317 -8.240023 90 127 43 0 0.158318 0.920487 0.357267
-4.284141 -1.221416 -8.142038 95 125 53 0 0.332504 0.731508 0.595263
-4.299612 -1.182222 -8.200829 97 92 72 0 0.119879 0.853595 0.506957
-3.961308 -1.269893 -8.175044 104 136 46 0 0.064507 0.635036 0.769784
-4.137680 -1.238950 -8.145133 115 150 67 0 0.332504 0.731508 0.595263
-3.998439 -1.157469 -8.391640 102 141 52 0 0.157970 0.924054 0.348093
-4.349120 -1.198725 -8.142038 109 139 68 0 0.252968 0.817878 0.516800
-3.961308 -1.196662 -8.309127 97 141 49 0 0.183594 0.846322 0.500032
-4.066513 -1.256484 -8.153384 119 152 73 0 0.316077 0.802106 0.506677
-4.178937 -1.208008 -8.182263 92 128 45 0 0.047920 0.938978 0.340622
-4.301675 -1.026479 -8.411237 117 137 77 0 0.959445 0.268439 0.086055
-4.141806 -1.176034 -8.263745 94 125 47 0 0.292321 0.755561 0.586239
-4.208848 -1.253390 -8.096656 102 111 50 0 0.261585 0.872455 0.412791
-3.985031 -1.201819 -8.282310 95 139 52 0 0.359478 0.890490 0.278931
-3.927272 -1.259579 -8.193609 134 164 87 0 0.254721 0.798544 0.545385
-4.350151 -1.113118 -8.254462 130 147 86 0 0.421598 0.756251 0.500340
-4.042790 -1.255453 -8.164729 113 145 64 0 0.158766 0.769635 0.618430
-4.323335 -1.230699 -8.118316 89 114 45 0 -0.276063 0.419432 0.864793
-4.224319 -1.177065 -8.240023 102 136 50 0 0.207024 0.904826 0.372064
-4.319209 -1.134777 -8.247243 119 149 71 0 0.230889 0.695809 0.680103
-3.870544 -1.195631 -8.389578 111 146 66 0 0.094789 0.625610 0.774356
-4.295486 -1.024416 -8.433928 126 150 81 0 0.949923 -0.157201 0.270063
-4.331586 -1.184285 -8.176074 117 154 70 0 0.134316 0.868001 0.478051
-4.264544 -1.069798 -8.385451 117 151 64 0 0.489899 0.791869 0.364613
-4.293424 -1.085270 -8.328724 128 157 85 0 0.476472 0.693810 0.540002
-4.258356 -1.048139 -8.465902 121 152 71 0 0.324396 0.915519 0.237891
-4.261449 -1.085270 -8.361730 120 147 70 0 0.499995 0.737617 0.453791
-4.249073 -1.238950 -8.121410 97 139 58 0 0.001371 0.788169 0.615457
-4.030413 -1.141997 -8.406080 107 138 60 0 0.459150 0.794250 0.397930
-3.994314 -1.170877 -8.357604 104 140 47 0 0.316616 0.857181 0.406196
-4.309926 -1.192537 -8.176074 121 155 73 0 0.223880 0.795159 0.563560
-4.339837 -1.143029 -8.228677 125 160 80 0 0.110258 0.777683 0.618912
-3.891172 -1.226573 -8.274058 87 127 27 0 0.730063 0.538895 -0.420239
-4.226382 -1.216259 -8.159572 94 127 48 0 0.022896 0.879461 0.475421
-4.118083 -1.230699 -8.168856 108 143 66 0 0.238584 0.874809 0.421649
-4.291360 -1.026479 -8.493751 83 88 65 0 0.849884 0.111105 0.515125
-4.125303 -1.104866 -8.419489 115 150 71 0 0.340921 0.795483 0.500978
-4.331586 -1.161594 -8.200829 107 125 64 0 0.413202 0.635568 0.652163
-4.258356 -1.127558 -8.294688 114 142 60 0 0.054368 -0.204183 0.977422
-4.047947 -1.139935 -8.397829 166 140 104 0 0.206860 0.920172 0.332403
-4.202659 -1.040919 -8.510253 116 147 63 0 0.126986 0.842198 0.524002
-4.162434 -1.213165 -8.174012 102 138 56 0 0.283063 0.821039 0.495751
-3.933460 -1.143029 -8.455588 90 134 44 0 0.001308 0.896251 0.443546
-4.149026 -1.196662 -8.213206 97 136 54 0 0.221698 0.894132 0.389072
-4.191314 -1.161594 -8.274058 88 87 51 0 0.008769 0.943254 0.331955
-4.270732 -1.253390 -8.089437 97 135 53 0 0.032342 0.760742 0.648248
-4.358403 -1.210071 -8.053337 115 126 72 0 0.228787 -0.517459 -0.824556
-3.906644 -1.171908 -8.409175 105 145 59 0 0.079205 0.793494 0.603401
-3.934492 -1.218322 -8.245180 92 131 36 0 -0.157345 0.970932 0.180371
-4.366654 -1.160563 -8.179169 116 141 66 0 -0.515651 0.705892 0.485613
-4.236696 -1.095584 -8.363792 117 143 65 0 0.445610 0.809765 0.381723
-4.139743 -1.062579 -8.490656 122 147 72 0 0.286104 0.845940 0.450034
-4.274858 -1.055359 -8.410205 125 158 74 0 0.372700 0.897131 0.237173
-4.142837 -1.118275 -8.380295 109 141 56 0 0.181978 0.907027 0.379719
-4.335712 -1.087333 -8.293655 148 167 105 0 0.766858 0.385871 0.512867
-4.061356 -1.281238 -8.120378 121 157 81 0 0.254097 0.833129 0.491254
-3.999470 -1.125495 -8.492719 152 118 86 0 0.730335 0.023830 0.682674
-4.078889 -1.170877 -8.306033 100 138 53 0 0.158815 0.917755 0.364010
-4.270732 -1.048139 -8.445273 119 151 70 0 0.356203 0.885248 0.299091
-4.146963 -1.024416 -8.535007 114 147 60 0 0.133021 0.742825 0.656137
-4.234633 -1.198725 -8.191546 95 124 54 0 0.030985 0.960546 0.276389
-4.039696 -1.117244 -8.460745 121 152 76 0 0.403912 0.760402 0.508570
-3.912832 -1.203882 -8.350384 100 138 50 0 0.571402 0.746221 0.341546
-4.306832 -1.241013 -8.090468 109 147 78 0 0.420610 0.683284 0.596834
-4.137680 -1.040919 -8.520568 113 142 61 0 0.032297 0.770919 0.636114
-4.162434 -1.089395 -8.431866 115 147 64 0 0.221266 0.828604 0.514253
-4.018036 -1.261641 -8.165761 112 147 67 0 0.358305 0.692069 0.626625
-4.029382 -1.131683 -8.433928 193 153 126 0 0.268426 0.830102 0.488752
-4.295486 -1.046076 -8.405048 127 165 79 0 0.612396 0.753357 0.239633
-3.942743 -1.123432 -8.490656 108 117 59 0 0.294167 0.952479 0.079049
-4.211942 -1.005851 -8.556666 118 124 78 0 0.315554 0.707165 0.632727
-4.159340 -1.002757 -8.566980 99 116 45 0 0.183394 0.983039 0.001139
-3.892204 -1.219353 -8.299845 92 132 38 0 0.354922 0.930834 0.087056
-4.349120 -1.221416 -8.027552 134 125 90 0 0.730063 -0.538895 0.420239
-4.177906 -1.089395 -8.420520 111 143 56 0 0.277868 0.852026 0.443668
-3.957183 -1.178097 -8.358635 104 142 46 0 0.151242 0.908864 0.388705
-3.870544 -1.202851 -8.256525 127 151 84 0 0.001365 -0.806665 0.591008
-3.911800 -1.215228 -8.258588 71 111 18 0 -0.214828 0.960793 0.175289
-4.237728 -1.050202 -8.477248 112 142 55 0 0.285018 0.902312 0.323415
-4.009785 -1.226573 -8.222488 106 144 64 0 0.022634 0.896054 0.443367
-4.118083 -1.267830 -8.111095 112 146 67 0 0.109788 0.797791 0.592854
-4.232570 -1.138903 -8.301908 111 146 63 0 0.135257 0.789247 0.598995
-3.921083 -1.191505 -8.367918 119 161 75 0 0.406807 0.866940 0.287964
-4.266607 -1.177065 -8.224551 105 144 63 0 0.182116 0.829305 0.528287
-4.365623 -1.126526 -8.237960 89 94 45 0 -0.062799 0.858253 0.509370
-4.277952 -1.150249 -8.257556 119 147 72 0 0.268379 0.798859 0.538328
-4.226382 -1.236887 -8.119347 91 126 44 0 -0.015195 0.805345 0.592612
-4.013911 -1.178097 -8.324599 109 138 57 0 0.212562 0.909534 0.357162
-4.091267 -1.230699 -8.183295 107 142 59 0 0.357731 0.833656 0.420768
-3.965434 -1.147154 -8.441148 106 140 57 0 0.196853 0.942969 0.268436
-4.239790 -1.255453 -8.092531 96 138 53 0 -0.071389 0.948827 0.307622
-3.978842 -1.155406 -8.414331 101 141 50 0 0.157508 0.938202 0.308169
-4.142837 -1.158500 -8.302939 123 132 73 0 0.180467 0.878860 0.441631
-4.069607 -1.160563 -8.334912 107 144 51 0 0.204391 0.837246 0.507192
-3.892204 -1.221416 -8.338007 114 155 67 0 0.489866 0.862685 0.125718
-4.144900 -1.277112 -8.081184 151 168 123 0 -0.190701 0.934020 0.302060
-4.191314 -1.115181 -8.359667 129 150 76 0 0.318509 0.809742 0.492818
-4.303738 -1.262673 -8.046117 129 160 92 0 0.706984 0.605283 0.365795
-4.113958 -1.140966 -8.354509 113 137 60 0 0.214334 0.924050 0.316533
-4.091267 -1.115181 -8.425677 117 142 67 0 0.355364 0.826024 0.437493
-4.300643 -1.113118 -8.287467 126 150 76 0 0.031764 0.841068 0.539996
-3.947900 -1.202851 -8.299845 91 135 40 0 0.188352 0.921935 0.338468
-4.093329 -1.095584 -8.456619 121 154 65 0 0.324145 0.753113 0.572495
-3.988125 -1.178097 -8.341102 103 141 50 0 0.324396 0.915519 0.237891
-4.120146 -1.208008 -8.207018 107 143 70 0 0.253931 0.838741 0.481699
-4.158309 -1.243076 -8.128631 116 150 68 0 0.135606 0.850086 0.508885
-4.014942 -1.149217 -8.404017 108 144 57 0 0.142215 0.929229 0.341040
-4.311989 -1.206977 -8.154415 108 134 71 0 0.292664 0.904464 0.310312
-4.108800 -1.197694 -8.229709 100 136 57 0 0.189053 0.901972 0.388209
-4.123240 -1.092490 -8.446305 117 147 61 0 0.238601 0.871870 0.427682
-4.189250 -1.140966 -8.317378 108 144 62 0 0.262234 0.820840 0.507400
-4.028350 -1.190474 -8.288500 100 139 53 0 0.188677 0.932202 0.308870
-4.108800 -1.189443 -8.251369 95 132 49 0 0.276805 0.861002 0.426678
-3.947900 -1.217291 -8.255494 89 132 37 0 0.109465 0.972602 0.205090
-4.302706 -1.134777 -8.265808 134 167 88 0 0.293908 0.815712 0.498229
-4.264544 -1.101772 -8.332850 128 151 80 0 0.489052 0.616777 0.616777
-4.066513 -1.093521 -8.478279 122 152 76 0 0.339395 0.735627 0.586228
-4.315084 -1.038856 -8.392673 152 163 98 0 -0.594263 0.624566 0.506723
-4.005660 -1.196662 -8.283342 108 141 61 0 0.071283 0.918606 0.388693
-4.020099 -1.278144 -8.141006 121 162 86 0 0.198034 0.829927 0.521539
-4.174811 -1.159531 -8.290562 119 145 68 0 0.262671 0.863929 0.429687
-4.274858 -1.237919 -8.116253 102 135 60 0 0.426793 0.855127 0.294287
-3.920052 -1.225542 -8.226615 86 125 38 0 -0.062745 0.953979 0.293236
-4.089204 -1.205945 -8.224551 106 141 55 0 0.246514 0.840599 0.482311
-3.963371 -1.209039 -8.275091 96 136 44 0 0.149912 0.946742 0.284968
-3.937586 -1.233793 -8.217331 97 139 46 0 -0.054297 0.856228 0.513737
-4.017005 -1.216259 -8.242085 112 148 69 0 0.381814 0.771752 0.508544
-4.220193 -1.227605 -8.138944 94 134 55 0 -0.164924 0.877161 0.450986
-4.008754 -1.136840 -8.442180 118 145 70 0 0.381183 0.827214 0.412816
-4.169654 -1.015134 -8.544290 110 144 57 0 -0.174911 0.768089 0.615992
-4.090235 -1.183254 -8.268903 95 133 47 0 0.300449 0.835963 0.459235
-4.225350 -1.058453 -8.464870 113 147 56 0 0.276042 0.901935 0.332136
-4.034539 -1.059484 -8.514379 111 142 66 0 0.094312 0.465932 0.879780
-3.986063 -1.132715 -8.468996 111 119 61 0 0.140893 0.948677 0.283127
-4.139743 -1.015134 -8.546352 117 148 68 0 0.038261 0.741127 0.670274
-4.221225 -1.128589 -8.320473 112 145 58 0 0.255114 0.898059 0.358339
-4.216068 -1.162626 -8.264776 104 135 49 0 0.205869 0.895018 0.395677
-4.193377 -1.212133 -8.176074 92 124 43 0 0.427421 0.727771 0.536339
-4.090235 -1.276081 -8.113158 117 146 69 0 0.227427 0.837971 0.496066
-4.190282 -1.057422 -8.481374 113 148 55 0 0.055639 0.899724 0.432899
-4.324366 -1.191505 -8.156478 108 133 54 0 -0.223719 0.841609 0.491573
-4.060324 -1.044013 -8.522630 108 142 60 0 0.031764 0.539996 0.841068
-4.093329 -1.126526 -8.399892 116 151 64 0 0.310255 0.856674 0.412130
-4.102612 -1.015134 -8.546352 118 139 72 0 0.006942 0.681659 0.731638
-3.861261 -1.225542 -8.271997 101 109 76 0 0.987290 -0.007880 -0.158732
-4.175842 -1.099709 -8.398860 114 149 63 0 0.197375 0.871120 0.449658
-4.245979 -1.261641 -8.079123 100 143 60 0 0.001362 0.815569 0.578659
-4.317146 -1.066704 -8.330787 132 162 88 0 0.554918 0.625759 0.548171
-3.993282 -1.089395 -8.504065 99 108 69 0 0.743379 0.665734 0.064704
-3.946869 -1.193568 -8.326661 98 138 45 0 0.119938 0.896004 0.427542
-4.139743 -1.150249 -8.321505 111 144 63 0 0.214798 0.857691 0.467149
-4.367685 -1.112086 -8.259620 93 102 45 0 -0.844879 0.534955 0.001347
-4.064450 -1.195631 -8.254462 111 149 56 0 0.127505 0.928179 0.349609
-4.287235 -1.157469 -8.240023 114 150 72 0 0.518489 0.669506 0.531913
-4.215036 -1.023385 -8.535007 112 141 63 0 -0.143181 0.833995 0.532871
-4.125303 -1.190474 -8.236928 100 139 52 0 0.173707 0.942395 0.285864
-4.077858 -1.216259 -8.210113 115 149 58 0 0.141141 0.918118 0.370322
-4.027319 -1.158500 -8.364823 105 141 58 0 0.300682 0.890077 0.342568
-3.881890 -1.219353 -8.284373 90 132 40 0 0.443255 0.885075 -0.142014
-4.297549 -1.257516 -8.059525 116 154 77 0 0.513425 0.752913 0.411724
-3.919020 -1.155406 -8.433928 95 135 47 0 0.022820 0.884600 0.465791
-3.981937 -1.252359 -8.191546 108 147 67 0 0.182489 0.722288 0.667081
-4.175842 -1.146123 -8.311191 106 139 55 0 0.109459 0.877091 0.467687
-3.982968 -1.165720 -8.378232 107 143 50 0 0.263640 0.889225 0.373862
-4.238759 -1.061547 -8.438054 107 143 58 0 0.342700 0.897548 0.277424
-3.860230 -1.249264 -8.349353 134 166 95 0 0.770860 0.597145 0.221797
-4.311989 -1.165720 -8.216300 122 142 78 0 0.001333 0.867668 0.497143
-4.365623 -1.149217 -8.208049 141 161 95 0 0.404097 0.710881 0.575633
-3.948931 -1.213165 -8.270965 91 133 36 0 -0.148713 0.940027 0.306975
-4.064450 -1.071861 -8.500971 121 150 70 0 0.205851 0.642317 0.738278
-4.249073 -1.070830 -8.408142 116 152 63 0 0.340714 0.819299 0.461153
-4.088172 -1.146123 -8.354509 187 160 131 0 0.118992 0.902937 0.412971
-3.962340 -1.223479 -8.238991 93 132 40 0 0.031323 0.870237 0.491636
-4.234633 -1.102804 -8.350384 114 139 63 0 0.467946 0.739124 0.484482
-4.210910 -1.172940 -8.251369 108 142 62 0 0.144100 0.809633 0.568972
-4.002565 -1.235856 -8.211143 106 142 57 0 0.079784 0.872030 0.482906
-4.085078 -1.238950 -8.171949 109 143 67 0 0.262671 0.863929 0.429687
-4.108800 -1.095584 -8.450431 117 156 65 0 0.228289 0.854193 0.467160
-4.128397 -1.156437 -8.309127 141 138 79 0 0.135313 0.947191 0.290722
-4.313020 -1.257516 -8.057463 109 150 64 0 0.427682 0.871870 0.238601
-4.173780 -1.235856 -8.131724 116 156 67 0 0.117811 0.839221 0.530876
-4.180999 -1.072893 -8.454556 113 147 55 0 0.245436 0.910581 0.332572
-4.097455 -1.131683 -8.385451 121 153 70 0 0.308848 0.829342 0.465623
-4.333648 -1.132715 -8.243117 127 140 83 0 0.126746 0.729163 0.672500
-4.276921 -1.029573 -8.490656 99 117 54 0 0.492219 -0.643412 -0.586295
-4.204722 -1.060516 -8.465902 109 144 53 0 0.245173 0.828038 0.504225
-4.146963 -1.084238 -8.449399 114 147 61 0 0.188034 0.869101 0.457500
-3.990188 -1.216259 -8.246211 101 141 49 0 0.054297 0.856228 0.513737
-4.155214 -1.287427 -8.070871 80 86 60 0 0.263313 0.764711 0.588118
-3.937586 -1.176034 -8.381327 108 147 59 0 0.372816 0.874977 0.308905
-4.311989 -1.092490 -8.307064 133 164 88 0 0.558114 0.628932 0.541252
-4.080953 -1.079081 -8.489624 120 144 72 0 0.237224 0.736807 0.633120
-4.139743 -1.005851 -8.558729 125 132 71 0 -0.181324 0.784723 0.592732
-4.244947 -1.037825 -8.502002 119 149 73 0 -0.062295 0.929121 0.364491
-4.282078 -1.063610 -8.373075 119 152 68 0 0.513564 0.780810 0.355792
-4.084047 -1.261641 -8.137913 117 152 73 0 0.197631 0.792056 0.577572
-4.021131 -1.080113 -8.505095 108 145 66 0 -0.017103 0.427571 0.903820
-4.038664 -1.101772 -8.484468 136 148 90 0 0.284985 0.798273 0.530607
-4.281046 -1.175003 -8.221457 120 147 77 0 0.291821 0.763837 0.575668
-3.923146 -1.173971 -8.400924 108 147 57 0 0.357000 0.849628 0.388179
-4.044853 -1.218322 -8.224551 106 142 57 0 0.096206 0.837137 0.538467
-4.151089 -1.106929 -8.399892 107 140 51 0 0.285018 0.902312 0.323415
-4.201628 -1.196662 -8.199798 95 117 53 0 -0.071161 0.872073 0.484175
-4.157277 -1.170877 -8.262713 136 139 87 0 0.166809 0.854712 0.491570
-3.957183 -1.232762 -8.221457 96 135 41 0 0.071363 0.863348 0.499538
-3.958214 -1.128589 -8.475184 89 128 46 0 -0.087597 0.822839 0.561483
-4.069607 -1.168814 -8.317378 108 142 60 0 0.001296 0.908224 0.418483
-4.184093 -1.134777 -8.330787 112 147 63 0 0.143080 0.830457 0.538396
-4.203691 -1.153343 -8.289531 104 129 59 0 0.357064 0.817280 0.452281
-4.198534 -1.218322 -8.162666 98 132 47 0 0.055111 0.818186 0.572306
-4.341900 -1.154374 -8.214237 130 159 84 0 0.403912 0.760402 0.508570
-4.159340 -1.094552 -8.418457 110 142 55 0 0.340345 0.863954 0.371146
-4.119115 -1.254421 -8.130692 111 148 71 0 0.166709 0.815522 0.554195
-3.985031 -1.282270 -8.148227 77 97 58 0 0.658254 0.711924 0.244675
-4.234633 -1.085270 -8.384420 118 152 64 0 0.460199 0.813708 0.355101
-4.262481 -1.196662 -8.194640 101 137 59 0 0.490565 0.741628 0.457530
-3.871576 -1.185317 -8.399892 104 145 54 0 0.110892 0.649088 0.752587
-4.183062 -1.023385 -8.535007 110 144 62 0 -0.023693 0.781872 0.622989
-3.999470 -1.134777 -8.453525 114 146 71 0 0.308707 0.848558 0.429708
-4.126335 -1.216259 -8.187421 112 149 74 0 0.493440 0.634904 0.594486
-3.977811 -1.194600 -8.302939 98 137 44 0 0.181978 0.907027 0.379719
-4.197502 -1.095584 -8.390609 110 141 56 0 0.238469 0.823101 0.515400
-3.865387 -1.239982 -8.303969 125 155 82 0 0.815102 0.512750 -0.269623
-4.171717 -1.190474 -8.222488 86 118 46 0 0.276265 0.816308 0.507266
-4.232570 -1.266798 -8.072934 106 149 55 0 0.173228 0.854296 0.490073
-4.128397 -1.271955 -8.101813 116 155 79 0 0.166924 0.804546 0.569949
-4.323335 -1.042982 -8.342133 99 104 86 0 0.986508 -0.103281 -0.127023
-3.956151 -1.160563 -8.408142 118 148 70 0 0.220836 0.932576 0.285540
-3.892204 -1.212133 -8.251369 87 126 25 0 -0.141031 0.977234 0.158504
-4.054136 -1.292584 -8.115222 134 132 101 0 -0.294420 0.683761 0.667673
-4.162434 -1.198725 -8.205986 92 128 45 0 0.014508 0.900830 0.433929
-4.025257 -1.230699 -8.205986 111 150 71 0 -0.126611 0.743282 0.656888
-4.052073 -1.064641 -8.510253 114 146 71 0 0.189576 0.482150 0.855332
-4.320240 -1.219353 -8.126567 103 133 65 0 0.317350 0.885873 0.338406
-4.204722 -1.244107 -8.113158 74 73 45 0 0.094781 0.785956 0.610975
-4.038664 -1.210071 -8.237960 112 148 67 0 0.370577 0.854344 0.364375
-4.314052 -1.062579 -8.344195 139 175 94 0 0.386972 0.749453 0.537190
-3.985031 -1.206977 -8.268903 84 120 34 0 0.260629 0.927156 0.269174
-4.156246 -1.075987 -8.458682 115 144 57 0 0.031496 0.855857 0.516253
-4.282078 -1.255453 -8.081184 85 123 41 0 0.300961 0.936169 0.181686
-4.169654 -1.124463 -8.353478 121 140 66 0 0.291076 0.774611 0.561474
-3.873638 -1.175003 -8.414331 50 58 30 0 0.371359 0.869560 0.325512
-3.922115 -1.251327 -8.203923 40 51 25 0 -0.221970 0.466589 0.856168
-4.287235 -1.209039 -8.167824 106 146 76 0 0.324589 0.899660 0.291982
-4.256293 -1.256484 -8.087374 100 141 58 0 0.222329 0.875886 0.428244
-4.089204 -1.287427 -8.104907 141 166 115 0 -0.094327 0.386877 0.917294
-4.263513 -1.033699 -8.500971 108 127 63 0 0.848851 0.285005 -0.445223
-4.166560 -1.259579 -8.097687 119 159 90 0 0.040635 0.808492 0.587103
-4.291360 -1.096615 -8.318410 123 151 79 0 0.237880 0.788268 0.567491
-4.129429 -1.147154 -8.330787 117 149 67 0 0.294678 0.865711 0.404609
-4.103643 -1.113118 -8.419489 113 137 59 0 0.277294 0.806815 0.521688
-3.897361 -1.152312 -8.444242 44 51 30 0 0.079893 0.993597 0.079893
-3.954089 -1.208008 -8.285405 95 137 40 0 -0.088339 0.792156 0.603892
-4.370780 -1.214196 -8.102844 130 130 122 0 0.292820 0.355888 0.887468
-3.966466 -1.120338 -8.508189 103 88 40 0 0.609121 0.609121 -0.507882
-4.058261 -1.210071 -8.228677 107 142 53 0 0.323121 0.766811 0.554612
-3.917989 -1.149217 -8.446305 93 134 45 0 0.009122 0.908265 0.418297
-4.302706 -1.231730 -8.109034 114 139 78 0 0.570818 0.783506 0.245530
-4.248041 -1.212133 -8.169887 105 126 66 0 0.157459 0.926638 0.341393
-3.891172 -1.179128 -8.401954 107 146 57 0 0.268769 0.704526 0.656815
-4.083015 -1.139935 -8.376169 111 131 56 0 0.206215 0.952900 0.222388
-4.143868 -1.228636 -8.153384 119 146 74 0 0.342404 0.804251 0.485736
-3.896330 -1.213165 -8.269934 77 120 24 0 0.221066 0.959718 -0.173411
-4.178937 -1.278144 -8.074996 151 166 92 0 0.577728 0.434545 0.690943
-4.098486 -1.154374 -8.330787 131 139 86 0 0.500509 0.713350 0.490532
-4.230507 -1.159531 -8.259620 99 126 47 0 0.038235 0.749124 0.661325
-4.372842 -1.202851 -8.077060 64 68 46 0 0.945328 -0.325233 0.024044
-3.859199 -1.209039 -8.388545 143 166 110 0 0.680673 0.365759 0.634748
-3.989157 -1.188411 -8.315315 102 141 48 0 0.275737 0.892791 0.356222
-3.974717 -1.245139 -8.200829 111 152 55 0 0.014975 0.848133 0.529572
-4.275890 -1.112086 -8.310159 129 158 84 0 0.483827 0.713271 0.507104
-4.189250 -1.242044 -8.119347 113 150 61 0 0.085592 0.876970 0.472862
-3.863324 -1.217291 -8.378232 121 146 82 0 0.499955 0.570656 0.651457
-4.176874 -1.170877 -8.263745 102 134 56 0 0.086156 0.865796 0.492925
-4.106738 -1.158500 -8.318410 107 128 58 0 0.426628 0.688914 0.585992
-4.199565 -1.049170 -8.490656 113 148 60 0 0.270560 0.811680 0.517661
-4.034539 -1.262673 -8.156478 113 144 61 0 0.356656 0.878740 0.317196
-4.098486 -1.102804 -8.445273 123 159 68 0 0.261185 0.856870 0.444473
-4.131492 -1.286395 -8.089437 132 153 102 0 0.205802 0.389710 0.897648
-4.080953 -1.122401 -8.420520 119 139 67 0 0.285052 0.879286 0.381577
-4.268670 -1.042982 -8.473122 114 144 63 0 0.254009 0.939695 0.229025
-4.158309 -1.180160 -8.247243 96 124 55 0 0.271518 0.801998 0.532050
-4.015974 -1.253390 -8.178138 112 146 61 0 0.507165 0.738446 0.444389
-4.216068 -1.145092 -8.290562 103 127 49 0 0.278718 0.746964 0.603623
-4.154183 -1.270924 -8.091498 104 128 68 0 0.324815 0.728813 0.602766
-4.286203 -1.017196 -8.459714 90 93 79 0 0.864159 -0.355830 0.355830
-4.253198 -1.057422 -8.440117 107 144 56 0 0.199321 0.968315 0.150455
-4.217099 -1.187380 -8.224551 96 122 46 0 0.490652 0.831167 0.261578
-4.194408 -1.073924 -8.441148 114 147 64 0 0.190655 0.895058 0.403140
-4.198534 -1.006882 -8.555635 121 136 80 0 0.055821 0.682732 0.728534
-4.075796 -1.280207 -8.118316 118 149 76 0 0.365386 0.617715 0.696363
-3.973686 -1.141997 -8.450431 112 135 61 0 0.243515 0.908442 0.339754
-4.220193 -1.123432 -8.332850 120 154 68 0 0.134079 0.826572 0.546628
-4.236696 -1.206977 -8.177107 93 111 56 0 -0.070177 0.890287 0.449960
-4.339837 -1.167783 -8.179169 94 121 43 0 -0.364410 0.842992 0.395690
-4.316115 -1.212133 -8.137913 109 142 66 0 0.119722 0.775973 0.619300
-4.146963 -1.241013 -8.135850 117 152 71 0 0.357771 0.762488 0.539084
-3.909738 -1.161594 -8.422584 97 135 47 0 -0.046728 0.777384 0.627288
-4.228445 -1.020291 -8.537070 130 137 86 0 0.172861 0.720508 0.671556
-4.119115 -1.123432 -8.390609 120 151 64 0 0.286737 0.872347 0.395970
-4.098486 -1.029573 -8.535007 107 138 57 0 -0.006853 0.582520 0.812787
-3.972654 -1.211102 -8.263745 98 137 46 0 0.244382 0.893104 0.377681
-4.210910 -1.016165 -8.545321 116 141 69 0 0.006810 0.832241 0.554373
-4.370780 -1.196662 -8.130692 132 147 81 0 -0.038268 0.738435 0.673238
-4.359434 -1.096615 -8.263745 89 75 66 0 0.387452 -0.704008 0.595192
-3.991219 -1.242044 -8.203923 106 144 68 0 0.245489 0.888225 0.388319
-4.152120 -1.251327 -8.120378 112 146 68 0 0.326735 0.684356 0.651845
-4.000502 -1.143029 -8.433928 105 145 59 0 0.206542 0.931545 0.299275
-4.350151 -1.200788 -8.094593 79 83 60 0 -0.055497 -0.902841 -0.426379
-4.105706 -1.229668 -8.182263 117 152 76 0 -0.229189 0.870319 0.435909
-4.224319 -1.064641 -8.444242 98 136 44 0 0.365600 0.878351 0.307954
-3.978842 -1.178097 -8.350384 107 146 52 0 0.157970 0.924054 0.348093
-3.928303 -1.199756 -8.321505 98 137 46 0 0.377918 0.924241 0.054367
-4.217099 -1.275050 -8.067777 112 110 56 0 0.165187 0.774410 0.610739
-4.020099 -1.267830 -8.154415 118 150 65 0 0.236686 0.863827 0.444728
-4.137680 -1.262673 -8.110065 114 152 72 0 0.431157 0.614274 0.660886
-4.004628 -1.188411 -8.305002 98 137 50 0 -0.087814 0.963405 0.253260
-4.281046 -1.048139 -8.433928 117 147 66 0 0.364375 0.854344 0.370577
-4.077858 -1.024416 -8.547383 71 82 30 0 0.420768 0.833656 0.357731
-4.210910 -1.053296 -8.481374 110 147 57 0 0.166693 0.885650 0.433403
-4.072701 -1.098678 -8.467965 128 165 78 0 0.315996 0.768336 0.556602
-4.274858 -1.197694 -8.190516 103 135 56 0 0.401369 0.797903 0.449727
-4.212974 -1.084238 -8.410205 114 145 60 0 0.268379 0.798859 0.538328
-4.177906 -1.212133 -8.169887 97 135 50 0 -0.150371 0.865728 0.477392
-4.137680 -1.190474 -8.232802 93 132 45 0 0.166077 0.912716 0.373319
-4.190282 -1.125495 -8.343163 114 146 59 0 0.474764 0.768432 0.429082
-4.199565 -1.033699 -8.520568 113 143 59 0 -0.015013 0.842102 0.539109
-4.083015 -1.195631 -8.250337 99 138 51 0 0.190700 0.892359 0.409059
-4.305800 -1.023385 -8.397829 121 132 89 0 0.821621 -0.159552 0.547250
-4.045885 -1.176034 -8.312222 101 140 50 0 0.204122 0.868634 0.451452
-4.176874 -1.162626 -8.278185 97 100 55 0 0.189808 0.926547 0.324783
-3.985031 -1.116212 -8.504065 184 94 100 0 0.580705 -0.207945 0.787109
-4.318178 -1.045045 -8.367918 145 153 99 0 0.688240 0.645937 0.330290
-4.378000 -1.157469 -8.184326 112 127 58 0 0.941856 -0.191121 0.276369
-4.159340 -1.081144 -8.447336 113 142 58 0 0.238520 0.915050 0.325255
-4.051042 -1.155406 -8.357604 101 138 53 0 0.009014 0.920699 0.390170
-4.012879 -1.169846 -8.349353 114 153 58 0 0.189808 0.926547 0.324783
-3.949963 -1.272987 -8.169887 74 89 55 0 -0.183898 0.927914 0.324279
-4.254230 -1.161594 -8.251369 111 142 63 0 0.055566 0.773650 0.631173
-4.238759 -1.053296 -8.464870 108 137 48 0 0.306525 0.892662 0.330449
-4.328491 -1.239982 -8.085311 103 116 64 0 -0.125718 0.862685 0.489866
-4.024225 -1.152312 -8.386483 98 134 46 0 0.363144 0.907136 0.212678
-4.357371 -1.201819 -8.132755 119 157 81 0 0.365994 0.848795 0.381569
-3.969560 -1.262673 -8.183295 108 146 58 0 0.261831 0.693456 0.671240
-4.080953 -1.049170 -8.519535 115 134 65 0 -0.006918 0.640577 0.767863
-4.046916 -1.275050 -8.136881 122 160 68 0 0.150634 0.806860 0.571215
-4.313020 -1.176034 -8.200829 126 156 85 0 0.268379 0.798859 0.538328
-4.054136 -1.054327 -8.517473 107 133 62 0 0.046086 0.554433 0.830951
-4.359434 -1.245139 -8.067777 105 111 67 0 -0.109788 0.797791 0.592854
-4.356340 -1.221416 -8.101813 225 225 222 0 0.237856 0.855979 0.459047
-4.257324 -1.214196 -8.158541 106 126 74 0 -0.230423 0.911549 0.340563
-3.952026 -1.260610 -8.186389 112 149 63 0 -0.080345 0.911026 0.404446
-4.068575 -1.175003 -8.299845 101 140 56 0 0.222405 0.916883 0.331455
-4.245979 -1.196662 -8.196704 96 135 53 0 -0.086386 0.856776 0.508401
-4.097455 -1.057422 -8.511284 116 145 65 0 0.046959 0.732846 0.678772
-3.925209 -1.214196 -8.262713 87 130 32 0 0.062902 0.983890 0.167344
-4.272795 -1.243076 -8.104907 98 138 54 0 0.159539 0.865024 0.475690
-3.904581 -1.213165 -8.328724 108 151 58 0 0.490590 0.870489 -0.039630
-3.998439 -1.084238 -8.514379 94 98 44 0 0.920235 0.387538 -0.054602
-4.084047 -1.157469 -8.333881 102 135 58 0 0.159193 0.942911 0.292534
-4.258356 -1.031636 -8.512316 125 140 85 0 0.563495 0.563495 0.604108
-4.078889 -1.060516 -8.509221 120 149 71 0 0.104542 0.667006 0.737682
-3.984000 -1.159531 -8.395766 105 141 48 0 0.222589 0.941511 0.253005
-4.091267 -1.083207 -8.479311 123 158 79 0 0.236795 0.838714 0.490395
-4.354277 -1.190474 -8.150290 113 148 66 0 0.222935 0.890265 0.397150
-4.311989 -1.199756 -8.164729 114 148 69 0 0.451284 0.704402 0.547869
-4.296518 -1.053296 -8.375137 118 154 68 0 0.476988 0.762198 0.437649
-3.964403 -1.171908 -8.367918 105 143 46 0 0.109559 0.908368 0.403565
-4.356340 -1.120338 -8.246211 137 145 88 0 0.278014 0.586212 0.760963
-4.239790 -1.188411 -8.217331 99 131 56 0 0.141141 0.918118 0.370322
-4.149026 -1.163657 -8.289531 103 115 48 0 0.008618 0.954159 0.299175
-4.055167 -1.183254 -8.290562 102 143 54 0 0.126482 0.934332 0.333204
-3.867450 -1.231730 -8.294688 102 138 54 0 0.938156 0.271023 -0.215428
-4.165528 -1.049170 -8.504065 106 140 57 0 0.159809 0.816965 0.554102
-4.335712 -1.097647 -8.286437 136 158 90 0 0.374983 0.581306 0.722129
-3.870544 -1.224510 -8.283342 142 155 99 0 0.833928 0.476752 0.277976
-4.065481 -1.230699 -8.191546 113 149 65 0 0.213595 0.703148 0.678203
-4.059293 -1.263704 -8.146164 120 153 68 0 0.245169 0.854283 0.458359
-4.138711 -1.067736 -8.479311 92 98 43 0 0.207945 0.787109 0.580705
-4.261449 -1.267830 -8.063651 109 152 68 0 0.166681 0.888481 0.427573
-3.972654 -1.193568 -8.314284 100 143 50 0 0.102712 0.940416 0.324143
-3.997408 -1.162626 -8.380295 108 146 57 0 0.077817 0.940398 0.331052
-4.011848 -1.118275 -8.478279 124 125 76 0 0.286664 0.674220 0.680626
-4.066513 -1.083207 -8.489624 130 157 84 0 0.175680 0.753134 0.633977
-4.140774 -1.097647 -8.426708 107 137 52 0 0.299990 0.893999 0.332824
-4.172748 -1.107961 -8.383389 110 140 54 0 0.277868 0.852026 0.443668
-4.282078 -1.049170 -8.421551 116 150 68 0 0.530344 0.820734 0.212443
-3.916958 -1.139935 -8.465902 67 75 44 0 0.253153 0.895658 0.365665
-4.202659 -1.102804 -8.375137 110 140 57 0 0.340953 0.869967 0.356243
-4.296518 -1.158500 -8.228677 109 141 59 0 0.229436 0.763225 0.604025
-4.084047 -1.127558 -8.408142 118 153 70 0 0.490902 0.805461 0.332034
-4.128397 -1.180160 -8.262713 95 133 46 0 0.198204 0.916871 0.346500
-3.985031 -1.107961 -8.494781 116 104 63 0 0.644580 0.739959 0.192297
-4.330554 -1.070830 -8.321505 138 144 94 0 0.119116 0.807343 0.577934
-3.933460 -1.153343 -8.434959 97 137 48 0 0.056243 0.882055 0.467777
-4.226382 -1.203882 -8.183295 101 121 59 0 0.071161 0.872073 0.484175
-4.347057 -1.083207 -8.287467 112 120 69 0 0.732638 0.477951 0.484566
-4.261449 -1.205945 -8.181232 99 129 62 0 0.158460 0.954752 0.251671
-4.224319 -1.158500 -8.273028 106 141 54 0 0.166308 0.863920 0.475377
-3.906644 -1.209039 -8.341102 115 155 75 0 0.514253 0.828604 0.221266
-4.040727 -1.050202 -8.519535 118 146 75 0 0.230286 0.737854 0.634460
-3.933460 -1.228636 -8.227646 94 134 42 0 -0.111174 0.893616 0.434846
-4.092298 -1.171908 -8.298813 99 140 52 0 0.199512 0.895620 0.397568
-4.064450 -1.118275 -8.441148 124 159 74 0 0.323939 0.894190 0.309011
-4.096424 -1.198725 -8.232802 106 140 63 0 0.135606 0.850086 0.508885
-4.270732 -1.107961 -8.320473 134 163 91 0 0.364720 0.769965 0.523576
-4.274858 -1.118275 -8.298813 122 141 70 0 0.516492 0.715782 0.469991
-4.131492 -1.236887 -8.155447 106 138 59 0 0.054165 -0.198605 0.978582
-3.999470 -1.262673 -8.168856 119 156 66 0 0.157696 0.800496 0.578220
-4.208848 -1.110024 -8.354509 123 149 73 0 0.294179 0.771227 0.564506
-4.067544 -1.134777 -8.400924 109 136 62 0 0.260969 0.887294 0.380269
-3.921083 -1.203882 -8.312222 106 146 61 0 0.489866 0.862685 0.125718
-4.325397 -1.255453 -8.038898 112 138 62 0 0.118406 0.975916 0.183218
-4.300643 -1.152312 -8.242085 124 153 85 0 0.198558 0.771143 0.604908
-3.947900 -1.239982 -8.212174 98 137 43 0 -0.070962 0.713960 0.696582
-3.905612 -1.187380 -8.386483 118 160 76 0 0.358977 0.748816 0.557145
-4.365623 -1.219353 -8.056431 73 74 59 0 0.644229 -0.731582 -0.223062
-3.868481 -1.224510 -8.368949 127 156 79 0 0.333311 0.658493 0.674752
-4.011848 -1.146123 -8.415362 108 143 54 0 0.277131 0.907641 0.315255
-4.313020 -1.147154 -8.240023 127 154 85 0 0.690306 0.680829 0.244846
-4.290329 -1.112086 -8.299845 128 155 79 0 0.420239 0.666070 0.616239
-3.881890 -1.203882 -8.260651 116 143 72 0 -0.126951 -0.736314 0.664624
-4.008754 -1.102804 -8.492719 110 141 73 0 -0.031323 0.491636 0.870237
-3.966466 -1.133746 -8.467965 95 133 54 0 0.001296 0.908224 0.418483
-4.195439 -1.268861 -8.079123 98 89 71 0 -0.117811 0.530876 0.839221
-3.986063 -1.278144 -8.159572 145 172 98 0 0.762204 0.587895 0.270970
-4.138711 -1.276081 -8.092531 127 156 82 0 0.475656 0.610117 0.633647
-4.084047 -1.030605 -8.533976 113 144 65 0 0.001381 0.702951 0.711237
-4.170686 -1.204913 -8.190516 88 125 44 0 0.173228 0.854296 0.490073
-4.020099 -1.069798 -8.511284 113 144 75 0 0.023819 0.673945 0.738397
-4.339837 -1.235856 -8.085311 113 141 65 0 0.484807 0.809072 0.332212
-4.045885 -1.180160 -8.300876 97 135 46 0 0.301661 0.886973 0.349686
-4.015974 -1.123432 -8.459714 125 125 70 0 0.490449 0.846591 0.206743
-4.173780 -1.085270 -8.431866 113 148 62 0 0.188880 0.858142 0.477406
-3.909738 -1.209039 -8.317378 102 143 54 0 0.520370 0.853625 -0.023219
-4.267638 -1.093521 -8.342133 126 157 86 0 0.253884 0.902537 0.347807
-4.179968 -1.193568 -8.214237 88 123 47 0 0.315936 0.841978 0.437330
-4.112926 -1.215228 -8.199798 108 145 65 0 0.413561 0.815945 0.403981
-4.057230 -1.203882 -8.243117 103 144 57 0 0.228931 0.905518 0.357250
-4.348088 -1.258547 -8.027552 66 63 52 0 -0.087153 0.984953 -0.149235
-4.105706 -1.139935 -8.363792 112 135 58 0 0.190910 0.871673 0.451376
-3.874670 -1.233793 -8.331819 111 151 61 0 0.760742 0.648248 -0.032342
-3.953057 -1.253390 -8.196704 102 139 50 0 0.046849 0.759524 0.648790
-4.227413 -1.134777 -8.312222 101 130 52 0 0.371146 0.863954 0.340345
-3.967497 -1.150249 -8.429802 113 137 60 0 0.222739 0.850044 0.477297
-4.194408 -1.026479 -8.532944 110 147 61 0 -0.064507 0.769784 0.635036
-3.882921 -1.223479 -8.354509 127 168 85 0 0.395970 0.872347 0.286737
-4.253198 -1.121369 -8.310159 105 135 50 0 0.291306 0.830300 0.475125
-4.150057 -1.057422 -8.493751 126 154 77 0 0.235554 0.852553 0.466549
-4.024225 -1.137872 -8.424645 131 150 80 0 0.452587 0.824750 0.339046
-4.101581 -1.078050 -8.482405 127 156 78 0 0.117911 0.885040 0.450334
-4.139743 -1.048139 -8.510253 112 138 61 0 0.291076 0.774611 0.561474
-4.119115 -1.050202 -8.512316 125 155 70 0 0.149804 0.706653 0.691521
-4.361497 -1.228636 -8.089437 128 127 91 0 0.070662 0.751320 0.656144
-4.320240 -1.122401 -8.264776 131 155 88 0 0.381443 0.731782 0.564798
-4.229476 -1.193568 -8.204955 102 134 70 0 0.001230 0.951115 0.308835
-3.997408 -1.130652 -8.465902 130 137 81 0 0.262708 0.905535 0.333154
-4.227413 -1.071861 -8.425677 114 150 62 0 0.389589 0.818932 0.421392
-3.882921 -1.188411 -8.397829 104 144 59 0 0.213082 0.670352 0.710791
-4.209879 -1.215228 -8.164729 90 125 48 0 0.213237 0.906621 0.364099
-4.219162 -1.075987 -8.417426 116 149 62 0 0.181154 0.925428 0.332817
-4.250104 -1.153343 -8.262713 104 134 54 0 0.278240 0.803281 0.526613
-4.097455 -1.089395 -8.465902 117 157 66 0 0.317162 0.838994 0.442151
-4.230507 -1.259579 -8.086342 117 157 59 0 0.176032 0.816968 0.549159
-3.991219 -1.116212 -8.487562 122 108 78 0 0.127248 0.458952 0.879301
-4.257324 -1.051233 -8.449399 111 147 62 0 0.206743 0.846591 0.490449
-4.092298 -1.218322 -8.202891 109 147 66 0 0.001347 0.844879 0.534955
-4.193377 -1.045045 -8.504065 112 147 63 0 0.087757 0.887325 0.452717
-4.194408 -1.130652 -8.326661 102 133 52 0 0.032502 0.722107 0.691018
-4.269701 -1.138903 -8.279216 115 126 74 0 0.095068 0.753231 0.650850
-4.176874 -1.068767 -8.464870 113 145 55 0 0.144048 0.862835 0.484526
-4.308895 -1.253390 -8.067777 95 131 40 0 0.277866 0.830494 0.482773
-4.032476 -1.186348 -8.298813 96 135 50 0 0.244984 0.921197 0.302290
-4.137680 -1.246170 -8.130692 120 156 80 0 0.157137 0.812624 0.561204
-4.149026 -1.041950 -8.517473 113 146 61 0 0.055453 0.794828 0.604296
-4.048978 -1.102804 -8.477248 132 155 90 0 0.394833 0.672373 0.626116
-4.011848 -1.203882 -8.258588 100 136 50 0 0.174104 0.879299 0.443307
-4.302706 -1.033699 -8.434959 148 160 104 0 0.222088 0.973016 0.062577
-4.209879 -1.137872 -8.313252 113 148 62 0 0.380092 0.784446 0.490076
-3.993282 -1.182222 -8.327693 103 144 50 0 0.214662 0.880853 0.421921
-4.151089 -1.092490 -8.430834 116 145 64 0 0.350250 0.848384 0.396950
-4.301675 -1.122401 -8.280248 129 156 84 0 0.315554 0.632727 0.707165
-3.909738 -1.212133 -8.273028 75 115 27 0 -0.167272 0.980433 0.103782
-3.990188 -1.269893 -8.167824 112 148 60 0 0.531771 0.747752 0.397601
-4.302706 -1.078050 -8.329756 119 145 71 0 0.498208 0.665955 0.555242
-4.271764 -1.079081 -8.359667 122 151 69 0 0.468315 0.729777 0.498102
-4.235664 -1.027511 -8.528818 125 150 82 0 0.071849 0.849506 0.522664
-3.996377 -1.196662 -8.290562 98 140 54 0 0.460994 0.808734 0.365286
-4.129429 -1.060516 -8.497876 118 138 69 0 0.230014 0.810453 0.538758
-3.974717 -1.126526 -8.549446 96 100 51 0 -0.221654 -0.919507 -0.324616
-4.152120 -1.063610 -8.482405 116 147 63 0 0.111105 0.849884 0.515125
-3.925209 -1.199756 -8.332850 106 145 53 0 0.480529 0.854772 0.196104
-3.937586 -1.170877 -8.396797 110 150 57 0 0.235507 0.932156 0.274993
-4.047947 -1.167783 -8.329756 99 138 55 0 -0.016765 0.924655 0.380437
-3.904581 -1.215228 -8.249306 77 117 19 0 -0.094052 0.920070 0.380296
-4.378000 -1.188411 -8.159572 144 158 127 0 -0.133224 0.883861 0.448377
-4.120146 -1.195631 -8.227646 105 145 63 0 0.298676 0.804370 0.513596
-3.950994 -1.169846 -8.385451 118 146 66 0 0.315255 0.907641 0.277131
-3.991219 -1.150249 -8.419489 104 142 48 0 0.149651 0.918887 0.365037
-4.349120 -1.146123 -8.218363 132 162 83 0 0.482870 0.610738 0.627563
-4.304769 -1.169846 -8.208049 103 114 60 0 0.640264 0.719702 0.268498
-4.249073 -1.061547 -8.429802 117 156 72 0 0.515893 0.763262 0.388954
-4.059293 -1.116212 -8.451462 123 150 73 0 0.467767 0.759916 0.451354
-4.350151 -1.103835 -8.273028 132 120 94 0 -0.150417 0.811657 0.564436
-4.140774 -1.114149 -8.393703 110 139 55 0 0.493130 0.769804 0.405246
-3.904581 -1.204913 -8.358635 119 160 72 0 0.403107 0.735465 0.544606
-4.203691 -1.066704 -8.455588 107 144 57 0 0.198204 0.916871 0.346500
-3.883952 -1.217291 -8.273028 87 128 29 0 -0.826108 0.285780 0.485670
-4.034539 -1.241013 -8.188453 107 140 60 0 0.134192 0.872970 0.468951
-4.283109 -1.172940 -8.210113 93 113 38 0 0.104063 0.622911 0.775341
-3.851979 -1.228636 -8.377200 137 153 103 0 0.650830 0.556653 0.516292
