-0.96963900 0.03668600 -6.09801912 61 63 56 0.000000 -0.375114 0.001272 0.926978
-0.81324399 -0.14620700 -5.79039812 50 61 26 0.000000 -0.271059 0.001205 0.962562
-1.08596694 -0.26188800 -5.97522879 122 143 76 0.000000 -0.500299 0.001334 0.865851
-0.93086398 -0.11712500 -5.95842600 95 127 45 0.000000 0.317711 0.001236 -0.948187
-1.06011605 -0.12681900 -6.04567194 94 103 74 0.000000 0.452981 0.001313 -0.891519
-0.81324399 -0.03634200 -5.89961576 62 72 43 0.000000 0.534955 0.001347 -0.844879
-0.90824401 -0.21083300 -5.86277914 99 130 54 0.000000 0.719425 0.001381 -0.694569
-0.88691801 -0.01307700 -6.01723623 51 61 33 0.000000 0.630540 0.001374 -0.776155
-0.99742901 -0.27352101 -5.89767694 101 130 54 0.000000 0.630540 0.001374 -0.776155
-0.97739500 -0.06219300 -6.03920889 120 144 66 0.000000 -0.660161 0.001378 0.751123
-1.00647700 -0.18886000 -5.95519495 120 146 65 0.000000 -0.630540 0.001374 0.776155
-0.85525101 -0.12358800 -5.87893581 95 126 58 0.000000 0.493986 0.001331 -0.869469
-0.79320902 -0.06930200 -5.82529593 41 53 10 0.000000 0.273924 0.001207 0.961751
-0.87528503 -0.05702300 -5.94679403 123 149 70 0.000000 -0.740750 0.001379 0.671779
-0.86106700 -0.21600400 -5.80073786 45 52 24 0.000000 -0.648407 0.001377 0.761293
-1.06270099 -0.19467700 -6.00560284 99 130 51 0.000000 0.471891 0.001322 -0.881656
-0.99225903 -0.12617300 -5.99978685 97 130 43 0.000000 0.854638 0.001342 -0.519223
-1.05947006 -0.30841899 -5.91512585 89 112 45 0.000000 0.591008 0.001365 -0.806665
-0.93021703 -0.01953900 -6.07992411 111 143 44 0.000000 0.347682 0.001255 -0.937612
-0.93344897 -0.27287501 -5.83822107 60 65 36 0.000000 0.707106 0.001384 -0.707106
-0.94637400 -0.17916600 -5.92029715 99 126 54 0.000000 0.560008 0.001356 -0.828486
-0.92633998 -0.06090000 -5.99461699 119 145 67 0.000000 -0.813364 0.001362 0.581753
-1.02651095 -0.24702400 -5.95196295 102 133 57 0.000000 0.761293 0.001377 -0.648407
-0.85589701 -0.16753399 -5.83692789 101 131 56 0.000000 0.766300 0.001376 -0.642481
-0.95865297 -0.23022100 -5.88862896 97 125 52 0.000000 0.763803 0.001376 -0.645448
-0.89790398 -0.14103700 -5.91318798 98 126 55 0.000000 0.891519 0.001313 -0.452981
-0.84620303 -0.02018500 -5.97393703 69 76 57 0.000000 0.954848 0.001223 -0.297091
-0.98127198 -0.03505000 -6.08897209 92 103 76 0.000000 0.811146 0.001363 -0.584843
-0.81841397 -0.12100300 -5.83951283 96 125 51 0.000000 0.753685 0.001378 -0.657235
-1.02521801 -0.08351900 -6.04955006 103 134 43 0.000000 0.111142 0.001079 -0.993804
-1.04331398 -0.14620700 -6.00172615 122 149 74 0.000000 -0.462431 0.001317 0.886654
-0.84878802 -0.07576400 -5.89250708 124 150 67 0.000000 -0.748548 0.001379 0.663079
-0.97028601 -0.15719301 -5.95907307 99 131 50 0.000000 0.591008 0.001365 -0.806665
-0.97351700 -0.29226300 -5.85566998 119 144 86 0.000000 -0.645448 0.001376 0.763803
-0.92633998 -0.03828100 -6.03662395 99 131 50 0.000000 0.921899 0.001279 -0.387428
-0.87463897 -0.10032200 -5.92352819 95 125 57 0.000000 0.421606 0.001297 -0.906778
-0.99742901 -0.22052699 -5.92223501 135 158 77 0.000000 -0.688930 0.001381 0.724826
-0.89079499 -0.16430201 -5.86730289 120 145 62 0.000000 -0.702951 0.001381 0.711237
-0.90436703 -0.24056201 -5.82206392 134 154 83 0.000000 -0.547504 0.001352 0.836802
-0.78157699 -0.12035600 -5.81172419 47 59 26 0.000000 0.700167 0.001381 -0.713977
-0.95477498 -0.09903000 -5.99332380 99 131 49 0.000000 0.621510 0.001372 -0.783405
-1.07304204 -0.30389500 -5.96488905 110 128 77 0.000000 0.960928 0.001209 -0.276796
-1.08726001 -0.14620700 -6.01594400 74 81 65 0.000000 -0.575560 0.001361 0.817758
-0.81712103 -0.06025400 -5.86083984 126 152 65 0.000000 -0.761293 0.001377 0.648407
-1.01293898 -0.31358901 -5.89315414 56 63 43 0.000000 0.773712 0.001374 -0.633537
-0.84232497 -0.03440300 -5.93451500 119 148 86 0.000000 0.972780 0.001176 -0.231726
-0.89725798 -0.09062800 -5.95713377 112 142 66 0.000000 0.836802 0.001352 -0.547504
-0.88691801 -0.05120600 -5.98686218 90 122 46 0.000000 0.990471 0.001102 -0.137718
-0.83392400 -0.18627501 -5.79233599 82 95 49 0.000000 -0.544370 0.001351 0.838844
-1.05753100 -0.22440501 -5.97781420 118 145 64 0.000000 -0.743362 0.001379 0.668888
-1.09243000 -0.22182000 -5.99849510 61 67 47 0.000000 0.694569 0.001381 0.719425
-1.02715695 -0.17981300 -5.98944712 101 134 48 0.000000 0.560008 0.001356 -0.828486
-1.05236101 -0.27998400 -5.94162321 131 159 66 0.000000 -0.889912 0.001314 0.456129
-0.92246199 -0.18239801 -5.88475180 127 151 70 0.000000 -0.711237 0.001381 0.702951
-1.02521801 -0.11583300 -6.02951479 96 128 44 0.000000 0.512919 0.001339 -0.858436
-0.93732601 -0.23668399 -5.84920692 117 136 57 0.000000 -0.878249 0.001325 0.478202
-0.88497901 -0.20372400 -5.83369684 123 146 67 0.000000 -0.688930 0.001381 0.724826
-0.93409503 -0.14297600 -5.92417383 125 148 70 0.000000 -0.560008 0.001356 0.828486
-1.00324500 -0.05831500 -6.07087612 107 129 66 0.000000 0.707106 0.001384 -0.707106
-0.95477498 0.00049500 -6.09801912 117 142 54 0.000000 0.152643 0.001114 -0.988281
-1.00389099 -0.15267000 -5.97199821 138 162 86 0.000000 -0.531813 0.001346 0.846861
-0.97545600 -0.25865701 -5.87311888 134 156 75 0.000000 -0.686096 0.001380 0.727510
-1.09049106 -0.17916600 -6.03016090 77 83 59 0.000000 -0.665988 0.001379 0.745961
-0.98256499 -0.09773700 -6.01917505 97 130 44 0.000000 0.606331 0.001369 -0.795211
-1.02134097 -0.27804500 -5.92417383 102 131 57 0.000000 0.771254 0.001375 -0.636526
-0.95994502 -0.06671600 -6.00689602 131 154 70 0.000000 -0.654300 0.001377 0.756234
-0.83586299 -0.09773700 -5.85890102 122 148 65 0.000000 -0.753685 0.001378 0.657235
-1.02392602 -0.21600400 -5.96812010 97 128 50 0.000000 0.648407 0.001377 -0.761293
-0.96059197 -0.04151200 -6.06118202 100 132 49 0.000000 0.633537 0.001374 -0.773712
-0.98127198 -0.18239801 -5.93386793 120 146 67 0.000000 -0.683251 0.001380 0.730182
-0.83069301 -0.15784000 -5.81624794 109 139 69 0.000000 0.982547 0.001141 -0.186011
-1.05300701 -0.25801101 -5.96812010 92 125 46 0.000000 0.716707 0.001381 -0.697373
-0.90565902 -0.03892700 -6.01077414 99 130 54 0.000000 0.834745 0.001353 -0.550634
-0.91664600 -0.00984500 -6.04825687 110 123 83 0.000000 -0.971447 0.001180 0.237255
-0.84297198 -0.13715900 -5.85243893 102 131 57 0.000000 0.972780 0.001176 -0.231726
-0.96705401 -0.21083300 -5.92029715 90 122 47 0.000000 0.004907 0.000981 0.999987
-0.94895899 -0.19920100 -5.89056778 120 147 65 0.000000 -0.674661 0.001380 0.738126
-0.90372097 -0.11260100 -5.92481995 123 149 68 0.000000 -0.597153 0.001366 0.802126
-0.97222400 -0.11777100 -5.97587490 122 147 68 0.000000 -0.627537 0.001373 0.778585
-0.85783601 -0.07124000 -5.92740488 117 146 78 0.000000 0.879960 0.001323 -0.475046
-0.80678099 -0.09903000 -5.82335711 126 152 68 0.000000 -0.854638 0.001342 0.519223
-0.87722403 -0.01630800 -5.98944712 119 136 75 0.000000 -0.572458 0.001360 0.819933
-0.93474102 -0.22052699 -5.87376499 117 140 61 0.000000 0.761293 0.001377 -0.648407
-0.93086398 -0.09192100 -5.97781420 94 126 48 0.000000 0.430994 0.001302 -0.902354
-1.01617098 -0.24960899 -5.91900396 120 146 64 0.000000 -0.783405 0.001372 0.621510
-0.91793799 -0.15784000 -5.89897013 128 152 71 0.000000 -0.591008 0.001365 0.806665
-1.06334805 -0.16818000 -6.01659012 104 136 53 0.000000 0.072063 0.001044 -0.997400
-0.90565902 -0.06607000 -5.97135210 127 153 76 0.000000 -0.465583 0.001319 0.885003
-0.87657702 -0.13974400 -5.86988783 125 149 70 0.000000 -0.753685 0.001378 0.657235
-1.05106902 -0.10161500 -6.03727102 107 116 86 0.000000 0.226229 0.001172 0.974073
-0.94960499 -0.13780600 -5.95842600 106 136 51 0.000000 0.430994 0.001302 -0.902354
-0.98385698 -0.24056201 -5.89444590 124 149 67 0.000000 -0.630540 0.001374 0.776155
-0.94508100 -0.05702300 -6.02886915 99 130 50 0.000000 0.566240 0.001358 -0.824239
-0.95994502 -0.15848599 -5.93257618 119 144 66 0.000000 -0.707106 0.001384 0.707106
-1.01746297 -0.22182000 -5.94097710 123 148 65 0.000000 -0.630540 0.001374 0.776155
-0.97222400 -0.00338300 -6.07733917 76 84 56 0.000000 -0.106419 0.001075 0.994321
-0.83004600 -0.05443700 -5.88410616 124 151 68 0.000000 -0.688930 0.001381 0.724826
-1.02327895 -0.12552699 -6.00431108 123 148 71 0.000000 0.097074 0.001067 0.995277
-0.88691801 -0.11971000 -5.90090799 129 154 73 0.000000 -0.553762 0.001354 0.832674
-0.86042100 -0.18627501 -5.81818724 121 146 65 0.000000 -0.713977 0.001381 0.700167
-0.88562500 -0.19661599 -5.85954809 106 137 59 0.000000 0.627537 0.001373 -0.778585
-0.84361798 -0.10161500 -5.89703083 101 133 60 0.000000 0.840871 0.001350 -0.541234
-1.07174897 -0.31552801 -5.94097710 55 61 45 0.000000 0.949175 0.001234 -0.314746
-0.99936801 -0.07899500 -6.04567194 98 132 37 0.000000 0.680398 0.001380 -0.732842
-0.88627100 -0.07834900 -5.93580723 118 144 63 0.000000 -0.822094 0.001359 0.569351
-1.01552403 -0.15590100 -5.99526310 98 130 45 0.000000 0.711237 0.001381 -0.702951
-0.95994502 -0.29613999 -5.83369684 116 145 81 0.000000 -0.897798 0.001307 0.440405
-0.81841397 -0.13263500 -5.81624794 125 151 64 0.000000 -0.846861 0.001346 0.531813
-1.03168094 -0.29807901 -5.90220118 128 155 72 0.000000 -0.713977 0.001381 0.700167
-1.00776899 -0.10420000 -6.01465082 120 145 67 0.000000 -0.597153 0.001366 0.802126
-1.03943598 -0.20437101 -5.98492289 94 126 47 0.000000 0.578659 0.001362 -0.815569
-1.06399405 -0.13651299 -6.02240610 129 155 81 0.000000 0.288352 0.001217 0.957524
-0.88110101 -0.23022100 -5.80719995 127 147 82 0.000000 -0.694569 0.001381 0.719425
-1.07885802 -0.20631000 -6.02111387 109 129 70 0.000000 0.606331 0.001369 -0.795211
-0.95606798 -0.24766999 -5.86148596 124 148 66 0.000000 -0.707106 0.001384 0.707106
-0.81130499 -0.07641000 -5.84274483 124 152 64 0.000000 -0.924466 0.001275 0.381263
-0.86623698 -0.04539000 -5.96682692 105 136 64 0.000000 0.844879 0.001347 -0.534955
-0.93538702 -0.03440300 -6.05924320 108 143 47 0.000000 0.130369 0.001096 -0.991465
-0.92117000 -0.25154799 -5.83692789 168 135 84 0.000000 0.519223 0.001342 -0.854638
-0.95218998 -0.03440300 -6.03920889 131 155 80 0.000000 0.773712 0.001374 0.633537
-0.82552302 -0.07705700 -5.87634993 108 138 67 0.000000 0.936483 0.001257 -0.350710
-0.99613601 -0.16688700 -5.95390177 126 150 73 0.000000 -0.560008 0.001356 0.828486
-0.94572800 -0.07447200 -5.98880100 128 150 78 0.000000 -0.600218 0.001367 0.799835
-0.90565902 -0.22375900 -5.83951283 133 154 80 0.000000 -0.727510 0.001380 0.686096
-0.98450398 -0.04539000 -6.06182909 121 145 65 0.000000 -0.654300 0.001377 0.756234
-0.80548799 -0.04926700 -5.88087511 128 146 100 0.000000 0.822094 0.001359 -0.569351
-0.92052299 -0.09515200 -5.95454788 123 149 69 0.000000 -0.660161 0.001378 0.751123
-1.00841498 -0.29226300 -5.88410616 123 148 67 0.000000 -0.468736 0.001320 0.883337
-0.94120401 0.00049500 -6.07410812 43 53 25 0.000000 -0.165311 0.001125 0.986241
-0.98450398 -0.28127599 -5.87958193 96 126 54 0.000000 0.702951 0.001381 -0.711237
-0.84878802 -0.01824700 -5.95067120 118 131 62 0.000000 0.356781 0.001261 0.934187
-1.04912996 -0.31488201 -5.89509201 74 82 56 0.000000 -0.135260 0.001100 0.990809
-1.07045698 -0.23926900 -5.99009323 94 127 39 0.000000 0.587928 0.001364 -0.808912
-1.07433403 -0.28386101 -5.97652102 105 133 53 0.000000 0.609379 0.001369 -0.792878
-1.03943598 -0.29420099 -5.92869806 102 132 60 0.000000 0.944109 0.001244 -0.329630
-0.92117000 -0.12875800 -5.94097710 105 138 52 0.000000 0.478202 0.001325 -0.878249
-0.86300600 -0.16236401 -5.85825491 102 129 59 0.000000 0.873026 0.001329 -0.487672
-1.04395998 -0.17335001 -6.00366402 102 136 42 0.000000 0.916599 0.001286 -0.399807
-1.01875603 -0.05960800 -6.05407286 56 61 47 0.000000 -0.308835 0.001230 0.951115
-0.90630603 -0.02794100 -6.03080702 107 138 67 0.000000 0.938727 0.001253 -0.344659
-0.89790398 -0.14620700 -5.89121485 123 148 68 0.000000 -0.751123 0.001378 0.660161
-0.97674799 -0.09321300 -5.99784803 131 155 77 0.000000 -0.402911 0.001287 0.915238
-0.94831300 -0.10678500 -5.96812010 143 162 89 0.000000 -0.311788 0.001232 0.950151
-0.90630603 -0.18045899 -5.86924219 118 143 63 0.000000 -0.035367 0.001010 0.999374
-0.86494499 -0.09644500 -5.89250708 121 147 64 0.000000 -0.788169 0.001371 0.615457
-0.83456999 -0.03181800 -5.90478611 132 157 73 0.000000 -0.920595 0.001280 0.390517
-1.01940203 -0.19532301 -5.97522879 98 129 51 0.000000 0.639507 0.001375 -0.768784
-1.08790600 -0.25413299 -5.99590921 53 57 41 0.000000 0.633537 0.001374 -0.773712
-0.97674799 -0.13780600 -5.96747398 115 142 65 0.000000 -0.716707 0.001381 0.697373
-0.82293701 -0.16494900 -5.79686022 113 140 78 0.000000 0.926978 0.001272 -0.375114
-1.04008198 -0.26447299 -5.95131683 100 131 57 0.000000 0.575560 0.001361 -0.817758
-1.02457201 -0.09386000 -6.02886915 122 147 74 0.000000 -0.120688 0.001087 0.992690
-0.99936801 -0.21083300 -5.94679403 98 128 54 0.000000 0.541234 0.001350 -0.840871
-0.83586299 -0.05896100 -5.90478611 102 133 62 0.000000 0.578659 0.001362 -0.815569
-0.95348299 0.03022300 -6.08509398 90 98 66 0.000000 0.240031 0.001182 0.970765
-0.79967201 -0.12617300 -5.80138397 118 144 64 0.000000 -0.081042 0.001052 0.996710
-0.95865297 -0.27869099 -5.84791517 123 144 76 0.000000 -0.686096 0.001380 0.727510
-0.93732601 -0.16301000 -5.90930986 140 157 85 0.000000 -0.522373 0.001343 0.852716
-0.99872100 -0.23926900 -5.90995598 120 146 63 0.000000 -0.308835 0.001230 0.951115
-0.86106700 -0.08804300 -5.91254091 97 129 57 0.000000 0.826370 0.001357 -0.563126
-0.83973998 -0.01630800 -5.92352819 57 63 27 0.000000 -0.832674 0.001354 0.553762
-0.97610199 -0.02406300 -6.07152224 117 143 68 0.000000 -0.773712 0.001374 0.633537
-0.78997803 -0.09127500 -5.81301689 49 62 19 0.000000 -0.223492 0.001170 0.974705
-1.06851804 -0.27869099 -5.95519495 124 152 66 0.000000 -0.799835 0.001367 0.600218
-0.97674799 -0.07511800 -6.01659012 120 145 68 0.000000 -0.665988 0.001379 0.745961
-0.96253002 -0.01953900 -6.08703279 103 132 53 0.000000 0.500299 0.001334 -0.865851
-1.04008198 -0.13069700 -6.03016090 99 133 44 0.000000 0.291258 0.001219 -0.956644
-0.97416300 -0.11454000 -5.99655581 94 126 44 0.000000 0.756234 0.001377 -0.654300
-0.84878802 -0.14814600 -5.83305120 122 148 66 0.000000 -0.795211 0.001369 0.606331
-0.84232497 -0.17528901 -5.81560183 104 135 63 0.000000 0.840871 0.001350 -0.541234
-0.91470701 -0.02212400 -6.06506014 121 146 67 0.000000 0.778585 0.001373 -0.627537
-1.03878999 -0.23733000 -5.96553516 99 130 51 0.000000 0.484515 0.001327 -0.874782
-1.01164699 -0.28773901 -5.90866423 98 129 54 0.000000 0.748548 0.001379 -0.663079
-0.86946899 -0.18175200 -5.84339094 106 136 60 0.000000 0.597153 0.001366 -0.802126
-0.94572800 -0.01695400 -6.06312084 148 173 101 0.000000 -0.191268 0.001145 0.981537
-0.84555697 -0.05508400 -5.92223501 105 135 67 0.000000 0.824239 0.001358 -0.566240
-0.81582898 -0.09192100 -5.85502386 107 137 64 0.000000 0.896251 0.001308 -0.443546
-0.80355000 -0.05766900 -5.84209919 42 54 6 0.000000 -0.869469 0.001331 0.493986
-1.05817795 -0.29937199 -5.94097710 108 138 62 0.000000 0.973432 0.001174 -0.228974
-0.85912800 -0.12681900 -5.85890102 131 156 75 0.000000 -0.262509 0.001199 0.964929
-0.85395801 -0.04732900 -5.94485521 119 148 85 0.000000 0.970765 0.001182 -0.240031
-0.90501302 -0.10613900 -5.94679403 96 126 52 0.000000 0.874782 0.001327 -0.484515
-0.96705401 0.01406700 -6.08961821 108 119 86 0.000000 -0.127937 0.001093 0.991782
-0.89402699 -0.02729400 -5.99073887 130 154 76 0.000000 -0.894688 0.001310 0.446689
-0.87205398 -0.20954099 -5.81624794 129 153 75 0.000000 -0.702951 0.001381 0.711237
-0.99807501 -0.13263500 -5.98169184 121 147 70 0.000000 -0.633537 0.001374 0.773712
-0.92310798 -0.22569700 -5.85825491 125 141 70 0.000000 0.686096 0.001380 -0.727510
-0.96640801 -0.21018700 -5.90026188 122 147 66 0.000000 -0.663079 0.001379 0.748548
-0.95606798 0.02763800 -6.10965204 90 96 70 0.000000 0.651358 0.001377 -0.758770
-1.03943598 -0.27093601 -5.92869806 127 153 68 0.000000 -0.707106 0.001384 0.707106
-0.85137302 -0.10484600 -5.86924219 127 152 70 0.000000 -0.665988 0.001379 0.745961
-1.01358497 -0.16947199 -5.96747398 125 150 70 0.000000 -0.668888 0.001379 0.743362
-0.90759802 -0.00919900 -6.02434492 75 84 58 0.000000 -0.569351 0.001359 0.822094
-0.87011498 -0.03440300 -5.98556900 99 131 53 0.000000 0.768784 0.001375 -0.639507
-0.92375499 -0.05508400 -6.01335907 94 126 47 0.000000 0.668888 0.001379 -0.743362
-0.85331202 -0.19790800 -5.80267715 122 146 70 0.000000 -0.642481 0.001376 0.766300
-1.07433403 -0.21018700 -6.00172615 123 150 71 0.000000 -0.415362 0.001294 0.909655
-0.88627100 -0.07447200 -5.95971918 97 127 56 0.000000 0.771254 0.001375 -0.636526
-1.05171502 -0.18369000 -5.98880100 124 149 71 0.000000 -0.528668 0.001345 0.848828
-1.02457201 -0.23862299 -5.93386793 121 147 62 0.000000 -0.569351 0.001359 0.822094
-0.86042100 -0.14556099 -5.84856081 129 153 73 0.000000 -0.600218 0.001367 0.799835
-0.93732601 -0.14103700 -5.94356203 126 150 75 0.000000 0.707106 0.001384 -0.707106
-0.90501302 -0.04345100 -5.99073887 122 146 68 0.000000 -0.677534 0.001380 0.735490
-0.91406101 -0.13069700 -5.92288208 122 148 67 0.000000 -0.612421 0.001370 0.790530
-0.97739500 -0.20243201 -5.93451500 101 135 52 0.000000 0.988665 0.001112 -0.150135
-0.94508100 -0.26512000 -5.85179186 103 124 61 0.000000 0.597153 0.001366 -0.802126
-1.08144295 -0.17528901 -6.01335907 118 142 71 0.000000 0.468736 0.001320 0.883337
-1.05882394 -0.20566300 -5.98556900 130 156 73 0.000000 -0.657235 0.001378 0.753685
-0.91018301 -0.25865701 -5.81818724 109 116 76 0.000000 -0.329630 0.001244 0.944109
-0.97481000 -0.22569700 -5.91060305 104 131 57 0.000000 0.753685 0.001378 -0.657235
-0.93280202 -0.19661599 -5.87699699 181 190 121 0.000000 0.113516 0.001081 0.993536
-0.95671397 -0.07188700 -6.02563810 95 126 48 0.000000 0.965696 0.001197 -0.259673
-0.90178198 -0.02018500 -6.00754213 128 152 75 0.000000 -0.862174 0.001337 0.506611
-0.99549001 -0.09256700 -6.03210020 98 132 40 0.000000 0.471891 0.001322 -0.881656
-1.03168094 -0.16171700 -5.98621607 125 151 70 0.000000 -0.575560 0.001361 0.817758
-0.93732601 -0.07253300 -6.00560284 96 130 49 0.000000 0.390517 0.001280 -0.920595
-1.07110298 -0.26188800 -5.96359587 128 154 68 0.000000 -0.654300 0.001377 0.756234
-0.91664600 -0.07964200 -5.97910595 95 129 43 0.000000 0.999995 0.000979 0.002938
-0.96511602 -0.17335001 -5.94291592 103 131 53 0.000000 0.615457 0.001371 -0.788169
-0.98321098 -0.29807901 -5.87118101 44 52 25 0.000000 0.674661 0.001380 -0.738126
-0.99290502 -0.25671801 -5.90478611 94 125 52 0.000000 0.711237 0.001381 -0.702951
-0.96511602 -0.14168300 -5.94873190 119 143 67 0.000000 -0.651358 0.001377 0.758770
-1.03168094 -0.22505100 -5.95261002 125 151 68 0.000000 -0.753685 0.001378 0.657235
-0.95736003 -0.19273800 -5.91383410 94 126 51 0.000000 0.002938 0.000979 -0.999995
-0.95800698 -0.08481200 -6.01077414 99 130 52 0.000000 0.732842 0.001380 -0.680398
-0.96382302 -0.24573199 -5.87958193 97 127 54 0.000000 0.804402 0.001366 -0.594083
-1.09307599 -0.24508500 -5.97845984 86 93 72 0.000000 0.142660 0.001106 0.989771
-0.83650899 -0.11583300 -5.86277914 102 132 59 0.000000 0.938727 0.001253 -0.344659
-0.89854997 -0.16430201 -5.88733721 99 129 56 0.000000 0.903843 0.001300 -0.427862
-0.89790398 -0.09256700 -5.93580723 119 145 66 0.000000 -0.700167 0.001381 0.713977
-0.80419600 -0.04732900 -5.86213303 45 53 25 0.000000 -0.745961 0.001379 0.665988
-1.03426600 -0.14297600 -6.01723623 100 133 43 0.000000 0.688930 0.001381 -0.724826
-1.00065994 -0.30841899 -5.88087511 46 52 32 0.000000 0.987081 0.001120 0.160219
-0.93344897 -0.18045899 -5.90672493 149 165 96 0.000000 0.560008 0.001356 -0.828486
-0.99161202 -0.10161500 -6.00366402 125 151 72 0.000000 -0.591008 0.001365 0.806665
-0.88821000 -0.10613900 -5.91318798 125 149 69 0.000000 -0.778585 0.001373 0.627537
-0.83133900 -0.13328201 -5.83692789 103 134 56 0.000000 0.519223 0.001342 -0.854638
-0.87851602 -0.03117200 -6.00108004 105 139 52 0.000000 0.751123 0.001378 -0.660161
-0.84749502 -0.08804300 -5.87958193 123 148 65 0.000000 -0.766300 0.001376 0.642481
-0.86171299 -0.02600200 -5.96747398 126 151 71 0.000000 -0.572458 0.001360 0.819933
-0.79708701 -0.08610400 -5.83046579 116 145 76 0.000000 0.434129 0.001304 -0.900850
-1.00130606 -0.06025400 -6.05278111 120 143 71 0.000000 -0.648407 0.001377 0.761293
-1.06851804 -0.15331601 -6.02434492 98 129 46 0.000000 0.353743 0.001259 -0.935342
-0.92504698 -0.00596800 -6.06312084 53 64 39 0.000000 -0.799835 0.001367 0.600218
-0.86429799 -0.05120600 -5.93128300 123 150 68 0.000000 -0.697373 0.001381 0.716707
-0.92633998 -0.03763500 -6.01917505 123 147 71 0.000000 -0.522373 0.001343 0.852716
-0.87463897 -0.06671600 -5.92998981 119 146 62 0.000000 -0.534955 0.001347 0.844879
-1.00970805 -0.13198900 -5.99461699 117 143 67 0.000000 -0.519223 0.001342 0.854638
-0.87980902 -0.18045899 -5.86213303 97 126 57 0.000000 0.123096 0.001089 -0.992394
-0.97157800 -0.05443700 -6.05471897 99 133 44 0.000000 0.776155 0.001374 -0.630540
-1.04395998 -0.11454000 -6.04631805 103 123 69 0.000000 0.976541 0.001164 -0.215328
-0.94443500 -0.12552699 -5.94744015 128 149 74 0.000000 -0.781002 0.001373 0.624527
-1.03685105 -0.20178600 -5.96812010 125 150 70 0.000000 -0.563126 0.001357 0.826370
-0.96317703 -0.26835099 -5.86601019 98 127 55 0.000000 0.674661 0.001380 -0.738126
-0.94637400 -0.23345301 -5.86342478 120 144 63 0.000000 -0.700167 0.001381 0.713977
-0.98450398 -0.20954099 -5.92029715 119 145 64 0.000000 -0.738126 0.001380 0.674661
-1.04202104 -0.11324800 -6.02822304 130 155 74 0.000000 -0.639507 0.001375 0.768784
-0.91082901 -0.20178600 -5.87699699 99 128 51 0.000000 0.525521 0.001344 -0.850780
-0.94701999 -0.21923500 -5.89444590 97 126 52 0.000000 0.335625 0.001248 -0.941995
-1.00970805 -0.24702400 -5.93451500 98 129 55 0.000000 0.612421 0.001370 -0.790530
-0.90113503 -0.19403100 -5.85308504 123 146 67 0.000000 -0.326641 0.001242 0.945148
-0.98191798 -0.17593500 -5.95584106 96 126 45 0.000000 0.572458 0.001360 -0.819933
-1.05171502 -0.14749999 -6.01852798 96 126 40 0.000000 0.372047 0.001270 -0.928213
-1.02780294 -0.26382700 -5.93968391 100 131 56 0.000000 0.817758 0.001361 -0.575560
-1.05817795 -0.12035600 -6.03016090 113 126 81 0.000000 -0.127937 0.001093 0.991782
-1.04331398 -0.24637800 -5.95067120 124 151 64 0.000000 -0.627537 0.001373 0.778585
-0.93021703 -0.02470900 -6.04567194 120 145 71 0.000000 -0.776155 0.001374 0.630540
-1.00906205 -0.08287300 -6.03080702 124 150 75 0.000000 -0.251210 0.001191 0.967932
-1.00647700 -0.11389400 -6.00108004 131 156 72 0.000000 -0.902354 0.001302 0.430994
-0.90824401 -0.07834900 -5.95971918 127 153 72 0.000000 -0.578659 0.001362 0.815569
-0.79514802 -0.11001600 -5.81883287 98 126 51 0.000000 0.323658 0.001240 -0.946173
-0.96963900 -0.18433701 -5.92223501 116 141 63 0.000000 -0.771254 0.001375 0.636526
-1.07756603 -0.22699000 -6.00366402 102 132 47 0.000000 0.500299 0.001334 -0.865851
-0.89402699 -0.22246601 -5.82788086 122 146 68 0.000000 -0.792878 0.001369 0.609379
-0.96963900 -0.00661400 -6.09801912 97 110 73 0.000000 0.350710 0.001257 0.936483
-0.94185001 -0.00790600 -6.09220314 117 147 48 0.000000 0.251210 0.001191 -0.967932
-0.94831300 0.01212800 -6.08832502 65 77 40 0.000000 -0.522373 0.001343 0.852716
-1.02715695 -0.31746700 -5.90026188 75 89 43 0.000000 0.427862 0.001300 -0.903843
-1.02844906 -0.15848599 -6.00495720 100 132 44 0.000000 0.384343 0.001277 -0.923189
-0.83263099 -0.08610400 -5.88798285 107 139 65 0.000000 0.999686 0.001001 -0.025017
-0.87140697 -0.11130900 -5.89056778 121 147 64 0.000000 -0.860313 0.001338 0.509765
-0.89273399 -0.12229500 -5.91771078 90 120 50 0.000000 0.000978 0.000978 -0.999999
-1.02004802 -0.07382500 -6.06182909 68 77 52 0.000000 0.836802 0.001352 0.547504
-1.06464005 -0.25090200 -5.98039913 99 132 44 0.000000 0.362873 0.001264 -0.931838
-1.08532095 -0.19790800 -6.00883484 112 125 78 0.000000 -0.727510 0.001380 0.686096
-1.00970805 -0.26447299 -5.91965008 104 134 58 0.000000 0.624527 0.001373 -0.781002
-0.87528503 -0.07576400 -5.94744015 101 131 60 0.000000 0.923189 0.001277 -0.384343
-0.93344897 -0.19596900 -5.89379978 146 161 92 0.000000 0.753685 0.001378 -0.657235
-1.04848397 -0.23797600 -5.97845984 89 120 42 0.000000 0.406019 0.001289 -0.913864
-0.94443500 -0.16301000 -5.93322182 98 124 53 0.000000 0.865851 0.001334 -0.500299
-0.82293701 -0.05120600 -5.89897013 102 132 61 0.000000 0.668888 0.001379 -0.743362
-0.86817598 -0.04086600 -5.94873190 124 151 72 0.000000 -0.804402 0.001366 0.594083
-0.87916201 -0.15590100 -5.86019421 122 146 65 0.000000 -0.702951 0.001381 0.711237
-0.98902702 -0.15784000 -5.97458315 91 122 42 0.000000 0.512919 0.001339 -0.858436
-0.92375499 -0.11324800 -5.94356203 134 159 85 0.000000 -0.427862 0.001300 0.903843
-0.83392400 -0.08093400 -5.86342478 123 149 63 0.000000 -0.830587 0.001355 0.556887
-0.82875401 -0.14685300 -5.82917309 103 133 56 0.000000 0.475046 0.001323 -0.879960
-1.00259900 -0.18175200 -5.96876621 98 130 47 0.000000 0.735490 0.001380 -0.677534
-0.91341400 -0.15267000 -5.91318798 91 123 48 0.000000 -0.101730 0.001071 -0.994811
-1.01552403 -0.14685300 -5.98233795 125 149 75 0.000000 -0.443546 0.001308 0.896251
-0.87593102 -0.08545800 -5.91706514 121 147 64 0.000000 -0.740750 0.001379 0.671779
-1.08467400 -0.27804500 -5.98686218 74 80 61 0.000000 0.860313 0.001338 -0.509765
-0.83456999 -0.03440300 -5.92029715 119 147 81 0.000000 0.869469 0.001331 -0.493986
-0.98579597 -0.18886000 -5.94744015 94 127 47 0.000000 0.957524 0.001217 -0.288352
-1.07691896 -0.18886000 -6.01982117 99 127 53 0.000000 0.674661 0.001380 -0.738126
-0.85008103 -0.03181800 -5.95842600 117 147 83 0.000000 0.894688 0.001310 -0.446689
-0.95412898 -0.11130900 -5.98363113 99 129 52 0.000000 0.645448 0.001376 -0.763803
-0.97093201 -0.06283900 -6.02434492 129 154 71 0.000000 -0.630540 0.001374 0.776155
-1.08402801 -0.23151401 -5.98944712 138 163 87 0.000000 -0.204554 0.001156 0.978855
-0.94508100 -0.18433701 -5.89703083 118 140 63 0.000000 -0.553762 0.001354 0.832674
-1.05559301 -0.26512000 -5.95002508 126 153 67 0.000000 -0.657235 0.001378 0.753685
-1.00583005 -0.23216000 -5.94162321 100 131 57 0.000000 0.735490 0.001380 -0.677534
-0.86365199 -0.01889300 -5.99655581 76 87 58 0.000000 0.680398 0.001380 -0.732842
-0.89337999 -0.10743100 -5.93580723 108 142 57 0.000000 0.694569 0.001381 -0.719425
-0.81195098 -0.10743100 -5.83563614 103 135 56 0.000000 0.396706 0.001284 -0.917945
-0.87787002 -0.17011900 -5.84920692 128 151 71 0.000000 -0.797530 0.001368 0.603278
-0.81453598 -0.11841800 -5.82077217 129 155 68 0.000000 -0.735490 0.001380 0.677534
-0.91535300 -0.02535600 -6.04955006 108 140 59 0.000000 0.946173 0.001240 -0.323658
-0.81324399 -0.07770300 -5.86019421 118 148 78 0.000000 0.852716 0.001343 -0.522373
-1.04783702 -0.21988100 -5.98880100 92 124 43 0.000000 0.792878 0.001369 -0.609379
-0.95736003 -0.04797500 -6.02757597 125 149 70 0.000000 0.547504 0.001352 0.836802
-1.05817795 -0.28967801 -5.95777988 103 134 60 0.000000 0.854638 0.001342 -0.519223
-0.81906003 -0.06477800 -5.88281298 102 132 65 0.000000 0.953006 0.001227 -0.302950
-0.91470701 -0.05508400 -5.98686218 130 154 76 0.000000 -0.612421 0.001370 0.790530
-1.08338201 -0.22052699 -6.01852798 50 56 41 0.000000 0.434129 0.001304 -0.900850
-0.82746100 -0.14879200 -5.80461502 134 160 69 0.000000 -0.970765 0.001182 0.240031
-0.82358402 -0.11130900 -5.84985399 105 136 63 0.000000 0.665988 0.001379 -0.745961
-0.95154399 -0.11906400 -5.95907307 144 165 91 0.000000 -0.468736 0.001320 0.883337
-0.92181599 -0.20437101 -5.86407089 124 146 67 0.000000 -0.636526 0.001375 0.771254
-0.82035202 -0.17205800 -5.78393507 52 61 28 0.000000 -0.481358 0.001326 0.876523
-0.99549001 -0.20824800 -5.93257618 122 147 67 0.000000 -0.645448 0.001376 0.763803
-0.86429799 -0.01695400 -5.97910595 73 87 43 0.000000 -0.740750 0.001379 0.671779
-0.91987699 -0.22892900 -5.84403801 125 142 66 0.000000 0.025017 0.001001 0.999686
-1.02004802 -0.13909800 -6.00948095 99 132 45 0.000000 0.615457 0.001371 -0.788169
-0.89337999 -0.06283900 -5.97910595 98 130 49 0.000000 0.657235 0.001378 -0.753685
-0.84361798 -0.11647900 -5.88475180 101 131 61 0.000000 0.000978 0.000978 -0.999999
-0.90695202 -0.06994800 -5.98556900 96 129 46 0.000000 0.686096 0.001380 -0.727510
-0.94443500 -0.28127599 -5.83305120 114 87 82 0.000000 -0.954848 0.001223 -0.297091
-1.04719102 -0.21729600 -5.97005892 122 148 67 0.000000 -0.716707 0.001381 0.697373
-0.95089799 -0.08998200 -5.98233795 147 168 95 0.000000 -0.627537 0.001373 0.778585
-0.96511602 -0.04474300 -6.04567194 121 145 65 0.000000 -0.913864 0.001289 -0.406019
-0.88691801 -0.13134301 -5.89186096 123 149 67 0.000000 -0.730182 0.001380 0.683251
-0.99225903 -0.08093400 -6.02369881 128 152 75 0.000000 -0.560008 0.001356 0.828486
-0.87269998 -0.09386000 -5.90543318 124 148 66 0.000000 -0.763803 0.001376 0.645448
-0.88368601 -0.09644500 -5.93451500 96 126 57 0.000000 0.740750 0.001379 -0.671779
-0.97610199 -0.27933699 -5.86213303 122 146 68 0.000000 -0.665988 0.001379 0.745961
-1.02069402 -0.18498300 -5.96488905 119 145 64 0.000000 -0.581753 0.001362 0.813364
-1.05042195 -0.16042501 -6.00108004 128 154 72 0.000000 -0.471891 0.001322 0.881656
-0.95412898 -0.05573000 -6.01465082 141 164 87 0.000000 -0.285453 0.001215 0.958392
-1.03878999 -0.18886000 -5.99332380 97 128 48 0.000000 0.481358 0.001326 -0.876523
-0.98385698 -0.15331601 -5.95519495 117 142 66 0.000000 -0.587928 0.001364 0.808912
-1.07691896 -0.25090200 -5.97199821 124 150 72 0.000000 -0.248404 0.001189 0.968656
-0.92052299 -0.17981300 -5.89897013 108 136 57 0.000000 0.924466 0.001275 -0.381263
-0.97351700 -0.08222700 -6.02886915 95 128 43 0.000000 0.773712 0.001374 -0.633537
-0.85460401 -0.17205800 -5.82271099 129 153 72 0.000000 -0.648407 0.001377 0.761293
-1.00195301 -0.24637800 -5.92223501 96 127 54 0.000000 0.817758 0.001361 -0.575560
-0.90824401 -0.17464299 -5.89056778 99 130 53 0.000000 0.999633 0.001003 0.027071
-0.81712103 -0.04151200 -5.88475180 125 146 76 0.000000 -0.722131 0.001381 0.691755
-1.07304204 -0.26318100 -5.98169184 102 133 49 0.000000 0.642481 0.001376 -0.766300
-0.97804099 -0.10678500 -6.00818777 100 131 50 0.000000 0.657235 0.001378 -0.753685
-0.87528503 -0.06348500 -5.95971918 99 129 60 0.000000 0.867668 0.001333 -0.497143
-0.87269998 -0.11130900 -5.91448021 106 135 62 0.000000 -0.008867 0.000985 -0.999960
-0.89079499 -0.23603800 -5.82335711 105 132 56 0.000000 0.603278 0.001368 -0.797530
-0.95089799 -0.02987900 -6.05278111 126 150 77 0.000000 -0.251210 0.001191 0.967932
-1.02715695 -0.11518600 -6.01529694 123 148 72 0.000000 -0.566240 0.001358 0.824239
-0.93086398 -0.04926700 -6.02628422 94 126 47 0.000000 0.724826 0.001381 -0.688930
-0.93280202 -0.25607201 -5.82982016 143 111 75 0.000000 -0.860313 0.001338 0.509765
-1.08919799 -0.23539101 -6.00366402 75 86 56 0.000000 0.702951 0.001381 -0.711237
-1.07498002 -0.29420099 -5.95454788 125 153 66 0.000000 0.790530 0.001370 0.612421
-1.01552403 -0.07641000 -6.04179382 138 162 85 0.000000 0.606331 0.001369 0.795211
-0.99484402 -0.10937000 -6.01788187 95 127 42 0.000000 0.008867 0.000985 -0.999960
-1.04719102 -0.13198900 -6.01788187 122 147 71 0.000000 -0.773712 0.001374 0.633537
-0.86106700 -0.06477800 -5.91512585 126 153 69 0.000000 -0.606331 0.001369 0.795211
-0.96963900 -0.23345301 -5.89703083 92 123 50 0.000000 0.738126 0.001380 -0.674661
-0.89725798 -0.21600400 -5.84791517 117 142 70 0.000000 0.636526 0.001375 -0.771254
-0.99032003 -0.05896100 -6.06506014 97 130 42 0.000000 0.037461 0.001012 -0.999298
-0.94831300 -0.22957499 -5.87893581 97 123 54 0.000000 0.637877 0.001378 -0.770137
-0.96511602 -0.13134301 -5.95842600 124 150 70 0.000000 -0.838844 0.001351 0.544370
-1.00647700 -0.20243201 -5.95907307 98 130 50 0.000000 0.587928 0.001364 -0.808912
-0.91729200 -0.12035600 -5.95648718 97 127 49 0.000000 0.974705 0.001170 -0.223492
-0.96123803 -0.08028800 -5.99784803 128 152 73 0.000000 -0.743362 0.001379 0.668888
-1.07304204 -0.17981300 -6.00301790 122 148 72 0.000000 -0.587928 0.001364 0.808912
-0.84361798 -0.07124000 -5.90478611 105 135 62 0.000000 0.986665 0.001122 -0.162760
-0.85654300 -0.11324800 -5.88927603 105 138 62 0.000000 0.381263 0.001275 -0.924466
-0.94055802 -0.24960899 -5.84468412 122 139 63 0.000000 -0.761293 0.001377 0.648407
-1.03232706 -0.28321499 -5.91706514 120 145 63 0.000000 -0.719425 0.001381 0.694569
-0.95606798 -0.01501500 -6.07539988 148 173 103 0.000000 0.165311 0.001125 0.986241
-0.96123803 -0.09967600 -5.98039913 128 154 73 0.000000 -0.688930 0.001381 0.724826
-0.92957097 -0.16236401 -5.92094278 101 128 53 0.000000 0.471891 0.001322 -0.881656
-0.99290502 -0.07124000 -6.05536604 102 138 40 0.000000 0.591008 0.001365 -0.806665
-0.98385698 -0.23603800 -5.91318798 94 125 52 0.000000 0.840871 0.001350 -0.541234
-1.05042195 -0.29807901 -5.91771078 132 158 71 0.000000 -0.609379 0.001369 0.792878
-0.98902702 -0.14426801 -5.96618080 116 142 64 0.000000 -0.218041 0.001166 0.975939
-0.91664600 -0.13780600 -5.91124916 122 147 69 0.000000 -0.768784 0.001375 0.639507
-0.96253002 -0.17011900 -5.92546701 133 155 80 0.000000 -0.618487 0.001371 0.785794
-0.89984298 -0.05056000 -5.97910595 126 151 73 0.000000 -0.648407 0.001377 0.761293
-1.02844906 -0.10420000 -6.03727102 97 128 45 0.000000 0.212622 0.001162 -0.977134
-0.88562500 -0.08481200 -5.94937801 102 134 58 0.000000 0.819933 0.001360 -0.572458
-0.86365199 -0.13392800 -5.87505817 102 131 61 0.000000 0.724826 0.001381 -0.688930
-0.87722403 -0.04086600 -5.97393703 135 161 74 0.000000 0.989771 0.001106 0.142660
-0.89144099 -0.18433701 -5.85114622 123 145 63 0.000000 -0.556887 0.001355 0.830587
-0.90759802 -0.23733000 -5.84145212 132 152 79 0.000000 0.978855 0.001156 -0.204554
-0.86559099 -0.06542400 -5.94033098 100 131 65 0.000000 0.912475 0.001291 -0.409130
-1.04783702 -0.19920100 -5.99461699 101 133 52 0.000000 0.456129 0.001314 -0.889912
-1.05817795 -0.24443901 -5.97005892 128 155 68 0.000000 -0.738126 0.001380 0.674661
-1.03943598 -0.28450799 -5.93839216 103 133 62 0.000000 0.743362 0.001379 -0.668888
-0.97997999 -0.26641199 -5.88346004 101 129 54 0.000000 0.776155 0.001374 -0.630540
-0.99742901 -0.18175200 -5.94614697 118 144 63 0.000000 -0.797530 0.001368 0.603278
-0.94701999 -0.21600400 -5.87828922 123 147 65 0.000000 -0.633537 0.001374 0.773712
-0.93797201 -0.03763500 -6.02951479 121 146 69 0.000000 -0.850780 0.001344 0.525521
-0.84814203 -0.03505000 -5.92223501 120 148 61 0.000000 -0.778585 0.001373 0.627537
-0.98967397 -0.06800900 -6.03856277 131 155 77 0.000000 -0.528668 0.001345 0.848828
-0.90759802 -0.04991400 -6.00301790 101 133 51 0.000000 0.560008 0.001356 -0.828486
-0.89273399 -0.04345100 -5.99655581 104 136 53 0.000000 0.560008 0.001356 -0.828486
-1.00647700 -0.29484800 -5.89832401 94 123 46 0.000000 0.544370 0.001351 -0.838844
-0.80678099 -0.13457400 -5.78781223 114 132 70 0.000000 0.722131 0.001381 0.691755
-0.90178198 -0.08416600 -5.94614697 125 151 71 0.000000 -0.700167 0.001381 0.713977
-1.03362000 -0.22569700 -5.97005892 98 130 49 0.000000 0.639507 0.001375 -0.768784
-0.97416300 -0.03698800 -6.05988979 117 144 62 0.000000 -0.808912 0.001364 0.587928
-0.81195098 -0.08739700 -5.83499002 123 150 64 0.000000 -0.375114 0.001272 0.926978
-1.01810896 -0.26253501 -5.92998981 99 130 55 0.000000 0.761293 0.001377 -0.648407
-0.80742699 -0.05831500 -5.87118101 127 152 94 0.000000 0.989771 0.001106 -0.142660
-1.01487803 -0.21794200 -5.95842600 101 130 54 0.000000 0.707106 0.001384 -0.707106
-1.00453806 -0.09256700 -6.02046680 127 152 76 0.000000 -0.268202 0.001203 0.963362
-0.84878802 -0.16042501 -5.82594204 122 147 65 0.000000 -0.642481 0.001376 0.766300
-0.82293701 -0.03052600 -5.89250708 52 62 23 0.000000 -0.639507 0.001375 0.768784
-1.00583005 -0.21664999 -5.93322182 136 159 79 0.000000 -0.668888 0.001379 0.743362
-0.83909398 -0.09838300 -5.87893581 108 137 65 0.000000 0.937612 0.001255 -0.347682
-0.98062599 -0.12811200 -5.97587490 119 145 66 0.000000 -0.560008 0.001356 0.828486
-0.88562500 -0.06477800 -5.95002508 125 151 70 0.000000 -0.822094 0.001359 0.569351
-0.86429799 -0.11389400 -5.87764311 119 144 61 0.000000 -0.804402 0.001366 0.594083
-0.95025200 -0.16042501 -5.92158890 122 145 67 0.000000 -0.677534 0.001380 0.735490
-0.85912800 -0.08222700 -5.89767694 124 149 66 0.000000 -0.819933 0.001360 0.572458
-0.91858500 -0.11841800 -5.93257618 116 141 64 0.000000 -0.660161 0.001378 0.751123
-0.96511602 -0.09127500 -5.99073887 124 149 69 0.000000 -0.745961 0.001379 0.665988
-1.02844906 -0.20760199 -5.95907307 125 151 71 0.000000 -0.525521 0.001344 0.850780
-1.01617098 -0.18110500 -5.98233795 101 134 48 0.000000 0.240031 0.001182 -0.970765
-0.91535300 -0.24702400 -5.82529593 142 150 81 0.000000 -0.547504 0.001352 0.836802
-1.04460597 -0.26447299 -5.93903780 125 151 67 0.000000 -0.758770 0.001377 0.651358
-0.91793799 -0.21341801 -5.85437822 128 151 74 0.000000 -0.251210 0.001191 0.967932
-1.07691896 -0.16301000 -6.02175999 99 126 47 0.000000 0.297091 0.001223 -0.954848
-0.83780199 -0.01824700 -5.94356203 57 64 51 0.000000 0.996710 0.001052 -0.081042
-0.83973998 -0.18433701 -5.80655384 107 135 64 0.000000 0.525521 0.001344 -0.850780
-1.06270099 -0.21664999 -5.99138498 96 129 43 0.000000 0.700167 0.001381 -0.713977
-0.86688298 -0.09062800 -5.92740488 98 129 60 0.000000 0.665988 0.001379 -0.745961
-1.03878999 -0.17464299 -5.98686218 126 151 71 0.000000 -0.663079 0.001379 0.748548
-0.93215603 -0.13328201 -5.93257618 124 147 71 0.000000 -0.475046 0.001323 0.879960
-0.90242797 -0.13005000 -5.90801811 124 148 67 0.000000 -0.743362 0.001379 0.668888
-0.89467299 -0.15331601 -5.88087511 122 148 65 0.000000 -0.730182 0.001380 0.683251
-0.92957097 -0.09321300 -5.96359587 121 146 68 0.000000 -0.563126 0.001357 0.826370
-1.05623901 -0.13586700 -6.03727102 105 135 49 0.000000 0.776155 0.001374 -0.630540
-0.93474102 -0.21018700 -5.86601019 134 149 72 0.000000 -0.697373 0.001381 0.716707
-0.99484402 -0.14426801 -5.98621607 93 127 40 0.000000 0.393609 0.001282 -0.919277
-1.05817795 -0.30777299 -5.90090799 138 160 83 0.000000 0.763803 0.001376 0.645448
-0.89402699 -0.03505000 -6.00624990 99 132 49 0.000000 0.220763 0.001168 -0.975327
-1.06011605 -0.16882600 -6.00237179 123 150 72 0.000000 -0.587928 0.001364 0.808912
-0.92892498 -0.10484600 -5.95390177 120 145 69 0.000000 -0.597153 0.001366 0.802126
-0.96705401 -0.05249900 -6.03468513 125 150 68 0.000000 -0.449834 0.001311 0.893111
-1.02586401 -0.17011900 -5.97845984 127 153 74 0.000000 -0.556887 0.001355 0.830587
-1.02134097 -0.30583400 -5.88733721 123 146 71 0.000000 -0.572458 0.001360 0.819933
-0.92698598 -0.24379300 -5.84533024 134 134 66 0.000000 0.758770 0.001377 -0.651358
-0.82940000 -0.17528901 -5.80073786 103 130 65 0.000000 0.813364 0.001362 -0.581753
-1.01487803 -0.27933699 -5.89961576 122 149 64 0.000000 -0.761293 0.001377 0.648407
-0.86365199 -0.20113900 -5.81172419 128 154 73 0.000000 -0.751123 0.001378 0.660161
-1.00001395 -0.19855399 -5.94356203 119 143 64 0.000000 -0.645448 0.001376 0.763803
-0.88304001 -0.05379100 -5.95713377 128 153 73 0.000000 -0.790530 0.001370 0.612421
-1.07950401 -0.24250001 -5.98104477 128 151 75 0.000000 -0.326641 0.001242 0.945148
-0.84878802 -0.12552699 -5.85179186 124 149 67 0.000000 -0.730182 0.001380 0.683251
-0.87205398 -0.14556099 -5.85890102 129 153 70 0.000000 -0.824239 0.001358 0.566240
-0.95994502 -0.15784000 -5.95196295 99 128 50 0.000000 0.437266 0.001305 -0.899331
-0.95606798 -0.20954099 -5.89121485 119 144 64 0.000000 -0.624527 0.001373 0.781002
-1.03685105 -0.25219399 -5.94162321 128 154 67 0.000000 -0.860313 0.001338 0.509765
-0.87980902 -0.21471100 -5.82464886 107 139 60 0.000000 0.581753 0.001362 -0.813364
-1.06464005 -0.18369000 -6.01141977 93 125 47 0.000000 0.544370 0.001351 -0.838844
-0.89531898 -0.17399600 -5.87376499 102 133 57 0.000000 0.852716 0.001343 -0.522373
-0.97157800 -0.19855399 -5.92417383 96 129 50 0.000000 0.830587 0.001355 -0.556887
-1.02263296 -0.26253501 -5.91835785 124 149 65 0.000000 -0.724826 0.001381 0.688930
-0.96253002 -0.12358800 -5.98104477 93 125 49 0.000000 0.657235 0.001378 -0.753685
-0.83521599 -0.06542400 -5.88152122 126 151 68 0.000000 -0.815569 0.001362 0.578659
-0.80548799 -0.06994800 -5.85437822 120 148 83 0.000000 0.883337 0.001320 -0.468736
-0.87657702 -0.03957300 -5.95777988 128 154 76 0.000000 -0.753685 0.001378 0.657235
-1.02069402 -0.13715900 -5.99203205 130 154 79 0.000000 -0.471891 0.001322 0.881656
-0.94831300 -0.06283900 -6.00495720 125 149 75 0.000000 -0.240031 0.001182 0.970765
-0.97481000 -0.24896300 -5.89315414 96 128 52 0.000000 0.603278 0.001368 -0.797530
-0.92375499 -0.03052600 -6.05730391 91 121 42 0.000000 0.978290 0.001158 -0.207235
-0.81453598 -0.14685300 -5.80267715 127 158 95 0.000000 0.991141 0.001098 -0.132811
-0.95412898 -0.17076500 -5.93451500 112 139 66 0.000000 0.697373 0.001381 -0.716707
-0.88497901 -0.02341700 -6.00818777 99 129 50 0.000000 0.519223 0.001342 -0.854638
-0.99613601 -0.27804500 -5.88216686 119 145 65 0.000000 -0.578659 0.001362 0.815569
-0.93150997 -0.20824800 -5.88087511 145 161 91 0.000000 0.751123 0.001378 -0.660161
-0.82940000 -0.11454000 -5.83951283 129 154 71 0.000000 -0.773712 0.001374 0.633537
-0.82487601 -0.03892700 -5.90737104 105 133 64 0.000000 0.603278 0.001368 -0.797530
-1.03685105 -0.31488201 -5.89315414 130 157 84 0.000000 -0.204554 0.001156 0.978855
-0.85266602 -0.11712500 -5.86277914 131 156 75 0.000000 -0.406019 0.001289 0.913864
-0.83780199 -0.14362200 -5.83822107 100 131 55 0.000000 0.761293 0.001377 -0.648407
-1.01810896 -0.29678699 -5.90349388 97 128 50 0.000000 0.702951 0.001381 -0.711237
-0.83586299 -0.12229500 -5.85243893 109 139 65 0.000000 0.525521 0.001344 -0.850780
-0.88627100 -0.08868900 -5.92546701 119 145 62 0.000000 -0.716707 0.001381 0.697373
-0.98450398 -0.16688700 -5.96359587 114 144 64 0.000000 0.594083 0.001366 -0.804402
-1.01423204 -0.09903000 -6.03274584 100 132 41 0.000000 0.362873 0.001264 -0.931838
-1.01940203 -0.21212600 -5.94808578 132 157 78 0.000000 -0.594083 0.001366 0.804402
-1.06011605 -0.20501700 -5.99978685 109 139 58 0.000000 0.471891 0.001322 -0.881656
-0.87076098 -0.17011900 -5.86342478 119 146 78 0.000000 0.804402 0.001366 -0.594083
-0.89273399 -0.06348500 -5.95971918 127 153 74 0.000000 -0.732842 0.001380 0.680398
-0.93538702 -0.15008500 -5.93386793 108 132 57 0.000000 0.665988 0.001379 -0.745961
-0.87980902 -0.14943799 -5.87634993 100 132 57 0.000000 0.212622 0.001162 -0.977134
-0.93409503 -0.01436900 -6.06506014 140 162 96 0.000000 -0.430994 0.001302 0.902354
-0.88239402 -0.19209200 -5.83499002 133 155 75 0.000000 -0.665988 0.001379 0.745961
-0.97093201 -0.02794100 -6.08574009 102 131 56 0.000000 0.996891 0.001050 -0.078785
-0.86817598 -0.14814600 -5.87118101 101 131 61 0.000000 0.365926 0.001266 -0.930643
-1.02198696 -0.10613900 -6.02111387 117 143 69 0.000000 0.578659 0.001362 0.815569
-0.99549001 -0.19467700 -5.95390177 102 134 51 0.000000 0.603278 0.001368 -0.797530
-1.07304204 -0.22763599 -5.98686218 132 159 78 0.000000 -0.740750 0.001379 0.671779
-1.04395998 -0.25284100 -5.96230412 100 132 53 0.000000 0.815569 0.001362 -0.578659
-1.07950401 -0.29355499 -5.96553516 124 152 69 0.000000 -0.941995 0.001248 0.335625
-1.03620505 -0.08804300 -6.05019617 86 102 58 0.000000 0.356781 0.001261 -0.934187
-1.07368803 -0.21471100 -6.01271200 105 135 56 0.000000 0.948187 0.001236 -0.317711
-0.87657702 -0.20049299 -5.82594204 121 146 65 0.000000 -0.740750 0.001379 0.671779
-1.03943598 -0.21535701 -5.98039913 101 134 49 0.000000 0.639507 0.001375 -0.768784
-0.87528503 -0.05508400 -5.96812010 102 133 60 0.000000 0.606331 0.001369 -0.795211
-0.98773497 -0.22699000 -5.92417383 103 131 56 0.000000 0.702951 0.001381 -0.711237
-0.97804099 -0.24960899 -5.88022804 120 146 66 0.000000 -0.707106 0.001384 0.707106
-1.04072797 -0.30518800 -5.90478611 122 149 70 0.000000 -0.587928 0.001364 0.808912
-0.99936801 -0.26059601 -5.89573908 126 150 68 0.000000 -0.694569 0.001381 0.719425
-0.93344897 -0.02535600 -6.07023001 101 135 40 0.000000 0.584843 0.001363 -0.811146
-0.87140697 -0.02923300 -5.97328997 113 142 62 0.000000 -0.808912 0.001364 0.587928
-1.05300701 -0.16365600 -6.01206589 104 135 51 0.000000 0.387428 0.001279 -0.921899
-0.98321098 -0.07382500 -6.02628422 128 154 75 0.000000 -0.294171 0.001221 0.955752
-0.93086398 -0.00919900 -6.08832502 45 57 17 0.000000 0.081042 0.001052 -0.996710
-0.95283699 -0.04409700 -6.05278111 103 133 54 0.000000 0.732842 0.001380 -0.680398
-0.93926501 -0.03828100 -6.04890299 95 128 42 0.000000 0.639507 0.001375 -0.768784
-0.79579401 -0.12229500 -5.81172419 105 132 55 0.000000 0.288352 0.001217 -0.957524
-0.93861902 -0.10613900 -5.97458315 102 129 52 0.000000 0.790530 0.001370 -0.612421
-1.01875603 -0.20501700 -5.96876621 102 132 55 0.000000 0.648407 0.001377 -0.761293
-1.05882394 -0.27998400 -5.96424198 106 138 58 0.000000 0.668888 0.001379 -0.743362
-0.99872100 -0.23022100 -5.93257618 103 134 58 0.000000 0.680398 0.001380 -0.732842
-0.94314301 -0.20372400 -5.88152122 118 140 62 0.000000 -0.683251 0.001380 0.730182
-0.95218998 -0.23926900 -5.87376499 98 127 54 0.000000 0.600218 0.001367 -0.799835
-0.85460401 -0.15719301 -5.84209919 102 134 55 0.000000 0.978855 0.001156 0.204554
-1.00841498 -0.27675200 -5.91060305 100 131 55 0.000000 0.732842 0.001380 -0.680398
-1.06851804 -0.29097000 -5.96941280 112 140 66 0.000000 0.813364 0.001362 -0.581753
-1.05236101 -0.31488201 -5.90866423 72 79 50 0.000000 0.430994 0.001302 -0.902354
-0.92569298 -0.21729600 -5.86730289 140 157 85 0.000000 0.674661 0.001380 -0.738126
-1.01875603 -0.24573199 -5.94162321 100 131 57 0.000000 0.883337 0.001320 -0.468736
-1.04266703 -0.28838500 -5.91706514 134 160 67 0.000000 -0.350710 0.001257 0.936483
-0.85201901 -0.01953900 -5.96165800 55 63 24 0.000000 -0.952066 0.001228 0.305890
-0.92375499 -0.13715900 -5.92029715 126 151 73 0.000000 -0.547504 0.001352 0.836802
-1.04525197 -0.22699000 -5.97716808 102 134 50 0.000000 0.732842 0.001380 -0.680398
-0.97093201 -0.17335001 -5.93257618 126 150 72 0.000000 -0.663079 0.001379 0.748548
-1.06011605 -0.25477901 -5.95971918 127 154 65 0.000000 -0.806665 0.001365 0.591008
-1.02909601 -0.23539101 -5.95971918 96 127 50 0.000000 0.716707 0.001381 -0.697373
-0.78933197 -0.10226100 -5.80978489 73 86 37 0.000000 -0.314746 0.001234 0.949175
-0.92633998 -0.24508500 -5.82788086 189 178 113 0.000000 -0.035367 0.001010 0.999374
-0.93926501 -0.09709100 -5.98363113 111 142 59 0.000000 0.697373 0.001381 -0.716707
-1.07368803 -0.15008500 -6.01465082 127 152 82 0.000000 0.500299 0.001334 0.865851
-0.91470701 -0.17076500 -5.90284681 117 145 69 0.000000 0.999995 0.000979 0.002938
-0.86494499 -0.10484600 -5.90026188 95 126 57 0.000000 0.248404 0.001189 -0.968656
-0.93474102 -0.12423400 -5.94162321 132 156 79 0.000000 -0.446689 0.001310 0.894688
-0.96253002 -0.29743299 -5.84468412 115 145 81 0.000000 -0.976541 0.001164 0.215328
-1.00583005 -0.28192201 -5.88798285 123 149 66 0.000000 -0.633537 0.001374 0.773712
-0.90695202 -0.03375700 -6.02111387 98 129 53 0.000000 0.677534 0.001380 -0.735490
-0.88433301 -0.01113800 -5.99655581 94 105 64 0.000000 -0.645448 0.001376 0.763803
-0.83133900 -0.04474300 -5.89509201 126 151 73 0.000000 -0.668888 0.001379 0.743362
-0.94637400 -0.25284100 -5.85890102 114 136 66 0.000000 0.781002 0.001373 -0.624527
-0.84361798 -0.19079900 -5.79815197 131 154 82 0.000000 -0.478202 0.001325 0.878249
-1.03943598 -0.12100300 -6.02046680 124 150 70 0.000000 -0.738126 0.001380 0.674661
-0.94314301 -0.18498300 -5.91124916 95 122 51 0.000000 0.503455 0.001335 -0.864020
-0.87980902 -0.22117400 -5.81366301 124 148 72 0.000000 -0.716707 0.001381 0.697373
-0.85201901 -0.13974400 -5.84403801 129 154 74 0.000000 -0.612421 0.001370 0.790530
-0.89273399 -0.07641000 -5.94744015 127 151 72 0.000000 -0.697373 0.001381 0.716707
-0.99872100 -0.25219399 -5.91318798 96 128 54 0.000000 0.865851 0.001334 -0.500299
-0.95929903 0.00631100 -6.10642099 54 58 40 0.000000 0.353743 0.001259 -0.935342
-0.86882198 -0.19209200 -5.82271099 124 148 66 0.000000 -0.756234 0.001377 0.654300
-0.98708898 -0.26835099 -5.89186096 102 129 56 0.000000 0.771254 0.001375 -0.636526
-1.09501505 -0.22957499 -5.98944712 132 141 110 0.000000 0.663079 0.001379 0.748548
-0.87851602 -0.13457400 -5.87958193 124 149 67 0.000000 -0.830587 0.001355 0.556887
-0.88821000 -0.20631000 -5.84403801 103 131 57 0.000000 0.996710 0.001052 -0.081042
-0.93409503 -0.17399600 -5.89767694 128 145 71 0.000000 -0.713977 0.001381 0.700167
-0.95412898 -0.17011900 -5.91771078 132 154 78 0.000000 -0.630540 0.001374 0.776155
-0.96576202 -0.21923500 -5.89379978 122 145 66 0.000000 -0.651358 0.001377 0.758770
-0.90113503 -0.13134301 -5.91900396 104 139 54 0.000000 0.920595 0.001280 0.390517
-0.80031800 -0.07576400 -5.84145212 121 150 81 0.000000 0.792878 0.001369 -0.609379
-0.82099903 -0.16107100 -5.78522682 131 148 88 0.000000 -0.842882 0.001349 0.538096
-1.02004802 -0.08545800 -6.03727102 121 146 73 0.000000 -0.368984 0.001268 0.929435
-1.06011605 -0.19015300 -5.99203205 123 149 69 0.000000 -0.691755 0.001381 0.722131
-0.90759802 -0.17335001 -5.87958193 121 146 65 0.000000 -0.594083 0.001366 0.804402
-0.94120401 -0.01953900 -6.08121586 109 142 45 0.000000 0.234487 0.001178 -0.972119
-0.98514998 -0.05766900 -6.04567194 129 153 74 0.000000 -0.449834 0.001311 0.893111
-0.96317703 -0.03569600 -6.07023001 103 134 53 0.000000 0.572458 0.001360 -0.819933
-1.06916404 -0.30971199 -5.95002508 107 127 73 0.000000 0.795211 0.001369 -0.606331
-0.84361798 -0.01630800 -5.93386793 48 52 31 0.000000 -0.940919 0.001250 0.338631
-0.92052299 -0.24056201 -5.83628178 158 168 95 0.000000 0.212622 0.001162 0.977134
-1.01229298 -0.12617300 -6.00366402 121 147 71 0.000000 -0.226229 0.001172 0.974073
-1.05817795 -0.23409900 -5.98298407 96 128 45 0.000000 0.642481 0.001376 -0.766300
-1.08015096 -0.25736400 -5.98880100 104 131 51 0.000000 0.735490 0.001380 -0.677534
-0.94185001 -0.06413100 -6.02111387 102 135 49 0.000000 0.732842 0.001380 -0.680398
-0.80742699 -0.04151200 -5.89186096 84 92 63 0.000000 0.832674 0.001354 -0.553762
-0.84232497 -0.08804300 -5.86988783 122 149 64 0.000000 -0.874782 0.001327 0.484515
-1.03685105 -0.11906400 -6.03597784 98 128 44 0.000000 0.516071 0.001340 -0.856545
-0.97804099 -0.15784000 -5.96682692 95 124 46 0.000000 0.506611 0.001337 -0.862174
-0.90048897 -0.07834900 -5.96747398 96 127 48 0.000000 0.027071 0.001003 -0.999633
-0.90372097 -0.10161500 -5.93386793 121 147 69 0.000000 -0.584843 0.001363 0.811146
-0.90178198 -0.15590100 -5.89444590 101 132 55 0.000000 0.806665 0.001365 -0.591008
-0.96123803 0.00501900 -6.08767891 147 169 103 0.000000 -0.603278 0.001368 0.797530
-0.97933298 -0.04086600 -6.07992411 100 128 54 0.000000 0.923189 0.001277 -0.384343
-0.99161202 -0.19855399 -5.93580723 118 145 64 0.000000 -0.808912 0.001364 0.587928
-0.89596498 -0.05702300 -5.98880100 104 136 54 0.000000 0.633537 0.001374 -0.773712
-0.99872100 -0.16107100 -5.97845984 99 130 48 0.000000 0.575560 0.001361 -0.817758
-0.88756400 -0.06671600 -5.97070503 97 128 52 0.000000 0.792878 0.001369 -0.609379
-0.79191703 -0.09709100 -5.82206392 125 152 81 0.000000 0.761293 0.001377 -0.648407
-0.96963900 -0.09838300 -6.00431108 97 129 46 0.000000 0.960094 0.001211 -0.279674
-0.92310798 -0.15137701 -5.90607882 121 146 67 0.000000 -0.660161 0.001378 0.751123
-0.78933197 -0.12940399 -5.80009079 78 83 58 0.000000 0.688930 0.001381 0.724826
-0.93021703 -0.25413299 -5.84403801 115 119 66 0.000000 0.697373 0.001381 -0.716707
-0.93280202 -0.08739700 -5.98750782 94 125 48 0.000000 0.842882 0.001349 -0.538096
-1.00130606 -0.22182000 -5.94162321 109 136 62 0.000000 0.795211 0.001369 -0.606331
-0.87916201 -0.12423400 -5.88927603 123 148 69 0.000000 -0.788169 0.001371 0.615457
-0.81647497 -0.09127500 -5.84403801 125 150 65 0.000000 -0.840871 0.001350 0.541234
-0.84684902 -0.20372400 -5.79621410 52 58 28 0.000000 -0.440405 0.001307 0.897798
-0.99678302 -0.10161500 -6.02628422 99 134 40 0.000000 0.282560 0.001213 -0.959249
-0.87722403 -0.07447200 -5.92288208 122 148 70 0.000000 -0.869469 0.001331 0.493986
-0.92633998 -0.04732900 -6.00624990 123 148 70 0.000000 -0.677534 0.001380 0.735490
-0.98256499 -0.07059400 -6.04631805 103 137 42 0.000000 0.697373 0.001381 -0.716707
-0.88821000 -0.16236401 -5.87764311 100 130 59 0.000000 0.722131 0.001381 -0.691755
-0.81970602 -0.08351900 -5.86665678 103 134 64 0.000000 0.773712 0.001374 -0.633537
-0.99613601 -0.11066200 -5.99978685 126 152 72 0.000000 -0.645448 0.001376 0.763803
-0.86559099 -0.12035600 -5.88927603 103 133 59 0.000000 0.683251 0.001380 -0.730182
-1.07433403 -0.21858899 -5.99267817 123 148 68 0.000000 -0.665988 0.001379 0.745961
-1.07627296 -0.29484800 -5.97587490 110 125 84 0.000000 0.547504 0.001352 -0.836802
-1.02651095 -0.06607000 -6.05019617 70 79 57 0.000000 0.525521 0.001344 0.850780
-0.93086398 -0.23668399 -5.83822107 148 160 84 0.000000 -0.633537 0.001374 0.773712
-0.83521599 -0.10613900 -5.86730289 102 133 60 0.000000 0.916599 0.001286 -0.399807
-0.93215603 -0.14943799 -5.91577291 124 147 70 0.000000 -0.751123 0.001378 0.660161
-1.04977596 -0.25477901 -5.94873190 125 152 68 0.000000 -0.711237 0.001381 0.702951
-0.95283699 -0.07447200 -6.01594400 89 117 44 0.000000 0.960094 0.001211 -0.279674
-0.96770102 -0.28127599 -5.85308504 120 144 70 0.000000 -0.639507 0.001375 0.768784
-1.03426600 -0.23409900 -5.94744015 121 148 64 0.000000 -0.566240 0.001358 0.824239
-0.97351700 -0.08093400 -6.00818777 125 150 71 0.000000 -0.572458 0.001360 0.819933
-0.82810801 -0.14426801 -5.81430912 122 148 63 0.000000 -0.686096 0.001380 0.727510
-1.06981003 -0.24185400 -5.97652102 121 148 67 0.000000 -0.642481 0.001376 0.766300
-0.96446902 -0.14879200 -5.96230412 103 135 51 0.000000 0.412244 0.001292 -0.911072
-0.87140697 -0.22957499 -5.80267715 50 56 35 0.000000 -0.142660 0.001106 0.989771
-0.80031800 -0.09386000 -5.81624794 124 148 63 0.000000 -0.294171 0.001221 0.955752
-1.03232706 -0.27675200 -5.93645287 104 134 62 0.000000 0.773712 0.001374 -0.633537
-0.95154399 -0.00532100 -6.07539988 154 179 113 0.000000 -0.381263 0.001275 0.924466
-0.91923100 -0.10355400 -5.94356203 124 149 72 0.000000 -0.751123 0.001378 0.660161
-0.84038699 -0.16236401 -5.81624794 124 149 67 0.000000 -0.773712 0.001374 0.633537
-1.03232706 -0.26318100 -5.92675877 125 151 68 0.000000 -0.639507 0.001375 0.768784
-0.99613601 -0.12488000 -5.98880100 120 147 67 0.000000 -0.645448 0.001376 0.763803
-0.83780199 -0.02341700 -5.91577291 131 152 76 0.000000 -0.905318 0.001299 0.424733
-1.04719102 -0.29161599 -5.93645287 103 134 62 0.000000 0.538096 0.001349 -0.842882
-0.88045502 -0.05249900 -5.97845984 92 124 50 0.000000 0.965696 0.001197 -0.259673
-0.95542198 -0.19790800 -5.89897013 122 146 66 0.000000 -0.781002 0.001373 0.624527
-0.88756400 -0.09709100 -5.91900396 121 147 65 0.000000 -0.603278 0.001368 0.797530
-0.91470701 -0.07705700 -5.96812010 122 148 69 0.000000 -0.722131 0.001381 0.691755
-1.03168094 -0.13198900 -6.02369881 95 129 40 0.000000 0.449834 0.001311 -0.893111
-1.05106902 -0.28321499 -5.95325613 104 135 61 0.000000 0.668888 0.001379 -0.743362
-0.85783601 -0.05573000 -5.93839216 111 143 74 0.000000 0.713977 0.001381 -0.700167
-0.89337999 -0.11583300 -5.90930986 118 143 63 0.000000 -0.740750 0.001379 0.671779
-0.86688298 -0.15396200 -5.84920692 125 149 68 0.000000 -0.680398 0.001380 0.732842
-1.04783702 -0.17141099 -5.99397087 121 146 69 0.000000 -0.288352 0.001217 0.957524
-0.94572800 -0.14620700 -5.94744015 93 119 46 0.000000 0.727510 0.001380 -0.686096
-0.87011498 -0.07770300 -5.93839216 101 131 65 0.000000 0.935342 0.001259 -0.353743
-1.01681697 -0.11518600 -6.02305317 97 130 44 0.000000 0.813364 0.001362 -0.581753
-1.07368803 -0.27675200 -5.96424198 125 153 67 0.000000 -0.657235 0.001378 0.753685
-0.92310798 -0.02212400 -6.07152224 108 139 44 0.000000 0.606331 0.001369 -0.795211
-0.82035202 -0.09967600 -5.84920692 115 143 62 0.000000 -0.962562 0.001205 -0.271059
-0.86817598 -0.13651299 -5.86277914 134 158 77 0.000000 -0.783405 0.001372 0.621510
-1.00324500 -0.07511800 -6.05471897 103 137 39 0.000000 0.039563 0.001014 -0.999217
-1.05494595 -0.30260301 -5.92611313 103 132 54 0.000000 0.785794 0.001371 -0.618487
-1.00518405 -0.29937199 -5.87699699 124 147 75 0.000000 -0.612421 0.001370 0.790530
-0.82487601 -0.18045899 -5.78845882 51 58 34 0.000000 -0.481358 0.001326 0.876523
-1.08402801 -0.19467700 -6.02499199 81 91 66 0.000000 0.674661 0.001380 -0.738126
-0.99484402 -0.07511800 -6.03274584 121 146 70 0.000000 -0.406019 0.001289 0.913864
-1.00583005 -0.14426801 -5.97910595 127 151 77 0.000000 -0.406019 0.001289 0.913864
-1.03685105 -0.10678500 -6.04308701 99 128 54 0.000000 0.959249 0.001213 -0.282560
-0.83521599 -0.06865500 -5.89897013 102 133 59 0.000000 0.753685 0.001378 -0.657235
-0.81970602 -0.07382500 -5.84856081 120 148 59 0.000000 -0.998136 0.001034 0.061026
-0.93021703 -0.23345301 -5.85825491 115 131 60 0.000000 0.776155 0.001374 -0.630540
-0.91147602 -0.01049200 -6.03403902 98 109 75 0.000000 -0.954848 0.001223 0.297091
-0.95154399 -0.12617300 -5.96682692 96 125 45 0.000000 0.897798 0.001307 -0.440405
-1.03168094 -0.25865701 -5.94808578 99 131 54 0.000000 0.528668 0.001345 -0.848828
-1.07821202 -0.15267000 -6.02822304 65 74 48 0.000000 0.961751 0.001207 -0.273924
-0.92957097 -0.22957499 -5.84791517 187 190 121 0.000000 -0.624527 0.001373 0.781002
-0.91923100 -0.09579800 -5.96488905 105 140 48 0.000000 0.248404 0.001189 -0.968656
-1.00453806 -0.09321300 -6.03727102 97 130 40 0.000000 0.353743 0.001259 -0.935342
-0.82487601 -0.06607000 -5.86471796 125 151 65 0.000000 -0.819933 0.001360 0.572458
-0.88368601 -0.17270400 -5.86794901 99 129 58 0.000000 0.311788 0.001232 -0.950151
-0.90565902 -0.20307800 -5.85050011 123 146 68 0.000000 -0.702951 0.001381 0.711237
-0.84620303 -0.06477800 -5.91254091 109 141 67 0.000000 0.876523 0.001326 -0.481358
-0.93538702 -0.26447299 -5.84403801 103 120 58 0.000000 0.651358 0.001377 -0.758770
-0.84684902 -0.10678500 -5.88281298 107 137 70 0.000000 0.817758 0.001361 -0.575560
-0.91858500 -0.06994800 -5.97587490 128 154 76 0.000000 -0.081042 0.001052 0.996710
-0.90953702 -0.16365600 -5.89703083 99 128 50 0.000000 0.934187 0.001261 -0.356781
-1.03103399 -0.21212600 -5.97522879 99 130 50 0.000000 0.645448 0.001376 -0.763803
-0.94185001 -0.08028800 -6.00043297 98 131 50 0.000000 0.569351 0.001359 -0.822094
-0.91987699 -0.05056000 -5.99461699 120 145 67 0.000000 -0.730182 0.001380 0.683251
-0.99225903 -0.23022100 -5.91189480 123 148 66 0.000000 -0.722131 0.001381 0.691755
-0.96963900 -0.07382500 -6.03339291 97 130 43 0.000000 0.569351 0.001359 -0.822094
-0.97481000 -0.28773901 -5.86794901 96 120 60 0.000000 0.763803 0.001376 -0.645448
-1.03297305 -0.24250001 -5.94162321 125 150 66 0.000000 -0.716707 0.001381 0.697373
-0.90953702 -0.21471100 -5.84856081 123 146 68 0.000000 -0.636526 0.001375 0.771254
-1.06593299 -0.23086800 -5.99397087 97 129 46 0.000000 0.563126 0.001357 -0.826370
-0.99678302 -0.24831700 -5.90026188 124 148 66 0.000000 0.591008 0.001365 0.806665
-0.90178198 -0.00790600 -6.01594400 48 54 33 0.000000 -0.832674 0.001354 0.553762
-0.97610199 -0.04603600 -6.05084181 138 164 78 0.000000 -0.584843 0.001363 0.811146
-1.06205499 -0.29807901 -5.95325613 110 141 65 0.000000 0.908224 0.001296 -0.418483
-0.97933298 -0.21729600 -5.90672493 123 146 67 0.000000 -0.639507 0.001375 0.768784
-0.84297198 -0.09192100 -5.88798285 109 142 64 0.000000 0.842882 0.001349 -0.538096
-1.05106902 -0.26705801 -5.96359587 102 134 57 0.000000 0.804402 0.001366 -0.594083
-0.89273399 -0.08222700 -5.96165800 99 130 56 0.000000 0.941995 0.001248 -0.335625
-1.05947006 -0.14556099 -6.01206589 126 151 76 0.000000 -0.633537 0.001374 0.773712
-0.93474102 -0.03181800 -6.03985500 125 150 73 0.000000 -0.852716 0.001343 0.522373
-0.93861902 -0.02406300 -6.05148792 127 152 80 0.000000 -0.350710 0.001257 0.936483
-0.99807501 -0.13457400 -5.99914122 102 137 44 0.000000 0.788169 0.001371 -0.615457
-0.97610199 -0.23733000 -5.88862896 120 144 65 0.000000 -0.766300 0.001376 0.642481
-0.85137302 -0.05185200 -5.92998981 105 135 69 0.000000 0.977717 0.001160 -0.209925
-1.03749704 -0.15719301 -6.00948095 98 132 40 0.000000 0.268202 0.001203 -0.963362
-0.93215603 -0.22117400 -5.85696316 164 174 101 0.000000 -0.387428 0.001279 0.921899
-1.02715695 -0.27481401 -5.91448021 124 150 67 0.000000 -0.700167 0.001381 0.713977
-0.88691801 -0.11066200 -5.92223501 100 131 55 0.000000 0.237255 0.001180 -0.971447
-0.96382302 -0.14943799 -5.94226885 119 145 66 0.000000 -0.657235 0.001378 0.753685
-0.93861902 -0.06607000 -5.99784803 121 146 70 0.000000 -0.525521 0.001344 0.850780
-1.05106902 -0.20437101 -5.97910595 126 152 71 0.000000 -0.627537 0.001373 0.778585
-0.85331202 -0.08158100 -5.91124916 109 140 63 0.000000 0.960928 0.001209 0.276796
-0.88368601 -0.11066200 -5.90414000 133 157 79 0.000000 -0.761293 0.001377 0.648407
-0.91729200 -0.03505000 -6.03339291 98 130 52 0.000000 0.838844 0.001351 -0.544370
-1.01681697 -0.13005000 -6.01271200 98 131 43 0.000000 0.621510 0.001372 -0.783405
-0.85654300 -0.04603600 -5.95454788 110 141 73 0.000000 0.858436 0.001339 -0.512919
-0.85008103 -0.02794100 -5.96876621 110 140 74 0.000000 0.959249 0.001213 -0.282560
-0.96705401 -0.22569700 -5.90414000 119 144 70 0.000000 0.748548 0.001379 -0.663079
-0.90113503 -0.09838300 -5.95196295 99 129 56 0.000000 0.785794 0.001371 -0.618487
-0.96059197 -0.07964200 -6.01982117 100 132 49 0.000000 0.691755 0.001381 -0.722131
-0.99096602 -0.13651299 -5.99138498 93 125 42 0.000000 0.768784 0.001375 -0.639507
-1.03491199 -0.17981300 -5.99590921 103 135 49 0.000000 0.663079 0.001379 -0.748548
-0.84297198 -0.09838300 -5.86601019 127 152 71 0.000000 -0.748548 0.001379 0.663079
-0.94831300 -0.20631000 -5.89767694 94 124 52 0.000000 0.996331 0.001057 0.085581
-0.87980902 -0.01501500 -6.01012707 117 135 84 0.000000 0.665988 0.001379 -0.745961
-0.92957097 -0.18950699 -5.88475180 132 150 74 0.000000 -0.516071 0.001340 0.856545
-0.91276801 -0.11260100 -5.95196295 116 147 63 0.000000 0.516071 0.001340 -0.856545
-0.98579597 -0.21083300 -5.93322182 97 129 52 0.000000 0.633537 0.001374 -0.773712
-0.82940000 -0.15784000 -5.80073786 126 150 68 0.000000 -0.878249 0.001325 0.478202
-1.01940203 -0.11712500 -6.00818777 119 144 69 0.000000 -0.288352 0.001217 0.957524
-0.90436703 -0.20243201 -5.86665678 99 130 53 0.000000 0.538096 0.001349 -0.842882
-0.89661199 -0.05960800 -5.96812010 122 147 66 0.000000 -0.824239 0.001358 0.566240
-0.94443500 -0.11066200 -5.95971918 133 152 76 0.000000 -0.475046 0.001323 0.879960
-0.91406101 -0.06607000 -5.99138498 91 122 44 0.000000 0.955752 0.001221 -0.294171
-1.06011605 -0.26382700 -5.97199821 98 130 48 0.000000 0.475046 0.001323 -0.879960
-1.03943598 -0.15202300 -5.99461699 129 155 75 0.000000 -0.462431 0.001317 0.886654
-0.85331202 -0.02406300 -5.97975302 127 150 89 0.000000 0.697373 0.001381 -0.716707
-0.92375499 -0.18756799 -5.89315414 103 130 55 0.000000 0.612421 0.001370 -0.790530
-1.06981003 -0.14491400 -6.02951479 99 128 44 0.000000 0.147635 0.001110 -0.989041
-0.84491003 -0.10743100 -5.86213303 127 152 69 0.000000 -0.716707 0.001381 0.697373
-0.99096602 -0.17399600 -5.96101093 93 125 44 0.000000 0.618487 0.001371 -0.785794
-0.94572800 -0.17141099 -5.92805195 104 130 59 0.000000 0.790530 0.001370 -0.612421
-0.91341400 -0.02147800 -6.02822304 115 141 61 0.000000 -0.972780 0.001176 0.231726
-0.91406101 -0.14814600 -5.90349388 120 145 66 0.000000 -0.471891 0.001322 0.881656
-1.00518405 -0.07641000 -6.03727102 129 154 78 0.000000 -0.584843 0.001363 0.811146
-1.04202104 -0.09773700 -6.03597784 129 148 83 0.000000 -0.563126 0.001357 0.826370
-0.89790398 -0.02600200 -5.99978685 122 147 69 0.000000 -0.776155 0.001374 0.630540
-0.93215603 -0.11324800 -5.94937801 121 147 68 0.000000 -0.671779 0.001379 0.740750
-0.82810801 -0.02600200 -5.89961576 44 51 21 0.000000 -0.538096 0.001349 0.842882
-0.89273399 -0.01113800 -6.02499199 56 60 47 0.000000 0.771254 0.001375 -0.636526
-0.86429799 -0.15137701 -5.86083984 108 135 64 0.000000 0.947186 0.001238 -0.320681
-1.06334805 -0.29097000 -5.94033098 128 156 65 0.000000 -0.569351 0.001359 0.822094
-1.03878999 -0.19403100 -5.97393703 130 155 75 0.000000 -0.560008 0.001356 0.828486
-0.95929903 -0.13392800 -5.95067120 116 142 64 0.000000 -0.226229 0.001172 0.974073
-0.97868699 -0.21729600 -5.92223501 100 129 55 0.000000 0.735490 0.001380 -0.677534
-1.00776899 -0.06542400 -6.06570578 96 115 53 0.000000 0.756234 0.001377 -0.654300
-1.04395998 -0.20695600 -5.97264385 121 147 65 0.000000 -0.651358 0.001377 0.758770
-0.80548799 -0.12229500 -5.80978489 122 149 66 0.000000 -0.651358 0.001377 0.758770
-0.87463897 -0.16107100 -5.85308504 149 170 91 0.000000 -0.808912 0.001364 0.587928
-0.90824401 -0.23216000 -5.83305120 127 146 72 0.000000 -0.481358 0.001326 0.876523
-0.82746100 -0.07770300 -5.88733721 108 138 66 0.000000 0.936483 0.001257 -0.350710
-0.97481000 -0.10096800 -5.99203205 126 152 73 0.000000 -0.621510 0.001372 0.783405
-0.93474102 -0.16947199 -5.91641903 135 155 82 0.000000 0.538096 0.001349 -0.842882
-1.04719102 -0.18886000 -5.99849510 105 135 56 0.000000 0.627537 0.001373 -0.778585
-1.02521801 -0.30518800 -5.89638519 109 131 70 0.000000 0.902354 0.001302 -0.430994
-1.01552403 -0.27352101 -5.91771078 104 133 57 0.000000 0.808912 0.001364 -0.587928
-0.95412898 -0.08804300 -6.00237179 95 126 46 0.000000 0.446689 0.001310 -0.894688
-1.01229298 -0.11001600 -6.00818777 132 158 74 0.000000 -0.566240 0.001358 0.824239
-0.92957097 -0.17981300 -5.89121485 148 166 91 0.000000 -0.597153 0.001366 0.802126
-1.02392602 -0.25477901 -5.92417383 120 147 63 0.000000 -0.668888 0.001379 0.743362
-0.83069301 -0.04991400 -5.90478611 102 133 59 0.000000 0.378186 0.001273 -0.925729
-0.94249600 -0.11454000 -5.96941280 109 132 60 0.000000 0.054502 0.001028 -0.998513
-0.83133900 -0.10549200 -5.84856081 123 150 66 0.000000 -0.819933 0.001360 0.572458
-0.94055802 -0.11777100 -5.95196295 123 146 70 0.000000 -0.624527 0.001373 0.781002
-1.07304204 -0.27416700 -5.97652102 93 123 43 0.000000 0.819933 0.001360 -0.572458
-0.95929903 0.03151600 -6.09284878 53 60 30 0.000000 -0.101730 0.001071 0.994811
-1.01164699 -0.13909800 -5.98686218 127 152 76 0.000000 -0.356781 0.001261 0.934187
-1.04719102 -0.15590100 -6.01335907 95 128 39 0.000000 0.600218 0.001367 -0.799835
-0.83327800 -0.09062800 -5.87764311 101 132 63 0.000000 0.951115 0.001230 -0.308835
-0.83586299 -0.12488000 -5.83886719 125 151 68 0.000000 -0.727510 0.001380 0.686096
-0.90113503 -0.14814600 -5.90737104 117 145 69 0.000000 0.997858 0.001038 0.065416
-0.97674799 -0.06283900 -6.04890299 97 130 42 0.000000 0.903843 0.001300 -0.427862
-0.97997999 -0.04345100 -6.07023001 99 131 48 0.000000 0.785794 0.001371 -0.618487
-1.01487803 -0.30518800 -5.89767694 98 128 49 0.000000 0.612421 0.001370 -0.790530
-0.98967397 -0.18175200 -5.95519495 98 129 49 0.000000 0.516071 0.001340 -0.856545
-0.79902601 -0.06413100 -5.83111191 112 128 60 0.000000 -0.683251 0.001380 0.730182
-0.85848200 -0.03957300 -5.96618080 105 136 68 0.000000 0.893111 0.001311 -0.449834
-0.92633998 -0.01501500 -6.05924320 135 154 93 0.000000 -0.500299 0.001334 0.865851
-0.82487601 -0.06542400 -5.89056778 102 134 62 0.000000 0.815569 0.001362 -0.578659
-1.05882394 -0.17593500 -6.01077414 96 128 46 0.000000 0.288352 0.001217 -0.957524
-0.90048897 -0.21018700 -5.85696316 98 129 55 0.000000 0.879960 0.001323 -0.475046
