-3.18955708 -0.15977900 -7.36792803 91 86 63 0.000000 0.977134 0.001162 0.212622
-3.17339993 -0.34590301 -7.32592106 104 128 65 0.000000 0.795211 0.001369 0.606331
-3.25806093 -0.23862299 -7.26323414 98 101 73 0.000000 0.783405 0.001372 0.621510
-3.08098412 -0.20437101 -7.44483423 82 70 58 0.000000 0.332624 0.001246 0.943059
-3.11523700 -0.29678699 -7.40282583 114 121 83 0.000000 0.694569 0.001381 0.719425
-3.18826389 -0.25025600 -7.33173800 96 121 63 0.000000 0.691755 0.001381 0.722131
-3.24707389 -0.16042501 -7.29619312 149 152 127 0.000000 0.826370 0.001357 0.563126
-3.23027205 -0.30841899 -7.28456020 113 130 79 0.000000 0.740750 0.001379 0.671779
-3.14044094 -0.22246601 -7.38149977 118 141 65 0.000000 0.642481 0.001376 0.766300
-3.13333201 -0.35818201 -7.38537693 92 91 65 0.000000 0.822094 0.001359 0.569351
-3.20894504 -0.19403100 -7.32204294 106 131 73 0.000000 0.781002 0.001373 0.624527
-3.14948797 -0.31165099 -7.35758781 96 121 56 0.000000 0.808912 0.001364 0.587928
-3.10554194 -0.24960899 -7.41510487 68 62 42 0.000000 0.525521 0.001344 0.850780
-3.19020295 -0.29807901 -7.32139683 99 124 69 0.000000 0.550634 0.001353 0.834745
-3.22574806 -0.25025600 -7.29813194 97 120 68 0.000000 0.566240 0.001358 0.824239
-3.20700598 -0.34848800 -7.28649902 62 60 38 0.000000 0.738126 0.001380 0.674661
-3.13268590 -0.18175200 -7.40153408 74 67 48 0.000000 0.207235 0.001158 0.978290
-3.15013504 -0.38015500 -7.34530878 54 54 21 0.000000 0.919277 0.001282 0.393609
-3.23802710 -0.20566300 -7.28973007 114 135 83 0.000000 0.753685 0.001378 0.657235
-3.17533898 -0.21212600 -7.35564899 116 140 72 0.000000 0.738126 0.001380 0.674661
-3.15336609 -0.26770499 -7.36081886 101 126 58 0.000000 0.694569 0.001381 0.719425
-3.26775503 -0.31165099 -7.25870895 81 67 51 0.000000 0.471891 0.001322 0.881656
-3.20894504 -0.15654700 -7.33496904 118 135 88 0.000000 0.826370 0.001357 0.563126
-3.11329794 -0.21535701 -7.40411901 126 148 67 0.000000 0.639507 0.001375 0.768784
-3.25676799 -0.27804500 -7.26387978 80 84 52 0.000000 0.797530 0.001368 0.603278
-3.12945390 -0.26835099 -7.38731623 112 136 60 0.000000 0.771254 0.001375 0.636526
-3.16823006 -0.18175200 -7.38408518 124 138 89 0.000000 0.788169 0.001371 0.615457
-3.25547600 -0.18239801 -7.27098799 72 67 54 0.000000 0.636526 0.001375 0.771254
-3.17727804 -0.37627700 -7.31105709 87 79 57 0.000000 0.811146 0.001363 0.584843
-3.21670008 -0.28450799 -7.30459499 133 149 96 0.000000 0.648407 0.001377 0.761293
-3.09908009 -0.18692200 -7.42221498 110 106 81 0.000000 0.668888 0.001379 0.743362
-3.12428403 -0.32651499 -7.39248610 111 124 79 0.000000 0.815569 0.001362 0.578659
-3.21023703 -0.22569700 -7.31428814 98 121 67 0.000000 0.671779 0.001379 0.740750
-3.19666600 -0.32586801 -7.30653286 104 125 67 0.000000 0.615457 0.001371 0.788169
-3.15336609 -0.34654900 -7.34983301 101 126 60 0.000000 0.819933 0.001360 0.572458
-3.19472694 -0.18045899 -7.34660101 111 134 74 0.000000 0.858436 0.001339 0.512919
-3.17404699 -0.28062999 -7.33820009 99 122 65 0.000000 0.697373 0.001381 0.716707
-3.16952300 -0.31294301 -7.33496904 100 124 62 0.000000 0.735490 0.001380 0.677534
-3.09003210 -0.22182000 -7.41833687 73 65 47 0.000000 0.522373 0.001343 -0.852716
-3.17081499 -0.23926900 -7.35047913 111 135 66 0.000000 0.683251 0.001380 0.730182
-3.23673391 -0.27804500 -7.28649902 94 111 62 0.000000 0.572458 0.001360 0.819933
-3.13203907 -0.29613999 -7.38085413 105 130 63 0.000000 0.738126 0.001380 0.674661
-3.22704005 -0.16430201 -7.31622696 120 138 93 0.000000 0.612421 0.001370 0.790530
-3.19408107 -0.21664999 -7.33303022 98 121 60 0.000000 0.711237 0.001381 0.702951
-3.24254990 -0.23022100 -7.28391409 103 125 75 0.000000 0.668888 0.001379 0.743362
-3.12234497 -0.24508500 -7.39442492 116 138 60 0.000000 0.824239 0.001358 0.566240
-3.22316289 -0.32974601 -7.27357388 58 55 28 0.000000 0.986241 0.001125 0.165311
-3.23350310 -0.18433701 -7.30007076 111 131 79 0.000000 0.716707 0.001381 0.697373
-3.17921710 -0.18950699 -7.36275816 107 129 66 0.000000 0.700167 0.001381 0.713977
-3.14173293 -0.37498400 -7.37051296 67 71 41 0.000000 0.645448 0.001376 0.763803
-3.14625692 -0.19661599 -7.38860893 121 144 71 0.000000 0.487672 0.001329 0.873026
-3.15142703 -0.23862299 -7.36857510 118 141 69 0.000000 0.663079 0.001379 0.748548
-3.14108706 -0.34267101 -7.36986685 99 124 60 0.000000 0.888291 0.001316 0.459279
-3.20377493 -0.26964301 -7.31687403 105 125 74 0.000000 0.694569 0.001381 0.719425
-3.25224400 -0.21018700 -7.27228117 124 139 94 0.000000 0.819933 0.001360 0.572458
-3.16176701 -0.20437101 -7.37180614 114 137 69 0.000000 0.694569 0.001381 0.719425
-3.14690304 -0.29032400 -7.36340380 97 122 56 0.000000 0.743362 0.001379 0.668888
-3.16305995 -0.36399800 -7.33238411 112 134 73 0.000000 0.732842 0.001380 0.680398
-3.24190402 -0.25219399 -7.28391409 110 131 79 0.000000 0.748548 0.001379 0.663079
-3.22186995 -0.20954099 -7.30653286 95 119 66 0.000000 0.636526 0.001375 0.771254
-3.11652899 -0.19467700 -7.40735102 124 142 66 0.000000 0.566240 0.001358 0.824239
-3.11329794 -0.27610600 -7.40605783 114 126 79 0.000000 0.743362 0.001379 0.668888
-3.25030589 -0.32005200 -7.26452589 89 72 58 0.000000 0.282560 0.001213 0.959249
-3.16112089 -0.29161599 -7.34853983 97 122 63 0.000000 0.778585 0.001373 0.627537
-3.18373990 -0.35753500 -7.31041098 102 121 65 0.000000 0.671779 0.001379 0.740750
-3.20894504 -0.30260301 -7.30330181 101 123 65 0.000000 0.621510 0.001372 0.783405
-3.22962499 -0.14556099 -7.32139683 105 95 68 0.000000 0.797530 0.001368 0.603278
-3.25418305 -0.29743299 -7.26517200 67 59 38 0.000000 0.578659 0.001362 0.815569
-3.21023703 -0.24508500 -7.31234884 99 122 69 0.000000 0.691755 0.001381 0.722131
-3.13333201 -0.31811300 -7.37826920 101 126 60 0.000000 0.838844 0.001351 0.544370
-3.21540689 -0.31682101 -7.29296207 114 131 74 0.000000 0.761293 0.001377 0.648407
-3.21282196 -0.17270400 -7.32462788 110 132 78 0.000000 0.732842 0.001380 0.680398
-3.18180203 -0.31746700 -7.32204294 100 125 66 0.000000 0.711237 0.001381 0.702951
-3.19731212 -0.19790800 -7.33496904 108 131 73 0.000000 0.758770 0.001377 0.651358
-3.25224400 -0.25865701 -7.27098799 112 129 80 0.000000 0.763803 0.001376 0.645448
-3.10942006 -0.23409900 -7.40735102 119 139 65 0.000000 0.771254 0.001375 0.636526
-3.13397789 -0.25154799 -7.38279200 117 142 65 0.000000 0.727510 0.001380 0.686096
-3.18438697 -0.23022100 -7.33820009 107 133 74 0.000000 0.702951 0.001381 0.711237
-3.23091793 -0.22505100 -7.29554701 95 119 69 0.000000 0.713977 0.001381 0.700167
-3.22057700 -0.19209200 -7.30976391 110 132 77 0.000000 0.743362 0.001379 0.668888
-3.23802710 -0.15331601 -7.30911779 83 81 59 0.000000 0.600218 0.001367 0.799835
-3.09778690 -0.20695600 -7.41898298 135 153 73 0.000000 0.421606 0.001297 0.906778
-3.18632603 -0.19790800 -7.35047913 110 134 74 0.000000 0.826370 0.001357 0.563126
-3.13139296 -0.34008601 -7.38667011 108 121 75 0.000000 0.799835 0.001367 0.600218
-3.16435194 -0.22246601 -7.36146498 113 137 68 0.000000 0.600218 0.001367 0.799835
-3.18438697 -0.33233100 -7.31622696 109 131 67 0.000000 0.713977 0.001381 0.700167
-3.12622309 -0.21535701 -7.39442492 123 145 67 0.000000 0.639507 0.001375 0.768784
-3.11911392 -0.31358901 -7.40024090 70 64 44 0.000000 0.896251 0.001308 0.443546
-3.15659690 -0.25219399 -7.36146498 111 135 65 0.000000 0.674661 0.001380 0.738126
-3.14173293 -0.27804500 -7.37180614 99 124 55 0.000000 0.806665 0.001365 0.591008
-3.25159788 -0.16301000 -7.28132915 81 73 55 0.000000 0.958392 0.001215 -0.285453
-3.08938599 -0.20178600 -7.43126202 146 160 88 0.000000 0.846861 0.001346 0.531813
-3.15465903 -0.36335200 -7.34530878 110 135 71 0.000000 0.990809 0.001100 0.135260
-3.15853596 -0.38015500 -7.33238411 93 98 57 0.000000 0.711237 0.001381 0.702951
-3.22639394 -0.26512000 -7.29425383 95 116 63 0.000000 0.654300 0.001377 0.756234
-3.11976004 -0.23022100 -7.39636421 121 144 64 0.000000 0.627537 0.001373 0.778585
-3.23996496 -0.30906600 -7.27292681 124 125 83 0.000000 0.730182 0.001380 0.683251
-3.16370606 -0.27158201 -7.35047913 99 123 59 0.000000 0.627537 0.001373 0.778585
-3.17210793 -0.29807901 -7.33496904 96 121 66 0.000000 0.618487 0.001371 0.785794
-3.12105298 -0.26382700 -7.39894915 115 138 65 0.000000 0.785794 0.001371 0.618487
-3.17275405 -0.33168501 -7.32979918 101 126 61 0.000000 0.768784 0.001375 0.639507
-3.15336609 -0.18433701 -7.39248610 111 125 67 0.000000 0.465583 0.001319 0.885003
-3.11782098 -0.33750099 -7.39959478 97 84 67 0.000000 0.630540 0.001374 0.776155
-3.14625692 -0.32457599 -7.36275816 102 126 64 0.000000 0.753685 0.001378 0.657235
-3.20054293 -0.23086800 -7.32333612 99 123 68 0.000000 0.691755 0.001381 0.722131
-3.12040710 -0.28580001 -7.39571810 107 127 62 0.000000 0.751123 0.001378 0.660161
-3.12492990 -0.30454201 -7.39119387 105 126 62 0.000000 0.860313 0.001338 0.509765
-3.24772096 -0.28062999 -7.27421999 116 130 84 0.000000 0.732842 0.001380 0.680398
-3.18697190 -0.17335001 -7.36663580 118 138 79 0.000000 0.879960 0.001323 0.475046
-3.21993089 -0.29807901 -7.29619312 105 124 68 0.000000 0.563126 0.001357 0.826370
-3.14625692 -0.25284100 -7.37051296 109 133 62 0.000000 0.621510 0.001372 0.783405
-3.15465903 -0.28062999 -7.35629606 101 125 63 0.000000 0.597153 0.001366 0.802126
-3.13139296 -0.23862299 -7.38602400 122 146 66 0.000000 0.697373 0.001381 0.716707
-3.19795799 -0.33814701 -7.30136299 114 134 73 0.000000 0.660161 0.001378 0.751123
-3.14819598 -0.37369201 -7.35888100 108 124 71 0.000000 0.953006 0.001227 0.302950
-3.16305995 -0.30518800 -7.34336996 99 125 62 0.000000 0.719425 0.001381 0.694569
-3.17792392 -0.24702400 -7.34272385 104 127 66 0.000000 0.727510 0.001380 0.686096
-3.24190402 -0.18304400 -7.29037714 132 147 106 0.000000 0.758770 0.001377 0.651358
-3.22122407 -0.15525500 -7.32333612 117 129 88 0.000000 0.618487 0.001371 0.785794
-3.18438697 -0.21794200 -7.34207821 108 133 69 0.000000 0.691755 0.001381 0.722131
-3.17469311 -0.35882801 -7.31945801 108 130 67 0.000000 0.751123 0.001378 0.660161
-3.13914800 -0.30971199 -7.37051296 99 124 58 0.000000 0.785794 0.001371 0.618487
-3.25935292 -0.21794200 -7.26517200 74 75 50 0.000000 0.756234 0.001377 0.654300
-3.16112089 -0.23474500 -7.36146498 112 136 66 0.000000 0.686096 0.001380 0.727510
-3.16241407 -0.19338401 -7.37762213 111 132 64 0.000000 0.776155 0.001374 0.630540
-3.22574806 -0.28709301 -7.29554701 138 153 101 0.000000 0.727510 0.001380 0.686096
-3.19795799 -0.34913400 -7.29554701 112 126 78 0.000000 0.788169 0.001371 0.615457
-3.13979506 -0.20695600 -7.38860893 118 141 66 0.000000 0.478202 0.001325 0.878249
-3.21152997 -0.25671801 -7.30911779 102 124 72 0.000000 0.657235 0.001378 0.753685
-3.22380900 -0.23862299 -7.30071688 97 121 66 0.000000 0.636526 0.001375 0.771254
-3.16693807 -0.25025600 -7.35306406 114 138 72 0.000000 0.630540 0.001374 0.776155
-3.20506692 -0.17270400 -7.33367586 107 129 70 0.000000 0.778585 0.001373 0.627537
-3.15659690 -0.31617400 -7.34918594 102 127 63 0.000000 0.654300 0.001377 0.756234
-3.17146111 -0.17141099 -7.38860893 58 51 35 0.000000 0.716707 0.001381 0.697373
-3.18826389 -0.18045899 -7.35629606 107 129 70 0.000000 0.819933 0.001360 0.572458
-3.22057700 -0.27481401 -7.29942417 99 119 67 0.000000 0.683251 0.001380 0.730182
-3.20248199 -0.15977900 -7.34401703 115 131 81 0.000000 0.834745 0.001353 0.550634
-3.17663097 -0.20049299 -7.36017323 108 132 64 0.000000 0.722131 0.001381 0.691755
-3.19925094 -0.29807901 -7.31428814 103 126 71 0.000000 0.633537 0.001374 0.773712
-3.25224400 -0.17141099 -7.27357388 57 55 38 0.000000 0.838844 0.001351 0.544370
-3.13979506 -0.26059601 -7.37568283 110 135 62 0.000000 0.738126 0.001380 0.674661
-3.21346903 -0.21212600 -7.31364202 102 126 72 0.000000 0.686096 0.001380 0.727510
-3.25612211 -0.30841899 -7.26452589 130 106 86 0.000000 0.490829 0.001330 0.871255
-3.18309402 -0.20824800 -7.34724808 106 131 67 0.000000 0.781002 0.001373 0.624527
-3.12169909 -0.27481401 -7.39571810 112 135 66 0.000000 0.758770 0.001377 0.651358
-3.23479509 -0.16559500 -7.30847216 132 144 105 0.000000 0.697373 0.001381 0.716707
-3.10166502 -0.22699000 -7.41058207 121 139 68 0.000000 0.427862 0.001300 0.903843
-3.18244791 -0.28062999 -7.33109093 97 119 61 0.000000 0.572458 0.001360 0.819933
-3.19601893 -0.26899701 -7.32462788 128 148 95 0.000000 0.713977 0.001381 0.700167
-3.13914800 -0.36012000 -7.37632990 109 127 74 0.000000 0.876523 0.001326 0.481358
-3.25870705 -0.26253501 -7.26323414 79 80 52 0.000000 0.819933 0.001360 0.572458
-3.27421689 -0.32005200 -7.25612497 139 109 92 0.000000 0.421606 0.001297 0.906778
-3.23156404 -0.32328299 -7.27163506 73 72 47 0.000000 0.905318 0.001299 0.424733
-3.19537306 -0.16042501 -7.35888100 121 132 87 0.000000 0.909655 0.001294 0.415362
-3.25353694 -0.22117400 -7.27357388 114 128 82 0.000000 0.694569 0.001381 0.719425
-3.15789008 -0.35236499 -7.34207821 107 132 68 0.000000 0.838844 0.001351 0.544370
-3.25224400 -0.19144499 -7.27551317 124 135 96 0.000000 0.727510 0.001380 0.686096
-3.13010001 -0.28644601 -7.38473082 104 128 60 0.000000 0.735490 0.001380 0.677534
-3.14561105 -0.33620900 -7.36275816 101 127 61 0.000000 0.797530 0.001368 0.603278
-3.17727804 -0.23151401 -7.34595490 111 136 73 0.000000 0.738126 0.001380 0.674661
-3.21993089 -0.21988100 -7.30524111 96 121 69 0.000000 0.753685 0.001378 0.657235
-3.18567896 -0.28967801 -7.32592106 98 122 69 0.000000 0.566240 0.001358 0.824239
-3.11200500 -0.28644601 -7.40476513 73 69 45 0.000000 0.707106 0.001384 0.707106
-3.20054293 -0.31617400 -7.30588722 103 126 65 0.000000 0.630540 0.001374 0.776155
-3.19278789 -0.20695600 -7.33755398 103 128 68 0.000000 0.795211 0.001369 0.606331
-3.24836707 -0.20243201 -7.27809811 119 136 89 0.000000 0.815569 0.001362 0.578659
-3.14884210 -0.22957499 -7.37309790 116 140 65 0.000000 0.686096 0.001380 0.727510
-3.16370606 -0.26124200 -7.35177183 104 128 67 0.000000 0.633537 0.001374 0.773712
-3.13656306 -0.19855399 -7.39377880 119 140 68 0.000000 0.544370 0.001351 0.838844
-3.14625692 -0.30260301 -7.36146498 98 123 58 0.000000 0.785794 0.001371 0.618487
-3.20894504 -0.20437101 -7.31881189 99 123 66 0.000000 0.683251 0.001380 0.730182
-3.16823006 -0.22957499 -7.35500288 112 137 64 0.000000 0.716707 0.001381 0.697373
-3.19989705 -0.26059601 -7.32010508 96 119 65 0.000000 0.707106 0.001384 0.707106
-3.17727804 -0.21988100 -7.34918594 113 138 67 0.000000 0.735490 0.001380 0.677534
-3.25353694 -0.27028999 -7.26969624 113 127 83 0.000000 0.722131 0.001381 0.691755
-3.12105298 -0.20824800 -7.39959478 126 147 67 0.000000 0.621510 0.001372 0.783405
-3.25676799 -0.20372400 -7.26581907 78 77 56 0.000000 0.889912 0.001314 0.456129
-3.20054293 -0.21212600 -7.32656717 106 130 73 0.000000 0.763803 0.001376 0.645448
-3.11911392 -0.25219399 -7.40088797 120 142 65 0.000000 0.848828 0.001345 0.528668
-3.13720894 -0.27028999 -7.37697601 108 133 61 0.000000 0.797530 0.001368 0.603278
-3.23285699 -0.19984700 -7.29619312 106 126 76 0.000000 0.702951 0.001381 0.711237
-3.21734595 -0.20178600 -7.31105709 100 124 70 0.000000 0.686096 0.001380 0.727510
-3.08292294 -0.20889500 -7.43384695 82 76 49 0.000000 0.848828 0.001345 0.528668
-3.25418305 -0.24508500 -7.26969624 113 128 83 0.000000 0.768784 0.001375 0.639507
-3.23867297 -0.21535701 -7.28779221 105 127 77 0.000000 0.745961 0.001379 0.665988
-3.20894504 -0.27675200 -7.31234884 130 148 96 0.000000 0.648407 0.001377 0.761293
-3.22574806 -0.31682101 -7.28197479 123 138 81 0.000000 0.663079 0.001379 0.748548
-3.13139296 -0.22892900 -7.38796186 120 144 66 0.000000 0.668888 0.001379 0.743362
-3.16823006 -0.34008601 -7.33238411 101 125 60 0.000000 0.727510 0.001380 0.686096
-3.20377493 -0.19079900 -7.32979918 108 132 74 0.000000 0.776155 0.001374 0.630540
-3.23738003 -0.17528901 -7.29942417 127 141 100 0.000000 0.702951 0.001381 0.711237
-3.23479509 -0.25025600 -7.29037714 98 120 68 0.000000 0.600218 0.001367 0.799835
-3.09067798 -0.23151401 -7.41704416 72 63 46 0.000000 0.335625 0.001248 0.941995
-3.14238000 -0.35236499 -7.36922121 101 125 62 0.000000 0.862174 0.001337 0.506611
-3.16758394 -0.35236499 -7.33044481 107 131 65 0.000000 0.753685 0.001378 0.657235
-3.18826389 -0.31940600 -7.31493521 100 123 62 0.000000 0.630540 0.001374 0.776155
-3.15336609 -0.33685499 -7.35047913 103 129 63 0.000000 0.792878 0.001369 0.609379
