-2.958198 0.823384 -9.282709 67 66 45 0 -0.172703 -0.863517 0.473827
-2.626106 0.843657 -8.866629 74 90 43 0 0.476098 -0.807297 0.348714
-2.933098 0.570454 -8.967029 127 114 75 0 0.181390 -0.972909 -0.143336
-2.681133 1.003911 -9.175551 53 53 54 0 0.333751 -0.835162 -0.437167
-2.818218 0.802146 -9.045225 151 154 91 0 -0.221914 0.600565 0.768164
-2.828837 1.018392 -9.367663 117 121 81 0 0.149792 -0.955750 0.253188
-3.024810 0.625480 -9.160106 90 69 43 0 0.421006 -0.411401 -0.808395
-2.766087 0.670853 -8.865664 104 105 53 0 0.538668 -0.720987 -0.435907
-2.610660 0.960469 -9.011436 60 61 55 0 0.293143 -0.784357 -0.546673
-2.825941 0.914130 -9.205479 118 140 57 0 0.522507 -0.718240 -0.459475
-2.927306 0.750980 -9.142729 104 130 46 0 0.618430 -0.769635 -0.158766
-2.723610 0.909303 -9.080944 98 131 40 0 0.706002 -0.492365 -0.509056
-2.731333 0.779942 -8.944825 110 135 52 0 0.332485 -0.939170 -0.086102
-2.884829 0.690161 -9.021091 104 131 43 0 0.634974 -0.760475 -0.135959
-2.891587 0.924749 -9.310705 118 138 66 0 0.618737 -0.585019 -0.524325
-3.041221 0.602311 -9.041364 91 94 81 0 -0.509081 0.656933 0.556125
-2.766087 1.005842 -9.254713 184 173 98 0 -0.508908 0.699123 0.502234
-3.013225 0.741326 -9.225752 123 102 70 0 0.899586 0.214326 -0.380538
-2.665687 0.869723 -8.965098 114 142 63 0 0.696589 -0.587385 -0.411997
-2.848145 0.630307 -8.939033 97 121 45 0 0.509370 -0.062799 -0.858253
-2.689821 0.762565 -8.848287 49 56 33 0 -0.142517 -0.308109 0.940615
-2.853937 0.834969 -9.146590 114 137 54 0 0.606365 -0.471990 -0.639958
-2.965921 0.666992 -9.075151 91 117 34 0 0.956761 -0.062425 0.284098
-2.810495 0.722019 -8.941929 162 156 95 0 0.349950 0.872584 0.340781
-2.662791 0.978811 -9.083840 118 139 74 0 0.570746 -0.690552 -0.444283
-2.740021 0.837865 -9.023987 101 131 44 0 0.395867 -0.641007 -0.657570
-2.898345 0.859103 -9.229613 115 142 58 0 0.628032 -0.587623 -0.510171
-2.744848 0.946953 -9.157209 107 136 47 0 0.699747 -0.532743 -0.475961
-2.790221 0.861034 -9.100252 111 136 50 0 0.541252 -0.558114 -0.628932
-2.987160 0.701746 -9.157209 105 130 55 0 0.841310 -0.443204 -0.309465
-2.830768 0.954676 -9.273056 148 146 65 0 0.539194 -0.699450 -0.469083
-2.866487 0.774150 -9.096391 112 136 53 0 0.777618 -0.221955 -0.588258
-2.628037 0.922819 -8.926483 66 77 39 0 0.997349 0.071012 -0.015898
-2.935994 0.634169 -9.016263 99 128 36 0 0.900780 -0.409961 -0.143274
-2.937925 0.799249 -9.214168 109 135 51 0 0.544185 -0.638533 -0.544185
-2.829802 0.734569 -9.010471 107 130 46 0 0.730063 -0.420239 -0.538895
-2.665687 0.911234 -9.023021 111 143 58 0 0.594263 -0.624566 -0.506723
-2.672445 0.821453 -8.913933 116 146 67 0 0.531052 -0.678474 -0.507599
-2.744848 0.732638 -8.895591 109 136 46 0 0.529321 -0.404775 -0.745638
-2.831733 0.652511 -8.868560 156 136 91 0 -0.879299 0.174104 0.443307
-2.978471 0.575280 -9.012402 123 135 89 0 0.134198 -0.071183 0.988395
-2.779602 1.028046 -9.329048 59 58 56 0 0.602751 -0.682454 -0.413458
-2.774775 0.783803 -8.990198 103 128 45 0 0.548528 -0.717561 -0.429211
-2.931168 0.875515 -9.302017 117 125 89 0 0.743247 -0.189274 -0.641685
-3.019017 0.630307 -9.090598 127 139 85 0 -0.404959 0.134046 0.904456
-2.897379 0.726846 -9.076118 104 130 47 0 0.293682 -0.901707 -0.317295
-2.732298 0.998119 -9.207410 120 136 64 0 0.933889 -0.307585 -0.182324
-2.898345 0.801180 -9.163967 112 136 53 0 0.648789 -0.513976 -0.561161
-2.844283 0.677611 -8.971856 112 138 48 0 0.500340 -0.756251 -0.421598
-2.970748 0.750980 -9.182309 100 125 47 0 0.452263 -0.585773 -0.672554
-2.791187 0.896753 -9.144660 117 140 61 0 0.324815 -0.602766 -0.728813
-2.704302 0.828211 -8.966064 109 138 56 0 0.722800 -0.500144 -0.476882
-3.035429 0.671819 -9.190998 117 99 72 0 0.894975 -0.096039 -0.435656
-2.877106 0.901580 -9.261471 125 149 65 0 0.696383 -0.576718 -0.427137
-2.942752 0.707538 -9.105079 108 135 49 0 0.592186 -0.655934 -0.468045
-2.840421 0.975915 -9.323256 117 136 51 0 0.548846 -0.585999 -0.596132
-2.904137 0.619688 -8.974752 96 123 34 0 0.668063 -0.570951 -0.477187
-2.806633 0.674715 -8.915864 104 121 40 0 0.516405 -0.749197 -0.414764
-2.991987 0.790561 -9.230578 142 151 103 0 -0.229045 0.530338 0.816260
-2.788291 0.950815 -9.206444 110 137 46 0 0.788822 -0.372633 -0.488779
-2.656999 0.935369 -8.977648 132 147 76 0 -0.644658 0.523469 0.557132
-2.703337 0.772219 -8.896556 124 150 72 0 0.791197 -0.451419 -0.412587
-2.985229 0.611965 -9.047155 138 153 92 0 0.373769 0.834278 0.405311
-2.691752 0.981707 -9.131145 111 138 59 0 0.623245 -0.639954 -0.449472
-2.853937 0.744223 -9.053913 106 131 47 0 0.957962 -0.284258 -0.038819
-2.856833 0.875515 -9.194859 117 142 58 0 0.722019 -0.522841 -0.453129
-2.700441 0.861999 -9.004679 114 142 57 0 0.705835 -0.621069 -0.340691
-2.658929 0.799249 -8.861802 130 157 86 0 0.774507 -0.568606 -0.277175
-2.794083 0.992326 -9.293328 147 153 66 0 0.688180 -0.608965 -0.394424
-2.832698 0.827246 -9.084805 146 151 87 0 -0.531637 0.501450 0.682576
-2.684995 0.933438 -9.063567 105 137 51 0 0.690281 -0.553228 -0.466316
-2.773810 0.750980 -8.953513 113 135 46 0 0.643128 -0.707280 -0.293497
-2.919583 0.690161 -9.054879 100 129 39 0 0.764412 -0.309291 -0.565697
-2.992952 0.658303 -9.118594 113 140 66 0 0.640186 -0.741999 -0.198998
-2.623210 0.982672 -9.058741 60 60 57 0 0.258998 -0.922949 -0.284755
-2.758364 0.897719 -9.109905 112 140 50 0 0.514590 -0.632693 -0.578703
-2.770914 0.841726 -9.058741 108 133 46 0 0.414342 -0.794827 -0.443362
-2.711060 0.945022 -9.110871 100 132 45 0 0.586295 -0.643412 -0.492219
-2.623210 0.862965 -8.908140 111 136 64 0 0.548846 -0.585999 -0.596132
-2.826906 0.613896 -8.892694 114 122 73 0 0.245420 -0.956477 -0.157865
-2.872279 0.594588 -8.925517 113 122 62 0 0.552085 -0.609489 -0.568969
-2.710095 0.886134 -9.045225 105 134 44 0 0.615289 -0.520888 -0.591689
-2.713956 0.718157 -8.867595 109 131 53 0 0.498102 -0.468315 -0.729777
-2.885794 0.654442 -8.994060 95 121 36 0 0.419031 -0.353116 -0.836494
-2.921514 0.851380 -9.267263 110 136 57 0 0.761078 -0.347413 -0.547782
-3.029637 0.716226 -9.194859 103 105 54 0 0.364399 -0.143805 -0.920073
-2.796014 0.972053 -9.254713 138 147 64 0 0.753186 -0.562055 -0.341768
-2.739056 0.809869 -8.982475 108 136 52 0 0.631823 -0.523992 -0.571168
-3.057633 0.623550 -9.075151 150 143 114 0 -0.402756 -0.236303 0.884279
-2.833664 0.871653 -9.144660 154 155 97 0 -0.166226 0.973248 0.158613
-2.817252 0.774150 -9.014333 164 162 102 0 -0.197417 0.921753 0.333763
-2.636725 0.900615 -8.960271 131 162 83 0 0.754668 -0.316993 -0.574449
-2.907033 0.831107 -9.200652 116 142 55 0 0.616239 -0.420239 -0.666070
-2.650241 0.947919 -9.033641 105 135 54 0 0.514960 -0.609510 -0.602756
-2.895448 0.772219 -9.129213 107 132 52 0 0.579915 -0.499232 -0.643790
-2.890621 0.633203 -8.939033 101 125 42 0 0.997945 -0.056207 -0.030755
-2.773810 0.809869 -9.021091 118 133 57 0 0.325525 -0.490670 -0.808255
-2.874210 0.950815 -9.335806 87 105 52 0 0.636662 -0.754618 -0.158787
-3.005502 0.662165 -9.166863 135 148 93 0 0.774362 0.015293 -0.632558
-2.960129 0.727811 -9.144660 98 124 45 0 0.950727 -0.262223 -0.165402
-2.778637 0.697884 -8.900417 117 134 54 0 0.522528 -0.673742 -0.522528
-2.748710 0.872619 -9.068395 102 130 44 0 0.461200 -0.642325 -0.612138
-2.764156 0.981707 -9.223821 115 136 49 0 0.586610 -0.666830 -0.459594
-2.928271 0.778011 -9.173621 109 136 47 0 0.442961 -0.656920 -0.610116
-2.721679 0.977845 -9.162037 99 130 44 0 0.471863 -0.646502 -0.599484
-2.798910 0.753876 -8.987302 130 135 65 0 0.654483 -0.570359 -0.496330
-2.722645 1.015496 -9.240232 53 52 52 0 0.299091 -0.885248 -0.356203
-2.765121 1.017426 -9.293328 55 56 34 0 0.230227 -0.922337 -0.310306
-2.812425 1.008738 -9.332910 135 151 69 0 0.563861 -0.674291 -0.476856
-2.857798 0.897719 -9.228648 123 148 61 0 0.625695 -0.618986 -0.474723
-2.915721 0.664096 -9.027848 97 127 36 0 0.666548 -0.413891 -0.620006
-2.787325 0.926680 -9.177483 112 138 50 0 0.474723 -0.625695 -0.618986
-2.880002 0.836899 -9.173621 113 137 53 0 0.586857 -0.603769 -0.539502
-2.846214 0.928611 -9.250852 121 143 58 0 0.675380 -0.595335 -0.435245
-2.817252 0.897719 -9.171690 113 136 51 0 0.473857 -0.719930 -0.507110
-2.955302 0.638996 -9.052948 98 125 41 0 0.778585 0.001373 -0.627537
-2.834629 0.790561 -9.079014 112 136 54 0 0.490033 -0.624750 -0.607910
-2.855868 0.811799 -9.117629 114 135 53 0 0.467519 -0.631737 -0.618332
-2.947579 0.602311 -9.001782 94 109 29 0 0.900904 -0.158479 -0.404050
-2.859729 0.937299 -9.287537 125 148 64 0 0.545155 -0.701867 -0.458464
-2.656033 0.853311 -8.921656 113 142 59 0 0.807525 -0.546041 -0.223031
-2.801806 0.673750 -8.872421 164 121 89 0 0.999889 0.014894 0.000993
-2.702372 0.805042 -8.938067 110 137 54 0 0.657297 -0.532898 -0.532898
-2.986194 0.812765 -9.262436 62 73 40 0 -0.157460 -0.978235 -0.135143
-3.013225 0.578177 -9.005644 67 69 66 0 -0.158319 0.934773 0.318016
-2.741952 0.697884 -8.875318 106 127 49 0 0.694817 -0.047082 -0.717644
-2.828837 0.707538 -8.982475 105 133 44 0 0.341174 -0.644803 -0.683981
-2.880002 0.720088 -9.046190 110 132 52 0 0.527859 -0.585198 -0.615555
-2.935029 0.817592 -9.244094 100 127 47 0 0.928063 -0.355689 0.110386
-2.646379 0.828211 -8.890763 120 148 73 0 0.629676 -0.719401 -0.293208
-2.996814 0.726846 -9.189067 105 122 52 0 0.502234 -0.699123 -0.508908
-2.916687 0.730707 -9.106044 105 132 49 0 0.691103 -0.564540 -0.451299
-2.903171 0.889996 -9.280779 123 145 66 0 0.682278 -0.388221 -0.619501
-2.757398 0.962399 -9.185205 109 137 47 0 0.522104 -0.666480 -0.532177
-2.697545 1.009703 -9.204514 52 51 50 0 0.316035 -0.758805 -0.569505
-3.003571 0.763530 -9.202582 106 131 47 0 0.151960 -0.878472 -0.452985
-3.019017 0.637065 -9.123421 124 145 82 0 0.458537 -0.726707 -0.511509
-2.967852 0.688230 -9.115698 108 135 52 0 0.721603 -0.690042 -0.055949
-2.854902 0.977845 -9.353183 54 66 37 0 0.920699 -0.390170 -0.009014
-2.770914 0.724915 -8.917794 114 137 48 0 0.745528 -0.355709 -0.563613
-2.825941 0.844623 -9.111836 150 156 92 0 -0.308919 0.760294 0.571421
-2.757398 0.922819 -9.138867 108 136 46 0 0.540824 -0.746697 -0.387237
-2.831733 0.655407 -8.923587 106 127 43 0 0.398202 -0.682397 -0.613000
-2.803737 0.646719 -8.899452 105 121 45 0 0.698806 -0.311477 -0.643935
-2.830768 0.764496 -9.043294 116 140 54 0 0.538155 -0.619132 -0.571896
-2.808564 0.630307 -8.867595 66 54 37 0 0.611443 -0.767752 0.191555
-2.965921 0.773184 -9.204514 103 127 48 0 0.442815 -0.797066 -0.410610
-2.636725 0.874549 -8.934206 118 146 68 0 0.618548 -0.608435 -0.497198
-3.009364 0.691127 -9.177483 113 122 68 0 0.825348 -0.015106 -0.564423
-2.888691 0.753876 -9.104114 104 131 46 0 0.697819 -0.461327 -0.547929
-2.658929 0.993292 -9.110871 51 54 42 0 0.506082 -0.860200 -0.062737
-2.956268 0.693057 -9.061637 103 132 39 0 -0.103811 -0.402788 0.909387
-2.827872 0.679542 -8.945790 108 133 46 0 0.531639 -0.778987 -0.332475
-2.672445 0.839796 -8.943860 118 147 71 0 0.627038 -0.603503 -0.492552
-2.852972 0.856207 -9.168794 112 135 53 0 0.729219 -0.514256 -0.451421
-3.012260 0.613896 -9.061637 138 155 97 0 0.357731 0.833656 0.420768
-2.750641 0.755807 -8.914898 110 138 47 0 0.498229 -0.815712 -0.293908
-2.638656 0.943092 -8.946755 143 151 84 0 0.981499 -0.118562 0.150342
-2.818218 0.973984 -9.297190 138 147 66 0 0.613000 -0.682397 -0.398202
-2.801806 1.026115 -9.356078 59 57 43 0 0.183224 -0.969937 -0.160161
-2.794083 0.839796 -9.078048 109 133 46 0 0.371322 -0.792474 -0.483843
-2.689821 0.965296 -9.105079 106 137 55 0 0.654905 -0.560626 -0.506752
-2.871314 0.680507 -8.995991 103 128 41 0 0.735142 -0.520381 -0.434477
-2.856833 0.722984 -9.027848 110 134 49 0 0.547201 -0.658325 -0.516894
-2.878072 0.801180 -9.134040 101 120 37 0 0.713350 -0.500509 -0.490532
-2.663756 0.889030 -8.987302 119 146 68 0 0.610738 -0.627563 -0.482870
-2.991987 0.635134 -9.079979 136 150 96 0 0.119665 0.778562 0.616054
-2.874210 0.653477 -8.952548 109 133 45 0 0.365380 0.078965 -0.927503
-2.663756 0.953711 -9.063567 112 144 63 0 0.701435 -0.333629 -0.629826
-2.811460 0.937299 -9.218029 116 139 56 0 0.664767 -0.705821 -0.244748
-2.925375 0.703676 -9.079979 106 131 47 0 0.618737 -0.524325 -0.585019
-2.695614 0.753876 -8.875318 117 145 63 0 0.838144 -0.270120 -0.473868
-2.786360 0.882272 -9.119559 108 133 46 0 0.492030 -0.670034 -0.555843
-2.665687 1.000049 -9.151417 50 50 51 0 0.062902 -0.983890 -0.167344
-2.923445 0.594588 -8.979579 105 124 49 0 0.546361 -0.196325 -0.814215
-2.939856 0.850415 -9.291398 131 151 88 0 0.892654 0.030874 0.449683
-2.679202 0.786700 -8.877248 121 150 74 0 0.639774 -0.704235 -0.307801
-2.629968 0.943092 -8.981509 129 156 88 0 0.920595 -0.390517 0.001280
-2.731333 0.865861 -9.047155 103 132 47 0 0.554036 -0.641604 -0.530460
-2.734229 0.930542 -9.117629 101 132 44 0 0.717354 -0.572234 -0.397431
-2.805668 0.705607 -8.919725 167 160 104 0 0.262736 0.816191 0.514589
-2.693683 0.851380 -8.977648 118 144 63 0 0.610041 -0.650154 -0.452935
-2.880002 0.883238 -9.237336 123 148 66 0 0.657969 -0.696391 -0.286561
-2.694649 0.909303 -9.053913 103 136 51 0 0.548846 -0.585999 -0.596132
-2.726506 0.769323 -8.914898 112 137 53 0 0.373216 -0.659294 -0.652718
-2.894483 0.594588 -8.941929 102 117 53 0 0.541974 -0.636524 -0.548727
-2.880002 0.917992 -9.286571 124 146 62 0 0.601271 -0.648167 -0.467283
-2.798910 0.788630 -9.028813 128 132 64 0 0.563315 -0.556548 -0.610681
-2.714921 0.835934 -8.990198 110 139 54 0 0.666909 -0.610363 -0.427421
-2.641552 0.934403 -9.011436 116 146 68 0 0.730562 -0.556541 -0.395653
-2.644449 0.908338 -8.985372 124 154 75 0 0.792017 -0.531715 -0.299982
-2.938891 0.670853 -9.054879 92 121 33 0 0.395581 -0.879904 -0.263219
-2.946614 0.577211 -8.991163 105 114 48 0 0.563832 -0.411713 -0.715951
-2.908964 0.641892 -8.999852 98 124 39 0 0.498208 -0.555242 -0.665955
-2.681133 0.890961 -9.014333 120 149 67 0 0.652163 -0.635568 -0.413202
-2.804702 0.719123 -8.967995 113 121 47 0 0.841231 -0.374403 -0.390068
-2.909929 0.908338 -9.321324 62 67 45 0 0.673124 -0.459328 -0.579588
-2.846214 0.706573 -9.002748 107 131 47 0 0.825047 -0.477494 -0.302152
-3.017087 0.593623 -9.026883 135 150 109 0 0.172703 0.473827 0.863517
-2.994883 0.668923 -9.142729 58 61 40 0 -0.820734 0.212443 0.530344
-2.832698 0.709469 -8.956409 137 137 79 0 -0.619202 0.725351 0.300755
-2.917652 0.844623 -9.242164 111 141 56 0 0.666235 -0.592765 -0.452505
-2.876141 0.863930 -9.208375 113 141 54 0 0.647709 -0.583779 -0.489567
-2.730368 0.949849 -9.135006 96 129 41 0 0.753424 -0.484227 -0.444832
-2.751606 0.777046 -8.961237 115 140 59 0 0.639711 -0.633030 -0.435939
-2.954337 0.622584 -9.030745 97 123 34 0 0.747503 -0.579597 0.324510
-2.617418 0.973984 -9.032675 53 55 50 0 0.349948 -0.737332 -0.577821
-2.887725 0.640927 -8.971856 94 119 38 0 0.987489 0.001118 -0.157685
-2.945648 0.758703 -9.172656 104 129 48 0 0.515881 -0.499186 -0.696189
-2.819183 0.669888 -8.893660 166 141 93 0 -0.514258 -0.204793 0.832825
-2.644449 0.971088 -9.050052 120 141 78 0 0.610681 -0.556548 -0.563315
-2.719749 0.752911 -8.892694 113 139 52 0 0.428099 -0.674630 -0.601337
-2.849110 0.954676 -9.302982 126 142 58 0 0.626116 -0.672373 -0.394833
-2.764156 0.831107 -9.036536 104 129 45 0 0.568969 -0.552085 -0.609489
-2.966887 0.791526 -9.226717 100 121 43 0 0.316616 -0.857181 -0.406196
-2.691752 0.799249 -8.915864 111 141 56 0 0.807816 -0.388711 -0.443099
-2.750641 0.757738 -8.939999 111 135 49 0 0.427365 -0.808313 -0.404957
-2.912825 0.804076 -9.184240 122 144 64 0 0.699450 -0.539194 -0.469083
-2.859729 0.757738 -9.074186 111 139 51 0 0.700056 -0.635086 -0.326476
-2.767052 0.857173 -9.078048 116 139 49 0 0.652163 -0.413202 -0.635568
-2.810495 0.812765 -9.066463 128 136 63 0 0.690440 -0.412277 -0.594407
-2.729402 0.989430 -9.184240 102 132 49 0 0.522507 -0.718240 -0.459475
-2.844283 1.000049 -9.357044 81 97 48 0 0.134079 -0.826572 -0.546628
-2.894483 0.880342 -9.259541 122 147 68 0 0.633688 -0.627000 -0.453112
-2.804702 0.953711 -9.235406 123 140 55 0 0.750096 -0.562167 -0.348317
-2.895448 0.699815 -9.041364 101 128 41 0 0.526115 -0.492711 -0.693136
-2.644449 0.831107 -8.856009 49 62 25 0 0.649818 -0.633199 0.420471
-2.897379 0.670853 -9.012402 99 129 35 0 0.369601 -0.609430 -0.701420
-2.851041 0.654442 -8.942894 107 131 44 0 0.633299 -0.538726 -0.555614
-2.836560 0.618723 -8.920691 99 123 39 0 0.496922 -0.031313 -0.867230
-2.807598 0.880342 -9.136936 108 132 47 0 0.581506 -0.658593 -0.477605
-2.832698 0.926680 -9.230578 121 142 58 0 0.489896 -0.697224 -0.523336
-2.707198 1.000049 -9.184240 115 127 69 0 0.357498 -0.894486 -0.268494
-2.615487 0.857173 -8.884006 54 68 25 0 0.994649 0.054456 0.087796
-2.713956 0.863930 -9.024952 104 133 44 0 0.656452 -0.585938 -0.475130
-2.761260 0.802146 -9.001782 109 134 51 0 0.711780 -0.641401 -0.286311
-2.790221 0.827246 -9.056809 106 129 45 0 0.650154 -0.610041 -0.452935
-2.703337 0.743257 -8.855044 70 80 34 0 0.301232 -0.460432 0.835022
-2.773810 0.921853 -9.158175 110 138 48 0 0.406108 -0.731652 -0.547506
-2.688856 0.994257 -9.154313 87 95 53 0 0.095565 -0.964568 -0.245920
-2.624176 0.897719 -8.939999 128 156 82 0 0.849010 -0.403474 -0.341162
-2.961094 0.709469 -9.129213 107 134 50 0 0.505282 -0.663077 -0.552285
-2.755468 0.881307 -9.089633 106 134 45 0 0.579915 -0.643790 -0.499232
-2.810495 0.694988 -8.950618 107 130 46 0 0.648789 -0.561161 -0.513976
-3.034464 0.620653 -9.071290 143 160 105 0 0.252156 0.947289 0.197636
-2.962060 0.821453 -9.259541 101 123 49 0 0.175680 -0.753134 -0.633977
-2.810495 0.691127 -8.898487 160 147 93 0 -0.023281 0.529978 0.847692
-2.749675 0.851380 -9.045225 104 131 43 0 0.561909 -0.735561 -0.378429
-2.739056 0.906407 -9.098321 103 132 47 0 0.636362 -0.612855 -0.468457
-2.862625 0.615827 -8.923587 102 120 44 0 0.458942 -0.262472 -0.848812
-2.759329 0.705607 -8.889798 109 132 45 0 0.402012 -0.260480 -0.877802
-2.663756 0.812765 -8.892694 115 143 66 0 0.648090 -0.577390 -0.496589
-2.729402 0.799249 -8.964132 110 136 51 0 0.608134 -0.467409 -0.641640
-2.910894 0.576246 -8.963167 121 124 71 0 0.897606 -0.174334 -0.404859
-2.679202 0.872619 -8.993094 117 145 63 0 0.530607 -0.798273 -0.284985
-2.980402 0.722019 -9.173621 108 133 56 0 0.775444 -0.492577 -0.395037
-2.967852 0.672784 -9.097356 105 134 46 0 0.602766 -0.728813 -0.324815
-2.955302 0.646719 -9.076118 91 116 38 0 0.971239 0.235855 0.032657
-2.687891 0.951780 -9.086737 107 139 57 0 0.644811 -0.533695 -0.547164
-2.788291 0.969157 -9.231544 121 142 54 0 0.513845 -0.746963 -0.421911
-2.778637 0.986534 -9.251817 149 142 53 0 0.595335 -0.675380 -0.435245
-2.969783 0.603277 -9.006610 137 153 92 0 -0.468360 0.786002 0.403535
-2.845248 0.828211 -9.106044 145 147 84 0 -0.667846 0.399382 0.628073
-2.957233 0.806007 -9.241198 106 127 48 0 0.215548 -0.817860 -0.533520
-2.750641 0.998119 -9.231544 150 148 65 0 0.548690 -0.833613 0.063473
-2.796014 0.669888 -8.896556 109 101 42 0 0.752118 -0.229857 -0.617644
-2.680168 0.944057 -9.044260 126 143 72 0 -0.348898 0.910609 0.221499
-2.824010 1.024184 -9.346425 51 52 47 0 -0.664267 0.323201 0.674011
-2.885794 0.841726 -9.194859 113 140 56 0 0.627730 -0.627730 -0.460336
-2.845248 0.844623 -9.123421 143 148 84 0 -0.469350 0.721439 0.509153
-2.815321 0.751946 -9.016263 114 135 54 0 0.601974 -0.642217 -0.474536
-2.932133 0.623550 -8.996956 99 125 34 0 0.388621 -0.317963 -0.864797
-2.984264 0.747119 -9.199686 110 133 55 0 0.718949 -0.570882 -0.396492
-2.740021 0.822419 -9.000817 104 133 44 0 0.565486 -0.708101 -0.422870
-2.647345 0.919922 -8.957376 118 130 68 0 0.316715 0.909278 0.270010
-2.676306 0.790561 -8.851183 68 79 43 0 0.523159 -0.158578 0.837351
-2.771879 0.901580 -9.135006 110 136 48 0 0.475656 -0.610117 -0.633647
-2.635760 0.955642 -9.013368 123 139 74 0 -0.413561 0.815945 0.403981
-2.820148 0.784769 -9.058741 112 132 50 0 0.579327 -0.649853 -0.492008
-3.014191 0.727811 -9.205479 122 131 87 0 -0.245549 0.215370 0.945157
-2.684029 0.822419 -8.937102 114 142 62 0 0.618193 -0.641647 -0.454011
-2.868418 0.829176 -9.131145 140 146 85 0 -0.584826 0.621904 0.520782
-2.942752 0.829176 -9.268229 116 143 72 0 0.529808 -0.460052 -0.712500
-2.879037 0.614861 -8.940964 97 120 40 0 0.507370 -0.454485 -0.732133
-3.043152 0.628377 -9.090598 130 144 100 0 0.773061 0.380858 0.507271
-2.818218 0.634169 -8.909106 102 125 43 0 0.554227 -0.112009 -0.824795
-2.919583 0.870688 -9.284640 122 145 72 0 0.821529 -0.457460 -0.340325
-2.700441 0.927646 -9.077083 106 137 52 0 0.424730 -0.806186 -0.411908
-2.890621 0.937299 -9.335806 105 92 59 0 0.077851 -0.908257 0.411106
-2.684995 0.793457 -8.896556 116 143 62 0 0.650154 -0.610041 -0.452935
-2.786360 0.656373 -8.871456 136 101 65 0 0.207914 -0.420252 0.883267
-2.641552 0.983638 -9.069360 69 73 56 0 0.198040 -0.958300 -0.206014
-2.988125 0.654442 -9.098321 109 137 58 0 0.726253 -0.521116 -0.448325
-2.747745 0.687265 -8.857941 99 108 61 0 0.711181 -0.696518 0.095313
-2.942752 0.718157 -9.123421 108 136 53 0 0.688317 -0.354786 -0.632729
-2.834629 0.748084 -9.030745 112 137 50 0 0.705390 -0.398124 -0.586448
-2.792152 0.806007 -9.038467 108 126 47 0 0.697859 -0.625948 -0.348112
-2.633829 0.923784 -8.972821 133 163 85 0 0.959354 -0.238194 -0.151338
-2.987160 0.759669 -9.216098 115 130 75 0 0.206609 0.719247 0.663323
-3.015156 0.622584 -9.137902 138 137 93 0 0.341722 0.253725 0.904903
-2.652172 0.872619 -8.949652 116 143 66 0 0.593578 -0.644023 -0.482597
-2.944683 0.675680 -9.074186 97 127 40 0 0.862574 -0.499533 -0.080207
-2.790221 0.721053 -8.938067 127 136 59 0 0.572515 -0.602914 -0.555627
-2.976541 0.684369 -9.134040 112 139 58 0 0.864161 -0.308519 -0.397545
-2.801806 0.865861 -9.116663 107 130 47 0 0.547885 -0.632175 -0.547885
-2.872279 0.815661 -9.147555 114 135 55 0 0.681717 -0.554419 -0.477370
-2.948545 0.776080 -9.193894 98 124 42 0 0.381263 -0.665148 -0.642041
-2.830768 0.999084 -9.341598 124 141 68 0 0.807816 -0.443099 -0.388711
-2.907998 0.681473 -9.035571 92 120 34 0 0.409649 -0.598718 -0.688277
-2.774775 1.002946 -9.273056 178 158 62 0 0.676314 -0.682709 -0.276601
-2.620314 0.883238 -8.909106 66 79 30 0 0.912713 0.356775 0.199163
-2.817252 0.729742 -8.995025 106 127 45 0 0.553336 -0.577026 -0.600716
-2.955302 0.746153 -9.152383 105 130 46 0 0.237856 -0.855979 -0.459047
-2.965921 0.732638 -9.163967 105 132 51 0 0.488173 -0.861224 -0.141352
-2.859729 0.887099 -9.211271 120 145 60 0 0.666070 -0.616239 -0.420239
-2.813391 0.630307 -8.889798 119 131 64 0 0.373274 -0.754698 -0.539535
-2.808564 0.742292 -8.973786 180 178 120 0 0.554419 0.681717 0.477370
-2.865521 0.790561 -9.107975 117 140 54 0 0.751097 -0.404185 -0.522004
-2.654102 0.928611 -9.029778 111 143 64 0 0.928080 -0.016734 -0.372004
-2.820148 0.859103 -9.124387 124 139 66 0 0.705835 -0.340691 -0.621069
-2.793118 0.913165 -9.163967 112 138 46 0 0.609510 -0.602756 -0.514960
-2.902206 0.784769 -9.153348 112 135 54 0 0.775674 -0.356391 -0.520879
-2.794083 0.937299 -9.192928 112 138 48 0 0.641895 -0.333135 -0.690646
-2.705268 0.991361 -9.164932 111 136 62 0 0.390068 -0.841231 -0.374403
-2.740987 0.969157 -9.176517 104 134 46 0 0.525012 -0.682683 -0.508238
-2.930202 0.815661 -9.221890 110 136 51 0 0.786002 -0.468360 -0.403535
-2.864556 0.667957 -8.982475 96 123 37 0 0.675380 -0.595335 -0.435245
-2.999710 0.601346 -9.031710 145 164 107 0 -0.213925 0.570981 0.792601
-2.863591 0.857173 -9.185205 115 140 57 0 0.636508 -0.666267 -0.388518
-2.796014 0.983638 -9.275951 166 162 68 0 0.579482 -0.768959 -0.270004
-2.704302 0.734569 -8.872421 109 136 52 0 0.427147 -0.532697 -0.730602
-2.849110 0.975915 -9.305879 105 110 79 0 0.046613 0.914947 0.400872
-2.755468 0.742292 -8.929379 112 137 49 0 0.451484 -0.688055 -0.568104
-2.814356 0.771253 -9.035571 119 136 55 0 0.510009 -0.634566 -0.580704
-2.714921 0.812765 -8.961237 110 137 58 0 0.641604 -0.530460 -0.554036
-2.948545 0.694988 -9.091563 93 120 39 0 0.428718 -0.747382 -0.507563
-2.774775 0.940196 -9.183275 109 137 47 0 0.164914 -0.978325 -0.125235
-2.935029 0.735534 -9.134040 106 134 47 0 0.702186 -0.355185 -0.617073
-2.694649 0.885169 -9.033641 102 132 50 0 0.688180 -0.608965 -0.394424
-2.873245 0.756773 -9.091563 110 138 50 0 0.536984 -0.713208 -0.450535
-2.796979 1.023219 -9.335806 87 90 48 0 0.214225 -0.941209 -0.261216
-2.832698 0.942126 -9.252783 123 141 61 0 0.594899 -0.658578 -0.460837
-2.825941 0.806973 -9.083840 114 132 50 0 0.609489 -0.552085 -0.568969
-2.615487 0.951780 -8.995025 50 53 40 0 0.593373 -0.799385 -0.094301
-2.829802 0.689196 -8.967029 109 134 48 0 0.562521 -0.823027 -0.078724
-2.907033 0.865861 -9.259541 123 149 69 0 0.704235 -0.639774 -0.307801
-2.858764 0.919922 -9.262436 126 149 65 0 0.722778 -0.547459 -0.421758
-2.784429 0.785734 -9.006610 111 133 54 0 0.621069 -0.705835 -0.340691
-2.639622 0.924749 -8.995025 123 153 70 0 0.810835 -0.348866 -0.469934
-2.646379 0.841726 -8.904279 111 139 62 0 0.580048 -0.453006 -0.677001
-2.819183 0.910269 -9.188102 117 139 53 0 0.531610 -0.735696 -0.419692
-2.684029 0.767392 -8.865664 122 150 76 0 0.825563 -0.348852 -0.443563
-2.626106 0.916061 -8.957376 123 150 76 0 0.952354 0.047046 -0.301346
-2.671479 0.921853 -9.037502 106 139 54 0 0.674926 -0.467257 -0.571092
-2.738091 1.013565 -9.250852 61 56 50 0 0.229284 -0.945969 -0.229284
-2.908964 0.744223 -9.116663 101 130 42 0 0.618295 -0.594709 -0.513842
-2.753537 0.982672 -9.208375 110 137 51 0 0.669037 -0.602300 -0.435458
-2.915721 0.894822 -9.309740 106 102 82 0 0.467940 -0.659141 -0.588698
-2.737125 0.886134 -9.074186 101 130 45 0 0.612802 -0.558781 -0.558781
-2.849110 0.802146 -9.103148 112 135 53 0 0.498102 -0.468315 -0.729777
-2.812425 0.994257 -9.296225 140 146 80 0 -0.529743 0.790637 0.307028
-2.656999 0.973984 -9.063567 119 143 74 0 0.800826 -0.278480 -0.530213
-2.728437 0.722984 -8.878214 108 131 49 0 0.390611 -0.451694 -0.802119
-2.845248 0.763530 -9.054879 114 140 52 0 0.651781 -0.651781 -0.387768
-2.787325 0.738430 -8.955444 116 133 53 0 0.602914 -0.572515 -0.555627
-2.973644 0.708503 -9.146590 107 133 52 0 0.626844 -0.562639 -0.538984
-2.876141 0.636100 -8.958341 94 119 38 0 0.587103 0.040635 -0.808492
-2.959164 0.572384 -9.003714 100 110 46 0 0.656920 -0.079758 -0.749730
-2.757398 0.737465 -8.908140 108 135 46 0 0.816015 -0.331160 -0.473764
-2.945648 0.652511 -9.045225 92 121 35 0 0.830793 -0.364162 -0.420914
-2.931168 0.788630 -9.188102 107 134 48 0 0.467160 -0.854193 -0.228289
-2.710095 0.777046 -8.915864 112 139 53 0 0.385884 -0.805392 -0.449931
-2.861660 0.904476 -9.245059 126 150 64 0 0.704211 -0.293555 -0.646462
-2.636725 0.830142 -8.872421 126 151 85 0 0.813041 -0.544570 -0.205930
-2.627072 0.849449 -8.895591 105 135 60 0 0.538343 -0.705013 -0.461675
-2.841387 0.612930 -8.904279 84 94 50 0 0.055469 -0.618690 0.783674
-2.670514 0.990395 -9.124387 76 88 47 0 0.238753 -0.936863 -0.255508
-2.769948 0.970122 -9.211271 114 140 48 0 0.545634 -0.711480 -0.442809
-2.819183 0.658303 -8.911036 103 120 45 0 0.657172 0.149563 -0.738752
-2.822079 0.683403 -8.912968 143 132 81 0 -0.722810 0.534251 0.438317
-3.008398 0.615827 -9.079014 141 156 97 0 0.077851 0.411106 0.908257
-2.649276 0.894822 -8.974752 127 154 77 0 0.825648 -0.325541 -0.460790
-2.900275 0.846553 -9.217063 114 141 54 0 0.746216 -0.411649 -0.523171
-2.809529 0.963365 -9.262436 137 140 60 0 0.546788 -0.745917 -0.380303
-2.725541 0.844623 -9.016263 105 134 45 0 0.679206 -0.442235 -0.585753
-2.840421 0.906407 -9.212236 122 146 59 0 0.483469 -0.802590 -0.349438
-2.796014 1.009703 -9.296225 131 139 79 0 -0.523000 0.737480 0.427310
-2.835595 0.874549 -9.162037 126 141 66 0 0.695131 -0.340240 -0.633269
-2.770914 0.741326 -8.939033 110 134 47 0 0.580538 -0.405219 -0.706239
-2.649276 0.990395 -9.096391 52 51 47 0 0.467140 -0.744453 -0.477044
-2.865521 0.731673 -9.040398 106 131 48 0 -0.086814 -0.954956 0.283766
-2.932133 0.687265 -9.070325 96 124 38 0 0.537405 -0.823419 -0.182146
-2.751606 1.020322 -9.282709 51 51 49 0 0.636814 -0.659971 -0.398629
-2.877106 0.654442 -8.974752 103 131 40 0 0.205128 -0.978211 0.032014
-2.758364 0.913165 -9.124387 114 139 52 0 0.764640 -0.500521 -0.405960
-2.839456 0.953711 -9.288502 148 154 72 0 0.545447 -0.788922 -0.283000
-2.921514 0.827246 -9.212236 117 143 55 0 0.816730 -0.300569 -0.492556
-2.888691 0.744223 -9.089633 103 129 45 0 0.554036 -0.641604 -0.530460
-2.791187 1.022253 -9.317463 120 116 65 0 0.377681 -0.893104 -0.244382
-2.656999 0.814696 -8.854079 63 73 33 0 0.735627 -0.339395 0.586228
-2.903171 0.738430 -9.098321 101 126 44 0 0.468877 -0.780381 -0.413715
-3.030602 0.611000 -9.051983 137 151 96 0 0.047317 0.947621 0.315874
-2.641552 0.912199 -8.928413 122 137 70 0 -0.723067 0.175798 0.668034
-2.981368 0.800215 -9.240232 139 148 94 0 -0.570623 0.262518 0.778122
-2.866487 0.950815 -9.320359 118 140 64 0 0.555084 -0.698439 -0.451735
-2.717818 0.932472 -9.101217 101 133 45 0 0.608767 -0.595277 -0.524450
-3.025775 0.607138 -9.035571 135 148 100 0 -0.110885 0.896903 0.428099
-2.807598 0.839796 -9.088667 115 135 52 0 0.577728 -0.434545 -0.690943
-2.884829 0.777046 -9.116663 108 131 46 0 0.649522 -0.315852 -0.691635
-3.006468 0.647684 -9.128248 122 147 82 0 0.467190 -0.801126 0.374073
-2.732298 0.877446 -9.059706 103 132 48 0 0.563495 -0.604108 -0.563495
-2.886760 0.722984 -9.061637 108 133 52 0 0.435907 -0.720987 -0.538668
-2.701406 0.817592 -8.949652 110 136 60 0 0.656920 -0.610116 -0.442961
-2.839456 0.666992 -8.941929 105 129 40 0 0.532481 -0.586575 -0.610241
-2.657964 0.902546 -8.995991 121 150 68 0 0.664225 -0.627784 -0.405823
-2.782498 0.669888 -8.881110 121 105 49 0 0.551897 -0.535019 -0.639660
-2.932133 0.647684 -9.025917 91 116 33 0 0.775222 -0.616892 -0.135925
-2.818218 0.825315 -9.093494 120 134 63 0 0.853712 -0.261153 -0.450528
-2.724575 0.783803 -8.923587 135 147 78 0 -0.672649 0.561939 0.481422
-2.935029 0.839796 -9.278848 124 149 75 0 0.641409 -0.136056 -0.755039
-2.764156 0.934403 -9.163967 110 138 48 0 0.618578 -0.658594 -0.428503
-2.829802 0.817592 -9.071290 136 143 80 0 -0.167528 0.943876 0.284661
-2.829802 0.886134 -9.172656 114 136 53 0 0.583900 -0.664208 -0.466786
-2.737125 1.007772 -9.229613 131 126 75 0 0.674325 -0.674325 -0.300952
-2.887725 0.787665 -9.132110 115 137 54 0 0.629320 -0.612538 -0.478283
-2.928271 0.859103 -9.302982 105 121 81 0 0.579083 -0.144398 0.802379
-2.823045 0.711400 -8.939033 137 137 79 0 -0.506639 0.814073 0.283906
-2.911860 0.783803 -9.166863 111 137 55 0 0.506758 -0.697419 -0.506758
-2.688856 0.901580 -9.040398 103 135 45 0 0.555614 -0.633299 -0.538726
-3.007433 0.784769 -9.228648 134 113 82 0 0.426678 0.861002 0.276805
-2.844283 0.828211 -9.125352 115 134 55 0 0.736119 -0.410053 -0.538503
-3.010329 0.640927 -9.109905 112 135 65 0 0.608761 -0.703931 -0.365913
-2.804702 0.753876 -9.002748 147 149 86 0 0.861339 -0.371347 -0.346693
-2.884829 0.669888 -9.001782 94 121 33 0 0.451735 -0.698439 -0.555084
-2.959164 0.611965 -9.019159 101 123 35 0 0.390068 -0.374403 -0.841231
-2.671479 0.832073 -8.929379 119 147 68 0 0.594709 -0.618295 -0.513842
-2.963025 0.586865 -9.010471 93 110 37 0 0.563024 -0.063819 -0.823973
-2.944683 0.622584 -9.008540 97 123 37 0 0.812702 -0.419923 -0.403956
-2.840421 0.695953 -8.983440 106 131 46 0 0.682635 -0.445632 -0.579155
-2.772845 0.890961 -9.116663 112 138 49 0 0.654112 -0.522954 -0.546495
-2.839456 0.849449 -9.137902 111 134 52 0 0.618963 -0.531262 -0.578486
-2.673410 0.971088 -9.093494 117 145 68 0 0.743578 -0.506160 -0.436914
-2.747745 0.789596 -8.970890 109 134 48 0 0.541486 -0.565103 -0.622456
-2.813391 0.728776 -8.956409 154 153 93 0 0.307400 0.837939 0.450958
-2.914756 0.757738 -9.135006 103 128 44 0 0.737313 -0.332196 -0.588230
-2.832698 1.010669 -9.353183 101 102 89 0 -0.640012 0.688868 0.340362
-2.650241 0.920888 -9.006610 117 146 65 0 0.785517 -0.342158 -0.515646
-2.822079 0.623550 -8.861802 66 66 65 0 0.299510 -0.948669 -0.101596
-2.736160 0.746153 -8.897521 111 137 49 0 0.508513 -0.545435 -0.666270
-2.829802 0.720088 -8.997921 109 130 45 0 0.572306 -0.609447 -0.548671
-2.971714 0.832073 -9.282709 93 98 65 0 -0.419669 -0.873935 0.245183
-2.896414 0.640927 -8.985372 100 128 39 0 0.651781 -0.387768 -0.651781
-2.853937 0.772219 -9.078048 111 136 51 0 0.682454 -0.602751 -0.413458
-2.725541 0.824349 -8.993094 106 135 44 0 0.579588 -0.673124 -0.459328
-2.750641 0.826280 -9.021091 104 131 48 0 0.561852 -0.688560 -0.458484
-2.883864 0.734569 -9.072256 107 133 50 0 0.626454 -0.656364 -0.420406
-2.908964 0.701746 -9.051983 107 136 45 0 0.545455 -0.838005 0.015038
-2.876141 0.790561 -9.121490 115 138 52 0 0.626844 -0.538984 -0.562639
-2.835595 0.776080 -9.056809 112 136 50 0 0.492552 -0.627038 -0.603503
-2.901241 0.755807 -9.124387 101 127 44 0 0.768244 -0.497483 -0.402880
-2.802772 1.009703 -9.320359 128 140 59 0 0.720129 -0.490619 -0.490619
-2.868418 0.918957 -9.274986 124 147 60 0 0.595277 -0.524450 -0.608767
-2.656033 0.806973 -8.875318 119 150 76 0 0.790481 -0.591731 -0.158096
-2.866487 0.844623 -9.170725 112 137 53 0 0.588770 -0.707513 -0.390864
-2.711060 0.954676 -9.123421 101 133 46 0 0.679474 -0.538546 -0.498281
-2.921514 0.744223 -9.126317 102 129 46 0 0.483078 -0.697037 -0.529882
-3.033498 0.628377 -9.103148 114 126 66 0 0.064656 -0.751447 0.656618
-2.977506 0.720088 -9.158175 108 134 51 0 0.666027 -0.348559 -0.659481
-2.834629 0.963365 -9.300086 141 152 66 0 0.538456 -0.595846 -0.595846
-2.830768 0.634169 -8.918759 98 120 45 0 0.633168 -0.261836 -0.728382
-2.708164 0.792492 -8.930345 116 142 58 0 0.625510 -0.571557 -0.531093
-2.978471 0.640927 -9.074186 138 146 91 0 -0.444722 0.759802 0.474261
-2.808564 0.680507 -8.884972 159 140 91 0 -0.151583 0.592826 0.790936
-2.707198 0.915096 -9.070325 100 132 44 0 0.613033 -0.596145 -0.518461
-2.759329 0.852346 -9.059706 108 132 46 0 0.717327 -0.497635 -0.487649
-2.726506 0.813730 -8.973786 106 135 50 0 0.509403 -0.563202 -0.650624
-2.721679 0.943092 -9.122456 99 131 47 0 0.563591 -0.657803 -0.499661
-2.917652 0.609069 -8.981509 96 120 41 0 0.705838 -0.261715 -0.658254
-2.852006 0.742292 -9.038467 109 133 51 0 0.619173 -0.286388 -0.731168
-2.970748 0.807938 -9.248921 96 110 44 0 -0.054961 -0.952238 -0.300370
-2.949510 0.818557 -9.249887 103 129 48 0 0.870868 0.014806 -0.491293
-2.899310 0.866826 -9.243129 120 148 66 0 0.688993 -0.623218 -0.369984
-2.951441 0.793457 -9.225752 102 126 44 0 0.942031 -0.332101 0.047812
-2.845248 0.936334 -9.264367 131 150 65 0 0.736827 -0.651042 -0.182292
-2.671479 0.894822 -9.002748 125 153 73 0 0.516492 -0.715782 -0.469991
-2.787325 0.798284 -9.024952 105 128 45 0 0.593540 -0.536046 -0.600304
-2.831733 0.820488 -9.106044 116 133 56 0 0.701745 -0.419720 -0.575664
-2.813391 0.783803 -9.025917 176 175 114 0 -0.125812 0.428327 0.894822
-2.740021 0.768357 -8.936136 114 139 53 0 0.940615 -0.308109 -0.142517
-2.649276 0.922819 -8.972821 93 108 49 0 0.991923 -0.007706 0.126605
-2.812425 0.723950 -8.981509 111 125 46 0 0.569046 -0.481759 -0.666405
-2.796014 0.684369 -8.910071 151 133 75 0 0.744453 -0.477044 -0.467140
-2.987160 0.674715 -9.128248 89 94 69 0 -0.784369 0.449835 0.427099
-2.908964 0.606173 -8.968960 98 122 41 0 0.751187 -0.253545 -0.609453
-2.820148 0.669888 -8.921656 105 126 45 0 0.548258 -0.713894 -0.435625
-2.892552 0.654442 -8.977648 104 131 41 0 0.414308 -0.906554 -0.080674
-2.890621 0.895788 -9.274021 115 137 54 0 0.525012 -0.682683 -0.508238
-2.874210 0.713330 -9.033641 103 126 46 0 0.629792 -0.572385 -0.525108
-2.803737 0.934403 -9.204514 113 138 51 0 0.577728 -0.690943 -0.434545
-2.710095 0.850415 -9.001782 113 141 54 0 0.601093 -0.617930 -0.506804
-2.692718 0.837865 -8.963167 110 138 54 0 0.547201 -0.516894 -0.658325
-2.722645 0.998119 -9.194859 114 134 59 0 0.500184 -0.752735 -0.428026
-2.928271 0.663130 -9.036536 100 128 38 0 0.643655 -0.747127 -0.165859
-2.985229 0.683403 -9.146590 115 140 65 0 0.711780 -0.286311 -0.641401
-2.657964 0.884203 -8.967995 125 153 75 0 0.713341 -0.632829 -0.301117
-2.676306 0.956607 -9.078048 107 138 62 0 0.585172 -0.632390 -0.507599
-2.908964 0.629342 -8.991163 101 130 38 0 0.522841 -0.453129 -0.722019
-3.005502 0.647684 -9.171690 120 113 74 0 0.576932 0.174140 0.798013
-2.681133 0.776080 -8.851183 92 108 58 0 0.950519 0.079318 0.300369
-3.016121 0.677611 -9.175551 131 138 87 0 0.490302 -0.427989 -0.759230
-2.902206 0.717192 -9.065498 105 130 47 0 0.523992 -0.631823 -0.571168
-2.811460 0.973019 -9.283675 134 137 56 0 0.490488 -0.815377 -0.307541
-2.895448 0.680507 -9.025917 101 129 38 0 0.452263 -0.585773 -0.672554
-3.047014 0.634169 -9.073221 102 96 77 0 0.855678 0.475044 0.205303
-2.779602 0.666027 -8.860837 74 56 31 0 0.096403 -0.889982 0.445689
-2.778637 0.856207 -9.087702 112 137 51 0 0.577635 -0.473828 -0.664699
-2.863591 0.835934 -9.158175 112 135 52 0 0.555716 -0.579363 -0.596254
-2.817252 0.868757 -9.135971 110 131 54 0 0.492711 -0.693136 -0.526115
-2.891587 0.856207 -9.209340 115 141 54 0 0.722404 -0.307303 -0.619433
-2.722645 0.899649 -9.069360 103 134 52 0 0.569358 -0.593011 -0.569358
-2.750641 1.004876 -9.245059 145 119 48 0 0.609977 -0.379797 -0.695473
-2.856833 0.662165 -8.954479 106 134 45 0 0.936169 -0.181686 -0.300961
-2.672445 0.851380 -8.953513 114 143 59 0 0.643220 -0.388577 -0.659755
-2.737125 0.697884 -8.858906 77 87 38 0 0.411385 -0.821182 0.395502
-2.866487 0.621619 -8.945790 92 117 36 0 0.404190 -0.800328 -0.442838
-2.820148 0.758703 -9.028813 114 137 53 0 0.563861 -0.476856 -0.674291
-2.881933 0.622584 -8.928413 100 123 43 0 0.625759 0.548171 0.554918
-2.739056 0.759669 -8.923587 115 142 51 0 0.690042 -0.721603 0.055949
-2.775741 0.827246 -9.045225 104 128 44 0 0.513271 -0.570488 -0.641168
-2.720714 0.886134 -9.055844 102 132 43 0 0.596254 -0.579363 -0.555716
-2.852006 0.695953 -8.994060 109 134 48 0 0.534678 -0.544798 -0.645999
-2.822079 0.950815 -9.258574 126 133 53 0 0.480765 -0.741798 -0.467548
-3.006468 0.630307 -9.081909 137 147 90 0 -0.380320 0.703015 0.600938
-2.828837 0.837865 -9.094460 137 143 81 0 -0.485359 0.525389 0.698851
-2.766087 0.721053 -8.904279 109 129 46 0 0.662947 -0.293751 -0.688630
-2.905102 0.912199 -9.307810 115 130 64 0 0.514590 -0.578703 -0.632693
-2.623210 0.900615 -8.925517 124 144 82 0 0.956405 0.259878 -0.133237
-2.656999 0.970122 -9.042329 117 137 66 0 -0.556653 0.650830 0.516292
-2.809529 1.022253 -9.343529 134 138 75 0 0.451860 -0.774851 -0.442073
-2.813391 0.821453 -9.078048 123 133 59 0 0.762362 -0.444301 -0.470533
-3.001641 0.655407 -9.154313 129 146 88 0 0.862835 0.144048 -0.484526
-2.733264 0.968192 -9.163967 102 132 43 0 0.784369 -0.449835 -0.427099
-3.004537 0.607138 -9.051018 141 160 99 0 0.001174 0.973432 0.228974
-2.712991 0.797319 -8.944825 114 140 57 0 0.713033 -0.396861 -0.578001
-2.824975 0.977845 -9.309740 134 148 65 0 0.626144 -0.585638 -0.514754
-2.616452 0.866826 -8.895591 65 74 31 0 0.954019 0.086965 -0.286855
-2.642518 0.816626 -8.857941 121 145 80 0 0.533609 -0.063357 0.843355
-2.880002 0.925715 -9.299121 121 145 62 0 0.554593 -0.671878 -0.490924
-2.761260 0.682438 -8.873386 109 123 51 0 0.560967 -0.451104 -0.694134
-3.000675 0.758703 -9.221890 120 120 74 0 -0.357346 0.579259 0.732641
-2.657964 0.855242 -8.936136 117 145 64 0 0.773444 -0.467323 -0.428244
-2.854902 0.815661 -9.103148 138 146 81 0 -0.436962 0.818311 0.373404
-2.855868 0.979776 -9.338701 115 136 62 0 0.515963 -0.736855 -0.436838
-2.895448 0.838830 -9.205479 112 140 56 0 0.672256 -0.474435 -0.568316
-3.002606 0.787665 -9.242164 136 139 106 0 -0.422581 0.801779 0.422581
-2.626106 0.964330 -9.025917 73 80 49 0 0.479050 -0.596711 -0.643776
-2.957233 0.673750 -9.084805 99 128 40 0 0.530701 -0.537440 -0.655374
-2.696579 0.987499 -9.143694 110 135 60 0 0.563958 -0.700373 -0.437525
-2.875175 0.851380 -9.191963 114 140 58 0 0.693261 -0.651246 -0.308655
-2.739056 0.981707 -9.191963 101 130 42 0 0.565841 -0.682681 -0.462354
-2.800841 0.945988 -9.213202 116 140 50 0 0.601271 -0.648167 -0.467283
-2.755468 0.945022 -9.168794 110 139 51 0 0.577369 -0.687186 -0.440931
-2.713956 0.767392 -8.905244 111 137 55 0 0.541856 -0.582369 -0.606001
-2.961094 0.688230 -9.094460 108 134 46 0 0.640264 -0.719702 -0.268498
-2.782498 0.840761 -9.069360 110 134 51 0 0.379122 -0.885617 -0.268233
-2.655068 0.961434 -9.054879 113 142 65 0 0.801573 -0.406409 -0.438536
-2.946614 0.735534 -9.142729 103 131 46 0 0.577369 -0.440931 -0.687186
-2.952406 0.722984 -9.133075 105 133 49 0 0.580392 -0.466655 -0.667367
-2.785395 0.774150 -8.992129 105 129 45 0 0.627784 -0.664225 -0.405823
-2.949510 0.839796 -9.289467 110 131 73 0 0.634748 0.365759 0.680673
-2.709129 1.009703 -9.194859 72 72 52 0 -0.493130 0.769804 0.405246
-3.004537 0.681473 -9.167829 117 128 69 0 0.825738 -0.316140 -0.467132
-3.012260 0.664096 -9.179414 136 134 91 0 0.350003 0.048142 -0.935511
-2.690787 0.872619 -9.005644 117 145 63 0 0.575630 -0.609391 -0.545245
-2.760295 0.841726 -9.046190 105 130 47 0 0.514867 -0.672513 -0.531637
-2.995848 0.716226 -9.179414 113 131 58 0 0.524105 -0.547698 -0.652182
-2.920548 0.680507 -9.044260 94 124 35 0 0.996024 -0.079464 -0.040276
-2.922479 0.841726 -9.256644 111 140 61 0 0.586380 -0.809894 -0.015177
-2.908964 0.676646 -9.022056 100 129 36 0 0.452263 -0.672554 -0.585773
-2.809529 0.954676 -9.248921 129 138 57 0 0.649558 -0.675737 -0.348503
-2.845248 0.791526 -9.088667 115 139 53 0 0.633647 -0.610117 -0.475656
-2.768018 0.954676 -9.190998 110 137 47 0 0.603913 -0.482794 -0.634192
-2.815321 0.921853 -9.199686 113 136 49 0 0.690552 -0.570746 -0.444283
-2.855868 0.930542 -9.272090 124 147 60 0 0.633647 -0.610117 -0.475656
-2.860694 0.946953 -9.307810 117 139 54 0 0.664827 -0.696713 -0.269438
-2.660860 0.947919 -9.043294 112 144 65 0 0.485359 -0.698851 -0.525389
-2.738091 0.756773 -8.908140 112 139 47 0 0.529509 -0.777365 -0.339594
-2.872279 0.689196 -9.014333 100 127 41 0 0.513624 -0.719739 -0.467082
-2.887725 0.867792 -9.225752 115 142 61 0 0.548258 -0.713894 -0.435625
-2.643483 0.889030 -8.955444 125 156 79 0 0.562639 -0.626844 -0.538984
-2.876141 0.891926 -9.247955 127 151 73 0 0.563578 -0.783358 -0.262166
-2.801806 0.716226 -8.951583 170 148 92 0 0.940268 -0.189158 -0.283047
-2.824010 0.877446 -9.153348 120 138 58 0 0.611770 -0.674771 -0.412821
-2.877106 0.829176 -9.162037 113 136 55 0 0.732357 -0.461236 -0.500913
-2.644449 0.856207 -8.913933 109 139 61 0 0.458206 -0.729490 -0.507831
-2.894483 0.796353 -9.150452 115 137 56 0 0.634284 -0.664094 -0.395807
-2.821114 0.809869 -9.056809 152 153 90 0 -0.223552 0.800161 0.556567
-2.751606 0.932472 -9.147555 107 136 45 0 0.593011 -0.569358 -0.569358
-2.784429 1.003911 -9.290433 149 154 67 0 0.716771 -0.520532 -0.463989
-2.694649 1.000049 -9.174586 55 61 37 0 0.238700 -0.903544 -0.355853
-2.703337 0.844623 -8.985372 116 143 60 0 0.794509 -0.539637 -0.278472
-2.637691 0.947919 -9.024952 112 140 66 0 0.594744 -0.371920 -0.712710
-2.771879 0.817592 -9.032675 101 125 42 0 0.467409 -0.641640 -0.608134
-2.823045 0.776080 -9.048121 116 137 52 0 0.492697 -0.657490 -0.570049
-2.843318 0.917992 -9.233475 127 149 62 0 0.663077 -0.552285 -0.505282
-2.857798 0.820488 -9.134040 116 135 53 0 0.601337 -0.674630 -0.428099
-2.894483 0.833038 -9.188102 115 140 60 0 0.816308 -0.507266 -0.276265
-2.803737 0.685334 -8.924552 108 121 42 0 0.627281 -0.683258 -0.373734
-2.942752 0.750980 -9.156244 100 128 45 0 0.475368 -0.695538 -0.538750
-2.702372 0.896753 -9.050052 99 130 46 0 0.412948 -0.694880 -0.588741
-2.628037 0.954676 -9.001782 127 143 81 0 -0.666830 0.459594 0.586610
-2.775741 0.797319 -9.015298 103 128 45 0 0.500913 -0.461236 -0.732357
-2.771879 0.982672 -9.235406 127 140 52 0 0.556347 -0.754231 -0.348731
-2.647345 0.947919 -9.014333 122 137 70 0 -0.315275 0.862776 0.395247
-2.751606 1.012599 -9.256644 139 119 68 0 -0.030800 -0.895870 0.443248
-2.842352 0.964330 -9.311671 126 145 61 0 0.515649 -0.742996 -0.426687
-2.788291 0.681473 -8.895591 139 124 68 0 0.697884 -0.602193 -0.387713
-2.973644 0.697884 -9.135971 109 136 55 0 0.818311 -0.373404 -0.436962
-2.938891 0.810834 -9.232510 102 129 48 0 0.759507 -0.434707 -0.483919
-2.813391 0.713330 -8.928413 138 137 79 0 -0.253686 0.921583 0.293817
-3.030602 0.630307 -9.116663 115 135 74 0 0.709495 -0.318384 -0.628687
-2.740021 0.997153 -9.218994 119 134 53 0 0.483827 -0.713271 -0.507104
-2.693683 0.939230 -9.080944 109 141 56 0 0.705390 -0.398124 -0.586448
-2.951441 0.706573 -9.119559 109 137 49 0 0.761097 -0.579199 -0.291993
-2.682098 0.818557 -8.923587 115 144 61 0 0.610738 -0.627563 -0.482870
-2.873245 0.778011 -9.107975 113 137 53 0 0.690240 -0.300874 -0.658061
-2.668583 0.802146 -8.851183 52 60 23 0 0.477568 -0.678649 0.558000
-2.731333 0.858138 -9.035571 100 130 44 0 0.610681 -0.563315 -0.556548
-2.865521 0.638030 -8.949652 98 120 43 0 0.850086 -0.135606 -0.508885
-2.645414 0.820488 -8.877248 123 150 77 0 0.657541 -0.664100 -0.355826
-2.810495 0.766426 -9.001782 174 173 113 0 0.825563 0.443563 0.348852
-3.008398 0.637065 -9.096391 104 128 55 0 0.214798 -0.857691 0.467149
-2.797945 0.999084 -9.304914 134 145 61 0 0.650830 -0.556653 -0.516292
-2.740021 0.706573 -8.885937 107 131 45 0 0.365422 -0.174890 -0.914265
-3.041221 0.616792 -9.058741 132 144 102 0 0.319395 0.914829 0.247134
-2.997779 0.669888 -9.156244 123 143 80 0 0.854009 -0.284670 -0.435468
-2.968817 0.780907 -9.218029 96 121 41 0 0.333969 -0.682600 -0.650017
-2.706233 0.751946 -8.884006 112 140 52 0 0.452793 -0.603167 -0.656634
-2.723610 0.792492 -8.953513 112 137 57 0 0.811198 -0.436799 -0.388799
-3.006468 0.583969 -9.016263 129 143 105 0 -0.183015 0.690535 0.699762
-2.987160 0.607138 -9.031710 138 154 93 0 -0.355888 0.887468 0.292820
-2.683064 0.923784 -9.053913 106 138 51 0 0.735527 -0.441316 -0.514043
-2.765121 1.012599 -9.271125 172 155 81 0 0.690042 0.721603 0.055949
-2.911860 0.818557 -9.197756 118 142 60 0 0.830240 -0.442690 -0.338713
-2.763191 0.752911 -8.942894 111 134 47 0 0.434198 -0.697046 -0.570613
-2.947579 0.767392 -9.183275 104 130 46 0 0.641677 -0.547362 -0.537257
-2.732298 0.898684 -9.081909 99 129 48 0 0.555627 -0.602914 -0.572515
-2.660860 0.907372 -9.008540 117 147 67 0 0.691776 -0.659675 -0.293724
-2.815321 0.743257 -9.005644 110 130 46 0 0.644249 -0.509680 -0.570236
-2.972679 0.735534 -9.175551 102 127 47 0 0.509984 -0.476761 -0.715972
-2.919583 0.792492 -9.181344 109 133 50 0 0.707848 -0.325577 -0.626858
-2.699476 0.785734 -8.915864 118 144 67 0 0.719565 -0.554148 -0.418506
-2.959164 0.767392 -9.193894 105 132 46 0 0.308655 -0.651246 -0.693261
-2.747745 0.921853 -9.124387 107 136 47 0 0.666270 -0.545435 -0.508513
-2.762225 0.777046 -8.969925 109 135 47 0 0.468045 -0.592186 -0.655934
-2.682098 0.982672 -9.121490 117 143 69 0 0.516538 -0.690389 -0.506508
-2.842352 0.719123 -9.006610 111 132 48 0 0.625759 -0.554918 -0.548171
-2.650241 0.982672 -9.079979 72 81 43 0 0.235855 -0.971239 -0.032657
-2.877106 0.764496 -9.102182 111 137 52 0 0.620847 -0.499706 -0.604022
-2.803737 0.973019 -9.270160 143 146 64 0 0.594744 -0.712710 -0.371920
-2.773810 0.996188 -9.260506 201 168 66 0 0.570273 -0.680649 -0.459898
-2.688856 0.777046 -8.877248 120 147 72 0 0.698448 -0.660089 -0.276502
-3.002606 0.734569 -9.198721 104 120 54 0 0.373412 -0.505965 -0.777537
-2.738091 0.833038 -9.011436 108 135 53 0 0.451056 -0.814451 -0.364989
-2.817252 0.964330 -9.274986 128 129 54 0 0.523171 -0.746216 -0.411649
-2.638656 0.911234 -8.970890 131 162 85 0 0.801779 -0.422581 -0.422581
-2.798910 0.727811 -8.959306 155 144 87 0 0.814451 -0.364989 -0.451056
-2.863591 0.765461 -9.084805 111 137 52 0 0.680673 -0.634748 -0.365759
-2.648310 0.861999 -8.929379 119 147 69 0 0.617715 -0.696363 -0.365386
-2.736160 0.935369 -9.130178 99 130 42 0 0.743267 -0.585262 -0.324071
-2.953371 0.666992 -9.068395 95 125 37 0 0.309566 -0.309566 -0.899076
-2.826906 0.614861 -8.912002 99 120 47 0 0.886318 -0.457677 0.070518
-3.014191 0.636100 -9.137902 130 148 89 0 0.523000 -0.737480 0.427310
-2.748710 0.892892 -9.091563 104 133 47 0 0.672373 -0.394833 -0.626116
-2.865521 0.737465 -9.055844 105 131 48 0 0.294195 -0.870391 -0.394801
-2.885794 0.651546 -8.959306 108 131 43 0 0.703063 0.489305 -0.516025
-2.886760 0.825315 -9.170725 116 139 57 0 0.610363 -0.427421 -0.666909
-2.627072 0.883238 -8.930345 120 147 75 0 0.713033 -0.396861 -0.578001
-3.029637 0.716226 -9.208375 81 84 68 0 -0.173228 0.854296 0.490073
-2.824010 0.790561 -9.041364 155 157 93 0 -0.485559 0.660293 0.572926
-2.764156 0.886134 -9.106044 111 138 48 0 0.592680 -0.545400 -0.592680
-2.719749 0.867792 -9.036536 105 132 45 0 0.475410 -0.705609 -0.525453
-2.813391 0.983638 -9.305879 129 141 57 0 0.531474 -0.595588 -0.602337
-2.831733 0.917992 -9.217063 120 142 58 0 0.664225 -0.627784 -0.405823
-2.986194 0.764496 -9.203547 99 123 47 0 0.721454 -0.149736 -0.676080
-2.674376 0.807938 -8.899452 112 140 60 0 0.581506 -0.658593 -0.477605
-2.838491 0.802146 -9.093494 114 136 54 0 0.585999 -0.596132 -0.548846
-2.711060 0.920888 -9.081909 107 138 55 0 0.984614 -0.174561 -0.007986
-2.676306 0.993292 -9.146590 52 52 35 0 0.230877 -0.927756 -0.293199
-2.880002 0.700780 -9.027848 99 126 42 0 0.539416 -0.579999 -0.610436
-2.821114 0.924749 -9.212236 115 137 52 0 0.706355 -0.556774 -0.437109
-2.826906 0.674715 -8.933241 109 133 44 0 0.578117 -0.625311 -0.524182
