2.234191 -0.539508 -5.508856 63 59 62 0 0.693456 -0.671240 -0.261831
2.021758 -0.158757 -5.043268 194 185 165 0 0.445223 -0.848851 0.285005
2.321743 -0.170295 -5.332394 203 208 202 0 -0.991746 0.126060 -0.023427
2.204328 0.064535 -5.166113 160 163 110 0 0.620791 -0.446769 0.644217
2.137137 -0.329111 -5.257059 165 163 56 0 -0.856917 0.348655 -0.379647
2.155462 -0.134324 -5.196654 191 189 159 0 0.524881 -0.636270 0.565386
2.260660 -0.356938 -5.415874 183 184 146 0 -0.284920 -0.078643 0.955320
2.051620 -0.315537 -5.100279 42 41 40 0 0.434545 -0.577728 0.690943
2.304775 -0.030483 -5.246199 114 109 34 0 0.133500 0.529599 -0.837677
2.105238 -0.046772 -5.111138 208 161 112 0 0.078196 0.222176 -0.971866
2.219938 -0.230021 -5.280813 164 175 61 0 -0.587995 0.285233 -0.756904
2.136458 0.128333 -5.056842 55 55 13 0 -0.704526 0.656815 -0.268769
2.084198 -0.208302 -5.136929 191 185 140 0 0.843007 -0.174570 0.508788
2.205007 -0.456706 -5.427412 46 46 33 0 0.892385 0.087434 -0.442723
2.252516 -0.128216 -5.251629 190 183 67 0 -0.422187 0.175548 -0.889349
2.308169 -0.271421 -5.370401 75 72 63 0 0.986903 -0.117573 0.110448
2.186682 -0.378656 -5.338502 167 168 61 0 -0.675026 0.706205 0.213576
2.191433 -0.034555 -5.184438 180 172 148 0 0.538503 -0.410053 0.736119
2.129671 -0.232736 -5.225838 215 210 188 0 0.880574 -0.389861 0.269441
2.130350 0.048246 -5.105030 183 155 123 0 0.697963 -0.301430 0.649606
2.043476 -0.054916 -5.044626 191 156 123 0 0.686901 -0.237350 0.686901
2.282378 0.052318 -5.232625 158 163 97 0 0.807525 -0.546041 -0.223031
2.014292 -0.240201 -5.023586 188 180 161 0 -0.048288 -0.356285 0.933129
2.319707 -0.094960 -5.297781 176 175 121 0 0.189199 -0.537325 0.821880
2.242335 -0.457385 -5.501390 230 223 207 0 0.545096 -0.615975 0.568722
2.236906 -0.293140 -5.329000 170 175 68 0 -0.150063 0.165195 -0.974778
2.086913 -0.129573 -5.119961 175 173 133 0 0.769543 -0.085828 0.632800
2.189397 0.125618 -5.117925 185 192 133 0 0.715102 -0.379744 0.586877
2.189397 -0.173010 -5.244842 193 182 169 0 0.791246 -0.070365 0.607436
2.044834 -0.243595 -5.086026 80 81 45 0 -0.665734 0.064704 -0.743379
2.238263 -0.056952 -5.229232 167 171 138 0 0.537150 -0.149455 0.830141
2.141888 -0.076635 -5.163398 185 189 147 0 0.648395 -0.244528 0.720965
2.283736 -0.240880 -5.315427 172 177 72 0 -0.136130 0.522563 -0.841663
2.238942 0.008881 -5.205477 170 173 101 0 0.300767 -0.197247 0.933077
2.084198 0.007524 -5.076524 188 175 141 0 0.709863 -0.006946 0.704306
2.179895 -0.287031 -5.284885 174 157 66 0 -0.490449 0.206743 -0.846591
2.259981 -0.418020 -5.452524 55 43 51 0 0.860738 -0.481131 0.166262
2.146638 -0.010122 -5.143716 172 179 141 0 0.744904 -0.055761 0.664837
2.082841 0.094398 -5.020871 142 147 54 0 -0.633688 0.627000 -0.453112
2.268804 -0.164187 -5.297781 218 219 218 0 0.617729 -0.254359 0.744119
1.998682 -0.121429 -4.977434 172 157 133 0 -0.679518 -0.276604 0.679518
2.120848 -0.188620 -5.186474 203 197 178 0 0.807967 -0.270364 0.523538
2.050942 -0.108534 -5.069737 173 170 121 0 0.802143 -0.253882 0.540473
2.225368 -0.523898 -5.453203 71 39 18 0 -0.230159 0.103000 -0.967687
2.091664 -0.257847 -5.166791 166 166 70 0 -0.799385 0.593373 -0.094301
2.263375 -0.304678 -5.387369 179 184 148 0 0.300874 -0.690240 0.658061
2.051620 -0.183190 -5.086705 178 172 133 0 0.822183 -0.245267 0.513672
2.201613 -0.413948 -5.381939 155 153 52 0 -0.616874 0.379994 -0.689254
2.192790 -0.092245 -5.209549 178 177 156 0 0.485227 0.213137 0.848014
2.251158 0.088289 -5.187831 148 153 118 0 0.135179 -0.595680 0.791765
2.031260 0.011596 -4.993723 172 169 128 0 0.475325 -0.879687 -0.014728
2.237584 -0.352865 -5.365650 173 175 67 0 -0.355021 0.379826 -0.854221
2.281021 -0.075956 -5.264524 182 183 158 0 0.167507 0.253271 0.952783
2.123563 -0.286353 -5.227196 163 165 58 0 -0.516466 -0.006742 -0.856281
2.165642 -0.344042 -5.299817 173 172 59 0 -0.425646 0.095666 -0.899819
2.196862 -0.326396 -5.342575 190 190 150 0 0.810368 -0.372418 0.452336
2.176501 -0.240201 -5.251629 159 167 55 0 -0.791071 0.261602 -0.552966
2.021758 -0.103104 -5.026301 183 166 116 0 0.213293 -0.229595 0.949627
2.320385 -0.143826 -5.278777 73 64 20 0 0.962250 -0.038490 0.269430
2.314956 -0.221198 -5.362257 151 161 123 0 -0.523712 -0.658429 -0.540552
2.188718 0.015668 -5.174257 165 172 131 0 0.659755 -0.388577 0.643220
2.223331 0.113401 -5.153896 171 181 151 0 0.188665 -0.473891 0.860135
2.112704 0.079466 -5.070416 177 190 145 0 0.572672 -0.562536 0.596322
2.156819 0.089647 -5.111138 191 200 173 0 0.537327 -0.402584 0.741084
2.246407 -0.411233 -5.400943 156 143 51 0 0.397663 0.888460 -0.229137
2.120848 -0.135003 -5.162719 181 167 144 0 0.537257 -0.547362 0.641677
2.248443 -0.493356 -5.533289 146 141 144 0 -0.768015 -0.484290 0.419066
2.245729 -0.467566 -5.450488 138 114 52 0 -0.323064 0.689961 -0.647752
2.224689 -0.175725 -5.276741 211 213 211 0 -0.148899 -0.759534 0.633196
2.073339 -0.073241 -5.090098 172 170 124 0 0.758817 -0.159033 0.631590
2.114740 -0.001299 -5.111138 193 195 168 0 0.674959 -0.159260 0.720462
2.160891 0.036029 -5.137608 182 169 137 0 0.705835 -0.340691 0.621069
2.300025 -0.198122 -5.303210 169 172 68 0 -0.380053 0.309842 -0.871526
2.278306 -0.117357 -5.287600 172 172 123 0 -0.143034 0.125918 0.981675
2.232833 -0.241559 -5.322892 187 196 183 0 0.453112 -0.627000 0.633688
2.205685 -0.130931 -5.242806 176 180 143 0 0.568969 -0.552085 0.609489
2.159534 -0.178440 -5.211586 186 157 70 0 -0.548258 0.435625 -0.713894
2.270840 -0.006050 -5.233304 169 171 133 0 0.387195 -0.142206 0.910965
2.043476 0.001416 -5.034445 190 173 129 0 0.734433 -0.023873 0.678262
2.277627 -0.283638 -5.341217 171 178 72 0 -0.355852 0.412287 -0.838683
2.029223 -0.208302 -5.048019 174 170 65 0 0.355681 0.016573 -0.934460
2.259981 -0.204909 -5.288279 170 175 65 0 -0.308058 0.341118 -0.888110
2.111346 -0.090209 -5.136929 189 173 148 0 0.641129 -0.149345 0.752761
2.033974 -0.299927 -5.065665 46 47 43 0 0.403882 -0.855735 0.323415
2.082162 0.057069 -5.054127 176 182 92 0 -0.460910 0.402690 -0.790824
2.095736 -0.170295 -5.143037 178 175 132 0 0.793488 -0.125599 0.595485
2.069946 -0.035913 -5.075846 162 157 89 0 0.800496 -0.157696 0.578220
2.237584 0.044853 -5.187831 181 186 71 0 -0.498507 0.141804 -0.855209
2.166321 0.135120 -5.082633 63 60 18 0 -0.601764 0.719181 -0.347360
2.145281 -0.290425 -5.261131 189 186 131 0 0.775996 -0.079478 0.625710
2.054335 -0.276172 -5.105709 100 99 56 0 -0.847170 0.315551 -0.427471
2.249801 -0.507609 -5.478993 99 74 38 0 0.419906 0.397553 -0.815862
2.283736 -0.325717 -5.413159 160 161 158 0 0.718888 0.411502 0.560237
2.116097 -0.226627 -5.180366 175 174 61 0 -0.619451 0.785005 0.006898
2.217902 -0.434309 -5.455917 76 72 73 0 0.324145 -0.572495 0.753113
2.210436 -0.270743 -5.301174 166 176 61 0 -0.545749 0.498730 -0.673370
2.254552 -0.318930 -5.350719 173 177 73 0 -0.363380 0.388334 -0.846848
2.048227 -0.147219 -5.076524 171 164 123 0 0.813603 -0.063896 0.577899
2.310884 -0.097674 -5.259773 111 103 33 0 -0.757273 0.625173 -0.188934
2.025151 -0.263956 -5.050055 182 179 165 0 0.625127 -0.381014 0.681207
2.238942 -0.447883 -5.415195 148 125 51 0 0.357073 0.394495 -0.846683
2.107953 0.108650 -5.043947 157 164 78 0 -0.584488 0.759675 -0.285077
2.256588 -0.090209 -5.240770 174 181 65 0 -0.673059 0.268905 -0.688971
2.297988 -0.292461 -5.398907 54 55 53 0 0.642599 -0.735954 -0.213162
2.328530 -0.134324 -5.313391 45 44 26 0 0.340572 -0.198073 0.919118
2.186682 0.085574 -5.141680 177 179 137 0 0.635717 -0.461272 0.618944
2.212472 -0.379335 -5.367008 167 173 63 0 -0.481479 0.451900 -0.750976
2.158855 -0.096996 -5.188510 170 168 119 0 0.332353 -0.591751 0.734420
2.201613 -0.306035 -5.312712 165 176 59 0 -0.585548 0.309618 -0.749180
2.009541 -0.135682 -5.016120 63 60 53 0 0.150854 -0.961533 0.229561
2.225368 -0.024375 -5.209549 171 169 137 0 0.601658 -0.103936 0.791963
2.154104 -0.204909 -5.235340 199 199 166 0 0.760638 -0.246227 0.600668
2.221295 -0.100389 -5.232625 208 203 199 0 0.619081 -0.315198 0.719298
2.074018 -0.161472 -5.110459 189 177 138 0 0.752587 -0.110892 0.649088
2.151389 -0.042700 -5.157969 175 175 133 0 0.499661 -0.657803 0.563591
2.271519 -0.339970 -5.373795 103 90 36 0 0.040384 0.558418 -0.828576
2.113382 -0.255133 -5.201405 194 192 154 0 0.658324 0.038225 0.751763
2.058408 0.070643 -5.012048 72 71 43 0 -0.452793 0.656634 -0.603167
2.265411 0.031279 -5.209549 185 188 79 0 -0.716040 0.365394 -0.594789
2.101166 0.036029 -5.086705 181 179 142 0 0.610227 -0.198285 0.767011
2.264732 -0.388836 -5.428770 163 150 125 0 0.104628 -0.682292 0.723554
2.276270 -0.048129 -5.238055 179 178 69 0 -0.404816 0.032965 -0.913804
2.188718 -0.208981 -5.249593 166 175 60 0 -0.477494 0.302152 -0.825047
2.253194 -0.160793 -5.267239 169 178 61 0 -0.608899 0.135476 -0.781594
2.180573 -0.150613 -5.211586 171 179 61 0 -0.607685 0.211839 -0.765404
2.169714 -0.066454 -5.180366 184 189 153 0 0.574262 -0.349763 0.740196
2.238263 -0.265313 -5.346647 184 193 176 0 0.427989 -0.490302 0.759230
2.310884 -0.063061 -5.261131 150 143 57 0 -0.276042 0.332136 -0.901935
2.307490 -0.204909 -5.335109 164 173 150 0 0.547265 -0.275998 0.790143
2.171072 -0.010122 -5.165434 161 165 120 0 0.475485 -0.031157 0.879172
2.316992 -0.168259 -5.300495 150 143 56 0 0.023739 0.301106 -0.953295
2.068588 -0.196764 -5.111138 187 174 136 0 0.730563 -0.229963 0.642958
2.255909 -0.373226 -5.388726 135 119 53 0 -0.373404 0.436962 -0.818311
2.040761 -0.086815 -5.045983 175 158 112 0 0.799155 -0.006877 0.601086
2.236227 -0.213732 -5.308640 161 175 139 0 0.626370 -0.126464 0.769200
2.169714 -0.270743 -5.259095 170 161 59 0 -0.768457 0.333481 -0.546136
2.188718 -0.220519 -5.278777 174 178 145 0 0.427597 0.078370 0.900566
2.164285 -0.313501 -5.278777 157 164 50 0 -0.797791 0.109788 -0.592854
2.069946 -0.111927 -5.094171 180 172 135 0 0.789878 -0.125965 0.600188
2.061801 -0.010801 -5.059557 173 170 110 0 0.803245 -0.356111 0.477476
2.303418 -0.267349 -5.336466 41 38 27 0 0.481599 0.299627 -0.823581
2.033296 -0.032519 -5.026301 178 153 91 0 -0.665420 -0.213495 0.715287
2.188039 -0.251739 -5.292351 218 208 206 0 -0.579178 0.602818 0.548784
2.136458 0.093040 -5.088741 170 181 130 0 0.617073 -0.355185 0.702186
2.123563 -0.027090 -5.125391 172 175 127 0 0.715705 -0.199408 0.669331
2.326494 -0.066454 -5.286921 49 48 31 0 0.475656 -0.633647 0.610117
2.128992 -0.160115 -5.181044 187 186 150 0 0.643790 -0.499232 0.579915
2.226725 -0.329111 -5.344611 165 175 63 0 -0.402863 0.554142 -0.728442
2.153425 -0.253775 -5.238055 166 169 56 0 -0.699123 0.508908 -0.502234
2.160213 0.065214 -5.128106 176 184 160 0 0.703078 -0.433814 0.563460
2.255230 -0.267349 -5.322214 167 176 65 0 -0.151001 0.435747 -0.887313
2.042798 0.046210 -5.005261 148 139 70 0 -0.103176 0.812326 0.574005
2.250479 -0.487248 -5.500711 42 41 39 0 -0.649226 0.760442 -0.015292
2.311563 -0.230021 -5.320178 64 52 15 0 0.260800 0.252341 -0.931830
2.253873 -0.238844 -5.302531 163 167 64 0 -0.382097 0.341876 -0.858558
2.187361 -0.399017 -5.359542 155 152 49 0 0.584843 0.811146 0.001363
2.183967 0.041459 -5.161362 175 162 114 0 0.545617 -0.354570 0.759330
2.278985 -0.272100 -5.371758 165 176 143 0 0.356065 -0.507514 0.784632
2.285093 -0.306714 -5.357506 79 72 34 0 0.411724 0.513425 -0.752913
2.224010 -0.458742 -5.478993 44 41 42 0 0.695314 -0.251834 0.673140
2.293238 -0.156721 -5.284206 177 179 70 0 -0.378389 0.521300 -0.764898
2.230119 -0.495392 -5.452524 45 24 10 0 0.016949 0.913949 -0.405475
2.202971 -0.432952 -5.403657 170 168 73 0 -0.103071 0.386174 -0.916649
2.215187 0.019062 -5.192582 175 179 149 0 0.539630 -0.325059 0.776619
2.050263 -0.075277 -5.070416 172 167 120 0 -0.610363 0.427421 0.666909
2.217902 -0.204909 -5.267239 164 172 60 0 -0.506793 0.190987 -0.840645
2.264732 -0.101747 -5.267918 171 171 140 0 0.798859 -0.538328 0.268379
2.092343 -0.224591 -5.158647 194 185 156 0 0.729201 -0.159181 0.665528
2.136458 -0.208302 -5.213622 195 195 152 0 0.770245 -0.246290 0.588272
2.194826 -0.353544 -5.329000 168 167 64 0 -0.460533 -0.118341 -0.879718
2.279664 -0.135003 -5.265882 171 178 65 0 -0.484712 0.555154 -0.675913
2.211115 -0.158079 -5.259773 180 185 155 0 0.565486 -0.422870 0.708101
2.256588 0.065892 -5.203441 161 161 78 0 0.488782 -0.213369 0.845911
2.128314 -0.108534 -5.158647 230 179 186 0 0.650017 -0.333969 0.682600
2.245729 -0.181833 -5.293708 191 198 186 0 0.743806 -0.038253 0.667300
2.164963 0.114759 -5.102993 199 205 178 0 0.593290 -0.404891 0.695752
2.251158 -0.014194 -5.214301 177 179 70 0 -0.385953 0.348753 -0.854056
2.122205 -0.065097 -5.134892 167 165 70 0 -0.048244 0.253588 -0.966109
2.230119 0.069964 -5.173578 181 185 64 0 -0.505067 -0.086300 -0.858755
2.031938 -0.134324 -5.050055 193 174 152 0 0.794744 -0.316942 0.517619
2.097093 -0.016909 -5.097564 186 172 131 0 0.641129 -0.149345 0.752761
2.255909 -0.333183 -5.403657 201 207 198 0 0.048557 -0.514705 0.855991
2.293916 0.006845 -5.227196 56 52 17 0 0.324024 0.525142 -0.786915
2.244371 -0.514396 -5.507499 195 189 187 0 -0.293497 0.643128 0.707280
2.308848 -0.244952 -5.351398 157 165 140 0 0.461040 -0.428458 0.777088
2.207043 -0.012837 -5.193939 176 177 147 0 0.664837 -0.055761 0.744904
2.059086 0.024492 -5.046662 191 108 114 0 0.759675 -0.285077 0.584488
2.045512 -0.218483 -5.077203 178 173 71 0 -0.805804 0.206420 -0.555041
2.250479 -0.458064 -5.476278 95 81 75 0 0.451284 -0.704402 0.547869
2.199577 -0.067133 -5.205477 178 182 149 0 0.531208 -0.387373 0.753498
2.067909 -0.323003 -5.126070 197 189 175 0 0.663257 -0.545718 0.512135
2.237584 -0.106497 -5.251629 170 164 150 0 0.615769 -0.300650 0.728312
2.230797 -0.139754 -5.259095 196 201 194 0 0.491959 -0.271586 0.827174
2.211794 0.124260 -5.130142 75 71 17 0 -0.032502 0.691018 -0.722107
2.109310 -0.115321 -5.143037 174 169 123 0 0.768164 -0.221914 0.600565
2.289165 -0.050165 -5.263845 155 157 109 0 0.417918 0.268987 0.867750
2.084198 0.031957 -5.068380 168 175 60 0 -0.682402 0.196519 -0.704065
2.230119 -0.434309 -5.478314 228 212 185 0 0.856776 -0.086386 0.508401
2.209079 -0.479782 -5.418589 168 169 65 0 -0.651174 0.641232 0.405948
2.169036 0.021098 -5.155932 164 168 121 0 0.587654 -0.109910 0.801613
2.096415 0.084217 -5.052091 178 182 102 0 -0.422467 0.128577 -0.897212
2.242335 -0.530006 -5.487138 153 126 79 0 -0.324510 0.579597 -0.747503
2.192111 -0.366439 -5.360899 213 212 191 0 0.719181 -0.347360 0.601764
2.264732 -0.142469 -5.284206 207 214 206 0 0.545969 -0.689557 0.475845
2.128314 0.107972 -5.068380 168 178 69 0 -0.609623 0.743326 -0.275365
2.276949 -0.217804 -5.300495 168 172 66 0 -0.396950 0.350250 -0.848384
2.100487 -0.188620 -5.158647 195 187 161 0 0.802819 -0.103449 0.587180
2.141209 0.032636 -5.123355 183 186 157 0 0.631320 -0.286092 0.720824
2.175823 -0.194050 -5.231946 163 167 56 0 -0.600325 0.420726 -0.680147
2.229440 -0.428880 -5.400264 171 171 65 0 -0.436218 0.363251 -0.823263
2.066552 -0.143147 -5.096207 175 161 122 0 0.703874 -0.095515 0.703874
2.263375 -0.067812 -5.247557 174 175 139 0 0.676210 0.104599 0.729246
2.188718 -0.147219 -5.236698 187 191 172 0 0.539139 -0.286171 0.792108
2.256588 -0.250382 -5.341217 171 186 157 0 -0.601878 -0.441822 0.665234
2.214509 -0.358974 -5.354113 164 169 62 0 -0.459961 0.516418 -0.722321
2.176501 -0.191335 -5.260452 237 203 206 0 0.577876 0.356493 0.734147
2.293916 -0.098353 -5.276741 174 167 107 0 0.443065 -0.078675 0.893031
2.171072 -0.251739 -5.275383 189 190 169 0 0.747122 -0.292769 0.596737
2.247765 -0.486569 -5.466098 149 130 61 0 -0.267925 0.442460 -0.855830
2.224689 -0.265992 -5.326964 211 217 212 0 0.681656 -0.434993 0.588324
2.196183 0.107293 -5.136250 176 178 130 0 0.766337 -0.459148 0.449345
2.083519 -0.244273 -5.148467 192 183 137 0 0.858253 -0.062799 0.509370
2.025151 -0.240201 -5.052091 57 57 32 0 -0.355326 0.032302 -0.934184
2.120848 -0.223234 -5.203441 193 184 160 0 0.758805 -0.316035 0.569505
2.109989 -0.155364 -5.157290 179 172 137 0 0.748961 -0.101529 0.654789
2.159534 -0.223912 -5.248914 191 191 163 0 0.451189 -0.331711 0.828490
2.171072 -0.110570 -5.203441 196 202 183 0 0.190701 0.302060 0.934020
2.083519 -0.087494 -5.105709 186 167 140 0 0.642840 -0.079811 0.761831
2.145960 -0.278887 -5.240770 170 173 57 0 -0.705858 0.126845 -0.696904
2.096415 -0.108534 -5.124712 181 181 137 0 0.777910 -0.294301 0.555196
2.081483 -0.178440 -5.124712 174 172 125 0 0.785194 -0.142083 0.602730
2.234869 -0.373905 -5.378546 174 178 70 0 -0.270364 0.523538 -0.807967
2.056371 -0.212375 -5.098921 182 174 133 0 0.838757 -0.126908 0.529511
2.239620 -0.200158 -5.274026 167 170 61 0 -0.117166 0.433373 -0.893566
2.247086 -0.409197 -5.424018 44 46 39 0 0.475973 0.324168 0.817536
2.186003 -0.323003 -5.314748 165 158 57 0 0.246577 0.752294 0.610945
2.044155 -0.266670 -5.086705 90 90 50 0 -0.673191 0.736618 -0.064869
2.233512 -0.252418 -5.302531 168 176 66 0 -0.315554 0.632727 -0.707165
2.238942 0.093040 -5.168828 154 159 59 0 -0.459898 0.570273 -0.680649
2.257945 -0.296533 -5.337824 173 177 71 0 -0.293424 0.540851 -0.788278
2.275591 -0.187941 -5.288279 172 173 65 0 -0.580048 0.453006 -0.677001
2.122205 0.069286 -5.088741 179 189 148 0 0.627563 -0.482870 0.610738
2.224689 -0.467566 -5.432163 173 167 69 0 -0.468358 0.435719 -0.768629
2.316992 -0.108534 -5.279456 103 91 30 0 -0.189942 0.238437 -0.952402
2.138494 -0.138396 -5.176972 227 170 164 0 0.682625 -0.358501 0.636789
2.278985 -0.263956 -5.329679 171 178 71 0 -0.420239 0.538895 -0.730063
2.035332 -0.160115 -5.061593 188 174 140 0 0.824750 -0.339046 0.452587
2.219938 -0.178440 -5.254344 171 179 61 0 -0.427099 0.449835 -0.784369
2.255909 -0.037949 -5.238734 184 183 167 0 -0.912713 -0.199163 0.356775
2.103880 0.055033 -5.074488 181 168 68 0 -0.612638 0.445707 -0.652702
2.088270 -0.048808 -5.096207 206 183 162 0 0.531122 -0.253880 0.808365
2.222653 -0.544259 -5.462704 178 145 106 0 0.916883 0.222405 0.331455
2.179895 -0.313501 -5.295066 162 158 56 0 -0.747122 0.292769 -0.596737
2.248443 -0.474353 -5.519036 232 222 211 0 0.413389 -0.799433 0.435908
2.103880 -0.073920 -5.123355 187 170 140 0 0.268360 -0.300273 0.915325
2.167000 -0.366439 -5.300495 170 173 59 0 -0.500299 0.001334 -0.865851
2.240299 -0.426844 -5.458632 217 220 202 0 0.293654 -0.341354 0.892886
2.329887 -0.112606 -5.306603 59 62 45 0 0.126178 -0.324263 0.937514
2.287808 -0.303320 -5.379224 73 76 60 0 0.553331 -0.809418 0.196638
2.130350 -0.088173 -5.148467 179 176 63 0 -0.565712 0.366816 -0.738523
2.154104 -0.221198 -5.220409 177 152 63 0 -0.687578 0.095293 -0.719831
2.142566 -0.181833 -5.198011 168 147 54 0 -0.799300 0.230359 -0.555026
2.197541 -0.306035 -5.334430 196 185 149 0 0.857558 -0.173289 0.484320
2.154104 -0.156042 -5.193939 170 180 61 0 0.001340 0.856545 -0.516071
2.143245 0.072679 -5.108423 177 183 146 0 0.542520 -0.333239 0.771119
2.190754 -0.112606 -5.217015 192 197 182 0 0.293682 -0.317295 0.901707
2.192111 -0.249024 -5.270632 165 172 61 0 -0.618295 0.513842 -0.594709
2.112025 0.022455 -5.099600 177 181 139 0 0.752294 -0.246577 0.610945
2.295274 -0.011480 -5.250271 163 164 112 0 0.595092 -0.168079 0.785885
2.150711 0.120188 -5.083312 185 196 158 0 0.619641 -0.468509 0.629717
2.159534 -0.282281 -5.279456 199 186 154 0 0.823581 -0.481599 0.299627
2.254552 -0.126858 -5.273347 182 183 170 0 0.142206 -0.387195 0.910965
2.130350 -0.301963 -5.250950 124 123 57 0 -0.016212 0.995437 -0.094032
2.212472 -0.320966 -5.329000 170 179 64 0 -0.579787 0.379408 -0.721039
2.235548 0.038744 -5.208192 158 153 95 0 -0.213985 -0.093853 0.972318
2.063837 0.064535 -5.031730 167 165 59 0 -0.644256 0.590428 -0.486136
2.063837 -0.094281 -5.083990 170 169 122 0 0.772175 -0.142440 0.619239
2.276270 0.018383 -5.229910 159 166 120 0 0.063734 -0.421729 0.904479
2.058408 -0.050844 -5.066344 179 177 130 0 0.738858 -0.223376 0.635761
2.063837 -0.259883 -5.115211 172 168 70 0 -0.836958 0.165013 -0.521798
2.232155 -0.467566 -5.412481 142 124 42 0 0.743247 -0.189274 -0.641685
2.215187 0.038066 -5.183759 181 180 153 0 0.549517 -0.199409 0.811337
2.176501 -0.172331 -5.221766 174 176 65 0 -0.466786 0.583900 -0.664208
2.274913 -0.347436 -5.404336 183 181 141 0 0.578486 -0.618963 0.531262
2.157498 -0.116678 -5.182402 169 179 60 0 -0.577996 0.317174 -0.751878
2.325136 -0.194728 -5.337824 42 43 37 0 0.341659 -0.413424 0.844008
2.237584 -0.227985 -5.290993 167 178 63 0 -0.643790 0.499232 -0.579915
2.236906 -0.084779 -5.242127 172 177 159 0 0.539665 -0.443356 0.715679
2.046191 -0.301284 -5.086705 178 171 163 0 0.366166 0.128504 0.921634
2.206364 -0.311465 -5.352755 200 198 195 0 -0.556634 -0.721807 -0.411282
2.322422 -0.154006 -5.320178 153 160 122 0 0.624942 -0.434960 0.648273
2.293238 -0.178440 -5.291672 172 172 67 0 -0.475526 0.229407 -0.849263
2.255909 -0.425486 -5.471528 213 216 203 0 0.449871 -0.379428 0.808487
2.094379 -0.143826 -5.132178 180 178 127 0 0.792127 -0.167478 0.586929
2.097772 0.008203 -5.091456 187 190 154 0 0.674286 -0.365854 0.641474
2.281700 -0.100389 -5.257059 183 184 68 0 -0.546361 0.196325 -0.814215
2.224689 -0.049487 -5.216337 166 170 134 0 0.515533 -0.324004 0.793251
2.157498 0.006167 -5.148467 172 179 140 0 0.641129 -0.149345 0.752761
2.100487 -0.240201 -5.170864 168 165 53 0 -0.746972 0.366163 -0.554940
2.135101 -0.260562 -5.233304 194 192 144 0 0.805483 -0.134989 0.577040
2.257945 0.005488 -5.223124 164 162 103 0 0.434316 -0.530096 0.728263
2.134422 -0.004693 -5.128784 172 175 136 0 0.711203 -0.015370 0.702819
2.194147 -0.230699 -5.262488 167 177 62 0 -0.483843 0.371322 -0.792474
2.212472 -0.395623 -5.378546 168 172 64 0 -0.347762 0.504816 -0.790077
2.019722 -0.136360 -5.034445 201 184 156 0 0.786002 -0.403535 0.468360
2.064516 -0.345400 -5.110459 198 192 177 0 0.207093 -0.928398 0.308527
2.029902 -0.053559 -5.030373 113 102 72 0 -0.876528 0.347877 0.332686
2.299346 -0.077992 -5.271311 167 170 128 0 0.410025 -0.299457 0.861513
2.141888 -0.033198 -5.143716 186 187 155 0 0.648152 -0.120138 0.751975
2.133743 -0.241559 -5.208871 170 176 59 0 -0.802605 0.213312 -0.557066
2.196183 -0.291782 -5.300495 160 165 57 0 -0.641473 0.300640 -0.705781
2.235548 -0.158757 -5.275383 196 201 190 0 0.016499 -0.346482 0.937912
2.270162 -0.287710 -5.379224 178 190 171 0 0.307692 -0.729762 0.610551
2.248443 -0.389515 -5.396192 169 165 65 0 -0.381500 0.514619 -0.767870
2.272877 -0.371869 -5.424018 50 42 43 0 0.531052 -0.507599 0.678474
2.144602 -0.101068 -5.166113 173 164 58 0 -0.602193 0.387713 -0.697884
2.233512 -0.164866 -5.257059 171 178 64 0 -0.555026 0.230359 -0.799300
2.246407 -0.227985 -5.325607 153 162 109 0 0.658254 -0.244675 0.711924
2.034653 -0.227985 -5.064308 124 125 58 0 -0.814728 0.140982 -0.562444
2.017686 -0.227985 -5.039196 53 54 32 0 -0.613327 0.525468 -0.589673
2.295274 -0.128216 -5.274704 180 183 71 0 -0.539026 0.243882 -0.806209
2.316313 -0.186584 -5.295066 91 88 31 0 -0.286561 -0.696391 -0.657969
2.065873 0.006845 -5.065665 147 125 36 0 -0.798218 0.196884 -0.569284
2.167000 -0.048808 -5.173578 173 180 144 0 0.300695 -0.291895 0.907954
2.066552 0.049603 -5.043268 185 161 102 0 -0.492477 0.372991 -0.786349
2.261339 -0.401732 -5.442343 135 117 113 0 0.560169 -0.600785 0.570323
2.135101 -0.058310 -5.147109 197 203 181 0 0.660031 -0.126643 0.740487
2.111346 -0.208302 -5.181723 201 199 171 0 0.841784 -0.252995 0.476858
2.044155 -0.130252 -5.069059 172 164 114 0 -0.008618 0.299175 0.954159
2.093700 -0.206266 -5.153217 193 187 149 0 0.824795 -0.112009 0.554227
2.216545 -0.296533 -5.319499 165 171 62 0 -0.624564 0.365559 -0.690135
2.311563 -0.212375 -5.313391 110 97 45 0 -0.117948 0.387147 -0.914443
2.146638 -0.189977 -5.219051 197 198 169 0 0.694645 -0.237849 0.678893
2.223331 -0.001299 -5.202763 175 179 146 0 0.420521 -0.038715 0.906456
2.188718 0.057748 -5.153217 151 150 90 0 0.387745 -0.458537 0.799624
2.319707 -0.217125 -5.342575 66 63 47 0 0.575846 -0.214591 0.788893
2.205685 0.097791 -5.149145 200 206 188 0 0.458152 -0.143082 0.877282
2.175823 -0.027768 -5.168828 172 165 137 0 0.610330 -0.088433 0.787196
2.246407 -0.333862 -5.358185 170 172 71 0 -0.537440 0.655374 -0.530701
2.124241 0.117473 -5.043947 73 71 21 0 -0.452985 0.878472 -0.151960
2.046191 -0.165544 -5.077203 171 163 116 0 0.815855 -0.189206 0.546426
2.063159 -0.178440 -5.100279 181 169 133 0 0.699161 -0.149497 0.699161
2.279664 -0.169616 -5.282849 171 171 65 0 -0.221209 0.118916 -0.967949
2.230119 -0.075277 -5.227874 175 178 149 0 0.284661 -0.167528 0.943876
2.152068 -0.266670 -5.262488 194 195 152 0 -0.245530 -0.570818 0.783506
2.036689 -0.015552 -5.036481 63 49 36 0 0.180276 0.393722 -0.901379
2.112704 -0.181154 -5.170185 202 198 172 0 0.712784 -0.064799 0.698384
2.221974 -0.278208 -5.313391 165 172 63 0 -0.523754 0.460571 -0.716628
2.194826 -0.272779 -5.291672 165 169 59 0 -0.547929 0.461327 -0.697819
2.264054 -0.358295 -5.381939 106 88 34 0 -0.189394 0.354580 -0.915643
2.295274 -0.284317 -5.345968 112 100 37 0 0.324864 0.277825 -0.904034
2.286451 -0.060346 -5.248914 183 181 73 0 -0.498603 0.372742 -0.782597
2.132386 -0.211696 -5.195297 173 177 59 0 -0.852553 0.235554 -0.466549
2.195505 0.074715 -5.153896 154 158 106 0 0.666027 -0.348559 0.659481
2.260660 -0.021660 -5.227874 170 170 138 0 0.364650 -0.349264 0.863160
2.207043 -0.115999 -5.232625 190 197 172 0 0.624027 -0.427667 0.653981
2.240299 -0.183190 -5.267918 172 179 65 0 -0.427820 0.286747 -0.857174
2.160213 -0.249703 -5.261131 220 222 209 0 0.867658 -0.150200 0.473931
2.203649 -0.223912 -5.288279 195 206 192 0 -0.647313 -0.506081 0.569972
2.273555 -0.331826 -5.395513 195 197 193 0 0.267230 0.766903 0.583479
2.292559 -0.310786 -5.408409 48 49 49 0 0.325572 0.134860 0.935850
2.178537 0.095076 -5.128784 174 178 129 0 0.554971 -0.308673 0.772482
2.295952 -0.248346 -5.326286 178 182 76 0 -0.302610 0.445380 -0.842653
2.217902 -0.417342 -5.392798 169 172 64 0 -0.664261 0.220378 -0.714276
2.081483 0.082860 -5.034445 173 186 71 0 -0.682299 0.491188 -0.541481
2.174465 -0.215089 -5.240770 164 174 59 0 -0.496910 0.150979 -0.854568
2.184646 -0.002656 -5.174257 168 172 138 0 0.570698 -0.103103 0.814661
2.222653 0.097791 -5.163398 159 167 107 0 0.495751 -0.283063 0.821039
2.189397 -0.343364 -5.342575 212 213 181 0 0.846972 -0.372792 0.379032
2.220617 0.057748 -5.182402 187 193 161 0 0.643547 -0.276262 0.713811
2.179216 0.136477 -5.094849 44 40 6 0 -0.428111 0.866811 -0.255656
2.067909 -0.059667 -5.078560 171 166 119 0 0.744401 -0.149484 0.650785
2.193469 -0.165544 -5.229232 171 180 62 0 -0.657607 0.120240 -0.743704
2.310205 -0.253775 -5.371080 60 59 55 0 0.986903 -0.117573 0.110448
2.236906 0.062499 -5.189867 180 184 151 0 0.498234 -0.332687 0.800676
2.254552 -0.371869 -5.423340 186 195 175 0 0.039641 -0.873470 0.485261
2.186003 -0.343364 -5.317463 164 165 60 0 -0.587024 -0.055166 -0.807688
2.198220 -0.045414 -5.196654 181 186 155 0 0.578123 -0.412472 0.704018
2.243692 -0.308750 -5.341217 175 178 72 0 0.183302 0.435526 -0.881316
2.236227 -0.447883 -5.487816 189 187 182 0 -0.525521 0.001344 0.850780
2.174465 -0.230021 -5.265882 172 148 139 0 0.660095 -0.206571 0.722221
2.165642 -0.126858 -5.208871 190 194 162 0 0.430457 -0.590008 0.683080
2.194147 -0.192692 -5.246199 160 165 56 0 -0.451445 0.346900 -0.822106
2.224010 -0.451955 -5.423340 171 171 67 0 -0.458264 0.220868 -0.860936
2.242335 -0.253775 -5.331037 167 183 158 0 0.332753 -0.940844 0.063941
2.055014 0.007524 -5.047340 183 158 113 0 0.792601 -0.213925 0.570981
2.180573 -0.096996 -5.198011 185 168 167 0 0.626446 -0.254050 0.736902
2.253194 -0.220519 -5.293030 173 169 70 0 -0.174911 0.615992 -0.768089
2.280342 0.039423 -5.212943 71 68 20 0 0.140982 0.562444 -0.814728
2.236227 -0.516432 -5.472885 155 120 84 0 -0.656634 -0.452793 -0.603167
2.228761 -0.120750 -5.255701 177 183 157 0 0.134184 -0.315807 0.939287
2.121527 -0.261920 -5.214979 174 169 131 0 0.854899 0.077718 0.512940
2.050942 -0.040664 -5.050734 169 163 108 0 0.616984 0.070471 0.783814
2.123563 0.092361 -5.073810 190 193 168 0 0.614416 -0.486483 0.621150
2.251158 -0.043378 -5.223124 171 165 65 0 -0.466786 0.583900 -0.664208
2.209079 -0.074599 -5.217694 193 195 183 0 0.394422 -0.538443 0.744655
2.143924 0.056390 -5.113853 181 173 139 0 0.666027 -0.348559 0.659481
2.225368 -0.445168 -5.405015 171 172 66 0 -0.617561 0.405636 -0.673853
2.182610 -0.263956 -5.271990 163 167 56 0 -0.498492 0.190116 -0.845790
2.174465 0.007524 -5.164755 157 163 106 0 0.617492 -0.293509 0.729764
2.222653 -0.307392 -5.331037 166 172 64 0 -0.467548 0.480765 -0.741798
2.285093 -0.025054 -5.250271 171 164 101 0 -0.111289 0.048338 0.992612
2.265411 -0.101068 -5.250271 175 180 68 0 -0.421674 0.286739 -0.860216
2.084198 -0.154685 -5.121997 180 181 135 0 0.782789 -0.158368 0.601798
2.212472 -0.164187 -5.244163 177 183 64 0 -0.563307 0.127957 -0.816280
2.247765 0.030600 -5.200047 177 180 70 0 -0.483171 0.411590 -0.772748
2.268804 -0.233414 -5.307961 167 173 68 0 -0.239633 0.612396 -0.753357
2.091664 0.021777 -5.081275 171 177 128 0 0.632657 -0.212958 0.744577
2.194147 0.031279 -5.171542 185 182 162 0 0.474261 -0.444722 0.759802
2.152747 -0.240201 -5.249593 216 217 202 0 0.670098 -0.006937 0.742241
2.264732 -0.127537 -5.291672 212 211 213 0 0.867480 -0.006704 0.497427
2.251837 -0.164187 -5.283528 165 170 133 0 0.492989 -0.135245 0.859459
2.190754 -0.133645 -5.227196 187 197 162 0 0.483594 -0.460487 0.744371
2.224689 -0.244273 -5.290993 168 175 65 0 -0.323939 0.309011 -0.894190
2.080805 -0.008765 -5.077203 218 134 135 0 0.711770 -0.206243 0.671452
2.158176 -0.189299 -5.231268 193 177 143 0 0.508238 -0.525012 0.682683
2.166321 -0.163508 -5.208871 172 177 61 0 -0.467183 0.396055 -0.790494
2.318349 -0.081386 -5.288279 127 118 75 0 0.958637 -0.245906 0.143335
2.244371 -0.070526 -5.238055 161 163 130 0 0.593717 -0.221675 0.773537
2.155462 -0.070526 -5.172900 183 187 152 0 0.458579 -0.372296 0.806908
2.260660 -0.139075 -5.261131 176 174 71 0 0.292400 0.956161 -0.016039
2.128992 -0.190656 -5.201405 193 181 167 0 0.530031 -0.165728 0.831626
2.080805 -0.194728 -5.128106 181 176 124 0 0.791586 -0.174058 0.585743
2.255230 -0.454670 -5.446415 62 36 13 0 0.458579 -0.372296 -0.806908
2.199577 -0.447883 -5.409766 46 46 28 0 0.657709 0.745992 -0.104468
2.237584 -0.499464 -5.471528 186 182 90 0 -0.038929 0.998483 0.038929
2.265411 -0.278208 -5.331716 167 170 71 0 -0.277593 0.348846 -0.895125
2.126277 -0.042021 -5.131499 186 182 154 0 0.648643 -0.023816 0.760720
2.205685 -0.029126 -5.193939 168 157 121 0 0.641765 -0.244407 0.726913
2.173786 0.107293 -5.114532 182 188 148 0 0.648167 -0.467283 0.601271
2.302061 -0.103783 -5.289636 169 170 116 0 0.807343 -0.119116 0.577934
2.145281 -0.234772 -5.220409 168 166 57 0 -0.689258 0.070804 -0.721048
2.278985 -0.093602 -5.272668 209 214 210 0 0.727494 0.371104 0.577091
2.280342 -0.119393 -5.261809 180 183 68 0 -0.301702 0.062908 -0.951325
2.204328 -0.238844 -5.273347 166 176 63 0 -0.398586 0.382832 -0.833408
2.205007 0.007524 -5.187831 168 173 133 0 0.664827 -0.269438 0.696713
2.112025 -0.056274 -5.126070 188 166 74 0 -0.522004 0.404185 -0.751097
2.309526 -0.148577 -5.289636 179 186 73 0 -0.412130 0.310255 -0.856674
2.194826 -0.380013 -5.352755 172 170 61 0 -0.389905 0.866965 -0.310395
2.309526 -0.069848 -5.281492 165 167 113 0 0.646023 -0.095219 0.757356
2.257267 -0.467566 -5.507499 148 148 139 0 0.618193 -0.454011 0.641647
2.318349 -0.128895 -5.284206 106 98 32 0 0.255365 0.198010 -0.946351
2.114061 -0.016909 -5.114532 171 175 132 0 0.681844 -0.166266 0.712351
2.210436 0.116795 -5.145073 178 187 150 0 0.736494 -0.481617 0.474997
2.237584 -0.480461 -5.445737 44 41 22 0 -0.687573 0.275987 -0.671620
2.076732 -0.121429 -5.105030 181 159 132 0 0.729163 -0.126746 0.672500
2.201613 0.022455 -5.182402 160 165 117 0 0.538343 -0.461675 0.705013
2.225368 0.032636 -5.194618 160 158 101 0 0.508695 -0.262904 0.819824
2.273555 -0.315537 -5.392798 174 186 166 0 -0.511823 -0.101791 0.853039
2.268126 -0.151970 -5.271990 169 174 61 0 -0.498234 0.332687 -0.800676
2.100487 -0.213732 -5.166791 196 188 163 0 0.797152 -0.064171 0.600359
2.097093 -0.122786 -5.131499 169 168 122 0 0.735563 -0.117393 0.667208
2.164285 -0.082743 -5.184438 178 177 132 0 0.275883 -0.728777 0.626716
2.062480 -0.162829 -5.098243 170 160 119 0 0.728773 -0.047064 0.683136
2.233512 -0.034555 -5.218373 173 164 147 0 0.639782 -0.293434 0.710335
2.247086 -0.140432 -5.270632 196 202 192 0 -0.024570 -0.373730 0.927212
2.079447 0.069286 -5.044626 165 166 71 0 -0.584183 0.346605 -0.733890
2.076732 -0.219840 -5.129463 196 192 159 0 0.791765 -0.135179 0.595680
2.092343 0.068607 -5.056842 180 190 104 0 -0.673896 0.220462 -0.705167
2.147317 -0.195407 -5.204120 169 146 56 0 -0.638747 0.403157 -0.655337
2.069267 0.038066 -5.053449 184 164 86 0 -0.656618 0.064656 -0.751447
2.188718 -0.358295 -5.348004 220 223 205 0 0.545129 0.096368 0.832795
2.278985 -0.299248 -5.391441 166 172 143 0 0.251734 -0.498835 0.829333
2.178537 -0.054238 -5.184438 181 189 158 0 0.579369 -0.238931 0.779259
2.167000 -0.292461 -5.291672 217 221 206 0 0.891120 -0.102444 0.442052
2.199577 -0.326396 -5.321535 165 176 60 0 -0.636036 0.373075 -0.675480
2.258624 -0.192692 -5.278777 172 175 66 0 -0.530460 0.641604 -0.554036
2.223331 -0.481140 -5.439629 186 176 79 0 -0.586448 0.398124 -0.705390
2.158176 -0.008086 -5.154575 170 179 136 0 0.640186 -0.198998 0.741999
2.156819 0.020419 -5.142358 171 177 142 0 0.499979 -0.395749 0.770327
2.174465 -0.255811 -5.260452 181 164 69 0 -0.665734 -0.064704 -0.743379
2.306133 -0.226627 -5.350719 182 193 177 0 0.183218 -0.118406 0.975916
2.200256 -0.388836 -5.367686 160 159 57 0 0.023797 0.309367 -0.950645
2.247086 -0.399696 -5.436235 202 206 184 0 0.626962 0.198718 0.753279
2.114061 0.050961 -5.085348 187 162 78 0 -0.579787 0.379408 -0.721039
2.084198 -0.035234 -5.090098 180 145 102 0 0.514867 -0.531637 0.672513
2.076054 0.018383 -5.064987 187 167 79 0 -0.720974 0.261452 -0.641746
2.053657 -0.020981 -5.051413 165 159 98 0 0.751878 -0.317174 0.577996
2.250479 0.049603 -5.194618 181 186 73 0 -0.691826 0.206770 -0.691826
2.209758 -0.096996 -5.223124 180 169 147 0 0.726917 -0.417029 0.545600
2.206364 0.050961 -5.172900 163 169 120 0 0.562055 -0.341768 0.753186
2.182610 -0.240201 -5.278777 250 223 228 0 0.624027 -0.427667 0.653981
2.105917 -0.130252 -5.143037 182 181 141 0 0.759974 -0.222242 0.610777
2.205685 -0.470959 -5.432842 54 54 35 0 0.794969 0.261854 -0.547227
2.224010 -0.115321 -5.231268 177 175 59 0 -0.348655 0.379647 -0.856917
2.299346 -0.293818 -5.381939 67 60 56 0 0.555242 -0.498208 0.665955
2.040083 -0.100389 -5.052770 177 164 135 0 0.835193 -0.174808 0.521435
2.294595 -0.211696 -5.307282 176 176 70 0 -0.299735 0.451931 -0.840189
2.177859 -0.261920 -5.287600 196 205 171 0 0.838114 -0.433940 0.330546
2.249801 -0.255811 -5.314069 162 171 64 0 -0.451354 0.467767 -0.759916
2.171750 0.034672 -5.149824 176 158 125 0 0.682681 -0.462354 0.565841
2.186003 -0.111927 -5.201405 167 175 57 0 -0.674286 0.365854 -0.641474
2.257945 -0.088851 -5.255701 183 189 170 0 0.001351 -0.838844 0.544370
2.169036 -0.120750 -5.192582 170 179 63 0 -0.609447 0.548671 -0.572306
2.082841 -0.102425 -5.106387 190 163 134 0 0.617644 -0.229857 0.752118
2.207721 -0.215768 -5.265882 167 177 62 0 -0.507514 0.356065 -0.784632
2.251158 -0.389515 -5.422661 177 180 131 0 0.347998 -0.498744 0.793821
2.249801 0.017026 -5.211586 190 192 176 0 0.323415 -0.403882 0.855735
2.074696 -0.137039 -5.107066 185 166 137 0 0.702686 -0.023844 0.711101
2.048227 -0.094960 -5.064308 170 164 118 0 0.801582 -0.173601 0.572127
2.118812 0.042816 -5.097564 175 155 98 0 -0.397057 -0.798937 -0.451713
2.287808 -0.191335 -5.296423 175 177 69 0 -0.359094 0.152301 -0.920791
2.231476 -0.224591 -5.317463 180 194 175 0 0.765945 -0.070680 0.639009
2.098451 -0.061025 -5.118604 154 141 40 0 -0.506970 0.048349 -0.860606
2.051620 -0.227985 -5.086705 178 173 63 0 -0.777683 0.110258 -0.618912
2.128314 0.006845 -5.121997 171 176 140 0 0.673931 -0.189688 0.714028
2.233512 -0.212375 -5.279456 163 163 62 0 -0.095292 0.347613 -0.932783
2.271519 -0.086815 -5.261809 164 168 128 0 0.411285 0.110141 0.904828
2.190075 -0.077992 -5.202763 180 185 158 0 0.686901 -0.237350 0.686901
2.208400 -0.129573 -5.227196 166 179 57 0 -0.537392 0.212813 -0.816040
2.244371 -0.124144 -5.263167 203 202 198 0 0.538668 -0.435907 0.720987
2.295952 -0.042021 -5.247557 186 187 78 0 -0.189189 0.426775 -0.884348
2.264732 0.069286 -5.191903 70 67 16 0 0.454011 0.618193 -0.641647
2.171750 0.068607 -5.136250 175 178 138 0 0.603653 -0.446469 0.660506
2.299346 -0.250382 -5.360899 172 181 134 0 0.943059 -0.332624 0.001246
2.223331 -0.246988 -5.313391 184 195 180 0 0.356841 -0.728346 0.584958
2.161570 -0.200158 -5.222445 171 168 62 0 -0.627784 0.405823 -0.664225
2.218581 -0.143147 -5.252307 183 189 163 0 0.412512 -0.244507 0.877525
2.084877 -0.073241 -5.105030 180 167 131 0 0.690783 -0.213628 0.690783
2.267447 -0.337255 -5.411123 190 195 188 0 0.663437 -0.704605 0.251758
2.238942 -0.433631 -5.414517 173 167 66 0 -0.674220 0.680626 -0.286664
2.167678 -0.212375 -5.252986 191 174 170 0 0.528379 -0.086876 0.844552
2.224689 -0.154685 -5.261809 189 196 174 0 0.040635 -0.587103 0.808492
2.038047 -0.214411 -5.062272 173 167 61 0 -0.719790 0.251531 -0.647020
2.304775 -0.181154 -5.301174 175 181 70 0 -0.609453 0.253545 -0.751187
2.267447 -0.179118 -5.280813 172 175 65 0 -0.458359 0.245169 -0.854283
2.171750 -0.280244 -5.272668 162 164 57 0 -0.055863 0.331281 -0.941877
2.189397 0.133762 -5.106387 81 75 19 0 -0.302152 0.825047 -0.477494
2.274913 -0.033877 -5.246199 189 188 160 0 0.473784 -0.355737 0.805593
2.203649 -0.348114 -5.338502 163 172 59 0 -0.617715 0.365386 -0.696363
2.108631 -0.141790 -5.150503 188 186 143 0 0.783506 -0.245530 0.570818
2.081483 0.043495 -5.060915 177 138 111 0 0.577369 -0.440931 0.687186
2.157498 -0.260562 -5.249593 167 158 55 0 -0.608761 0.365913 -0.703931
2.256588 -0.314858 -5.394156 179 190 166 0 0.452159 -0.452159 0.768833
2.162249 0.076751 -5.120640 188 194 173 0 0.533729 -0.325366 0.780558
2.291880 -0.297212 -5.350040 83 73 29 0 0.679943 0.143225 -0.719141
2.225368 -0.350829 -5.356827 174 176 67 0 -0.442235 0.585753 -0.679206
2.215866 -0.431594 -5.398907 169 170 65 0 -0.150634 0.571215 -0.806860
2.193469 -0.020981 -5.183080 160 159 119 0 0.619334 -0.046769 0.783734
2.146638 -0.141790 -5.189188 228 186 182 0 0.825046 -0.279174 0.491285
2.287808 -0.282281 -5.369044 185 196 184 0 -0.943952 -0.316416 -0.093998
2.090985 -0.196086 -5.144394 201 195 169 0 0.826054 -0.205372 0.524841
2.199577 -0.211696 -5.283528 167 173 123 0 0.609135 0.040797 0.792016
2.139852 -0.248346 -5.237376 198 196 153 0 0.881342 -0.364328 0.300835
2.240978 -0.467566 -5.478993 210 207 171 0 0.679191 -0.149755 0.718521
2.249801 -0.366439 -5.378546 170 172 69 0 -0.516388 0.492992 -0.700216
2.113382 -0.241559 -5.200047 183 176 96 0 0.370577 0.854344 0.364375
2.265411 -0.054238 -5.243485 166 154 94 0 -0.779478 -0.484541 0.397032
2.221974 -0.458742 -5.411123 171 172 65 0 0.182465 -0.252748 -0.950171
2.262017 0.017705 -5.219051 190 192 170 0 0.513885 -0.284444 0.809329
2.148674 -0.088851 -5.162041 183 183 61 0 -0.491188 0.541481 -0.682299
2.171750 -0.232736 -5.241448 165 173 60 0 -0.727704 -0.079888 -0.681224
2.060444 -0.284995 -5.113853 112 112 47 0 -0.149391 0.110525 -0.982581
2.120169 -0.160115 -5.170864 199 198 167 0 0.789109 -0.375997 0.485730
2.131707 -0.167580 -5.191903 194 182 157 0 0.722019 -0.453129 0.522841
2.122884 0.080824 -5.081954 183 195 155 0 0.579155 -0.445632 0.682635
2.116776 -0.035913 -5.117925 173 178 65 0 -0.711780 0.286311 -0.641401
2.245729 0.003452 -5.215658 154 157 102 0 0.434545 -0.690943 0.577728
2.089628 -0.180476 -5.136929 182 180 133 0 0.813041 -0.205930 0.544570
2.078090 -0.054916 -5.090098 167 163 113 0 0.698448 -0.276502 0.660089
2.120848 0.031957 -5.105030 182 187 151 0 0.568606 -0.277175 0.774507
2.297310 -0.094281 -5.264524 191 192 75 0 -0.490449 0.206743 -0.846591
2.183967 -0.370511 -5.328322 170 172 61 0 -0.618578 0.658594 -0.428503
2.271519 -0.068490 -5.269954 166 166 110 0 0.832392 -0.380657 0.402770
2.114740 -0.101068 -5.143716 183 173 139 0 0.618139 -0.332595 0.712239
2.060444 -0.324360 -5.115211 66 65 61 0 0.770902 -0.350704 0.531712
2.056371 -0.086815 -5.072452 179 175 135 0 0.744341 -0.110985 0.658512
2.244371 -0.498786 -5.498675 188 163 153 0 0.728777 -0.275883 0.626716
2.266090 -0.039985 -5.230589 180 179 69 0 -0.477476 0.356111 -0.803245
2.300025 -0.042700 -5.263167 167 172 132 0 0.730414 -0.604648 0.317642
2.241656 -0.177082 -5.282170 181 190 167 0 0.508544 -0.388313 0.768502
2.145281 -0.217125 -5.229232 194 194 150 0 0.785650 -0.286122 0.548532
2.231476 -0.339291 -5.351398 169 174 65 0 0.244717 0.350223 -0.904133
2.217902 -0.366439 -5.364293 169 170 65 0 -0.483827 0.507104 -0.713271
2.074696 -0.204909 -5.122676 173 165 110 0 0.776880 -0.181628 0.602883
2.194147 0.052997 -5.164077 184 187 154 0 0.624942 -0.434960 0.648273
2.241656 0.079466 -5.186474 179 184 134 0 0.534251 -0.438317 0.722810
2.178537 0.046210 -5.150503 156 150 102 0 0.563460 -0.433814 0.703078
2.246407 -0.149934 -5.279456 169 175 143 0 0.378429 -0.561909 0.735561
2.192111 -0.259205 -5.279456 165 174 57 0 -0.682625 0.358501 -0.636789
2.271519 -0.112606 -5.269954 177 182 160 0 0.524693 -0.517988 0.675563
2.173786 -0.334540 -5.303210 165 169 56 0 -0.742742 0.314175 -0.591294
2.244371 -0.491999 -5.521072 166 164 164 0 0.603486 -0.126035 0.787350
2.269483 -0.150613 -5.293030 193 200 186 0 0.516800 -0.252968 0.817878
2.226046 -0.445847 -5.474242 168 156 148 0 0.858963 -0.221134 0.461824
2.120169 0.110686 -5.054127 170 183 67 0 -0.665670 0.491288 -0.561711
2.217223 -0.521183 -5.462704 200 184 126 0 -0.522524 0.238912 -0.818468
2.131707 0.073358 -5.096207 171 173 129 0 0.649606 -0.301430 0.697963
2.281021 -0.227306 -5.307961 172 173 69 0 -0.207093 0.308527 -0.928398
2.197541 -0.008765 -5.186474 155 154 99 0 0.506970 -0.048349 0.860606
2.299346 -0.145862 -5.281492 180 184 71 0 -0.443307 0.174104 -0.879299
2.062480 -0.034555 -5.065665 162 158 98 0 0.743704 -0.120240 0.657607
2.289165 -0.085458 -5.272668 167 163 99 0 0.924404 -0.244317 -0.292895
2.039404 -0.066454 -5.041232 176 135 110 0 0.784215 -0.110349 0.610599
2.269483 -0.293140 -5.333752 169 171 77 0 -0.975691 0.141896 -0.167010
2.091664 0.100506 -5.027658 147 148 56 0 -0.715033 0.452909 -0.532542
2.249122 -0.479782 -5.490531 83 71 70 0 -0.079533 -0.467431 0.880445
2.135101 -0.291104 -5.229232 171 177 58 0 -0.711344 0.354854 -0.606686
2.090307 -0.057631 -5.105030 179 155 127 0 0.683033 -0.213156 0.698592
2.051620 -0.123465 -5.076524 183 179 140 0 0.799022 -0.213996 0.561933
2.196183 -0.435667 -5.413838 41 40 26 0 0.769719 0.070498 0.634479
2.138494 -0.154685 -5.187152 165 130 116 0 0.497141 -0.625218 0.601625
2.321064 -0.144505 -5.292351 95 89 29 0 0.118562 0.150342 -0.981499
2.053657 -0.137718 -5.082633 174 168 126 0 0.761293 0.001377 0.648407
2.240299 -0.455349 -5.469491 207 208 169 0 -0.893015 -0.427218 -0.141454
2.155462 -0.278887 -5.248914 169 167 57 0 -0.364191 0.569967 -0.736548
2.245729 -0.097674 -5.255023 167 167 140 0 -0.253656 -0.748364 0.612871
2.166321 -0.251739 -5.249593 181 158 69 0 -0.752735 0.500184 -0.428026
2.287808 -0.309429 -5.390084 170 171 165 0 -0.627537 -0.778585 0.001373
2.186682 0.114759 -5.123355 178 185 134 0 0.695767 -0.394984 0.599913
2.170393 -0.148577 -5.218373 174 182 134 0 0.572141 -0.771835 -0.277354
2.269483 -0.329790 -5.367008 170 161 68 0 -0.198034 0.521539 -0.829927
2.145281 -0.129573 -5.182402 197 185 169 0 0.333520 -0.268873 0.903588
2.234869 -0.099032 -5.242127 180 176 154 0 0.386972 -0.537190 0.749453
2.249122 -0.343364 -5.365650 171 173 72 0 -0.402863 0.554142 -0.728442
2.124920 -0.176403 -5.186474 201 200 174 0 0.815102 -0.269623 0.512750
2.057050 0.036708 -5.046662 174 105 70 0 -0.364824 0.483753 -0.795541
2.062480 -0.106497 -5.085348 174 170 119 0 0.725806 -0.149386 0.671483
2.105917 -0.007407 -5.105030 169 168 143 0 0.697359 -0.055846 0.714543
2.103880 -0.095638 -5.128784 155 153 112 0 0.631806 -0.189081 0.751711
2.179895 -0.144505 -5.228553 160 167 128 0 0.569972 -0.506081 0.647313
2.047548 0.012954 -5.039196 170 130 98 0 0.751097 -0.404185 0.522004
2.297310 -0.056274 -5.252986 187 186 76 0 -0.348424 0.173507 -0.921138
2.182610 -0.244952 -5.261131 165 176 59 0 -0.347998 0.793821 -0.498744
2.250479 0.088968 -5.175614 94 89 26 0 -0.070962 0.713960 -0.696582
2.152747 0.055712 -5.126070 186 189 159 0 0.696556 -0.244821 0.674443
2.082162 -0.141111 -5.115889 178 173 130 0 0.762325 -0.191732 0.618142
2.040083 -0.033198 -5.036481 184 168 105 0 0.830730 -0.040354 0.555211
2.131028 -0.094960 -5.158647 230 187 184 0 0.555211 -0.040354 0.830730
2.122205 -0.204909 -5.195297 201 186 163 0 0.718240 -0.459475 0.522507
2.140530 0.082860 -5.102315 152 151 82 0 -0.467777 -0.882055 0.056243
2.221295 -0.127537 -5.248914 165 174 133 0 0.703767 -0.133551 0.697765
2.122205 0.058427 -5.094171 180 179 144 0 0.586549 -0.204753 0.783605
2.278985 -0.059667 -5.258416 180 181 160 0 0.492717 -0.190198 0.849150
2.275591 -0.062382 -5.244163 181 178 73 0 -0.531610 0.419692 -0.735696
2.132386 0.059784 -5.102315 175 177 136 0 0.663437 -0.251758 0.704605
2.139852 -0.065775 -5.155253 195 200 177 0 0.714127 -0.311121 0.627078
2.130350 -0.246988 -5.219051 212 214 192 0 0.845910 -0.135872 0.515728
2.200256 -0.249024 -5.279456 165 170 62 0 -0.492008 0.579327 -0.649853
2.257267 -0.246988 -5.310676 165 168 66 0 -0.355368 0.623941 -0.695997
2.105917 0.090325 -5.056163 169 177 107 0 0.673370 -0.545749 0.498730
2.276270 -0.254454 -5.322892 166 171 70 0 -0.093887 0.561879 -0.821874
2.157498 0.117473 -5.092813 173 183 136 0 0.679474 -0.498281 0.538546
2.225368 -0.065097 -5.223802 184 186 160 0 0.642317 -0.205851 0.738278
2.238263 -0.395623 -5.394835 169 174 66 0 -0.481699 0.253931 -0.838741
2.234191 0.019741 -5.206835 172 171 146 0 0.523300 -0.310163 0.793698
2.256588 -0.327753 -5.358863 173 175 72 0 -0.592842 0.586086 -0.552306
2.186003 -0.293140 -5.293030 166 163 60 0 -0.531639 0.332475 -0.778987
2.265411 -0.301963 -5.345289 169 172 72 0 -0.631830 0.594763 -0.497040
2.147317 -0.021660 -5.146430 175 181 141 0 0.782789 -0.158368 0.601798
2.257267 0.076751 -5.198690 158 166 109 0 0.340688 -0.791739 0.507033
2.025830 -0.143826 -5.041232 188 173 141 0 0.674752 -0.658493 0.333311
2.195505 -0.166223 -5.252307 198 194 175 0 0.779225 -0.287250 0.557043
2.041440 -0.109891 -5.059557 158 150 86 0 0.835708 -0.127332 0.534209
2.171750 0.124260 -5.104351 184 192 147 0 0.779478 -0.397032 0.484541
2.242335 -0.364403 -5.369722 171 169 68 0 -0.657208 0.380489 -0.650620
2.229440 -0.269385 -5.337145 178 182 144 0 -0.870059 -0.159389 0.466469
2.055014 -0.264634 -5.103673 170 165 83 0 -0.911549 0.340563 -0.230423
2.042798 -0.043378 -5.042590 189 148 116 0 0.791522 -0.023648 0.610682
2.241656 -0.530685 -5.510892 52 50 54 0 0.191397 -0.341678 0.920121
2.219938 -0.442454 -5.464062 57 53 55 0 0.006757 -0.531080 0.847295
2.280342 -0.001978 -5.238734 166 167 117 0 0.492365 -0.509056 0.706002
2.243014 -0.265313 -5.314069 170 181 68 0 -0.530096 0.434316 -0.728263
2.164963 -0.138396 -5.207513 189 193 168 0 0.552966 -0.261602 0.791071
2.288487 -0.257169 -5.327643 171 179 73 0 -0.390611 0.451694 -0.802119
2.251837 -0.012837 -5.225838 182 182 149 0 0.402756 -0.236303 0.884279
2.196183 -0.399696 -5.368365 156 157 53 0 -0.411333 0.213775 -0.886062
2.223331 -0.213732 -5.274026 160 171 57 0 -0.436417 0.277163 -0.855991
2.287129 -0.071205 -5.252986 182 181 71 0 -0.197247 0.300767 -0.933077
2.175144 -0.324360 -5.297781 165 168 55 0 -0.358305 0.692069 -0.626625
2.264732 -0.323003 -5.395513 164 174 149 0 -0.722221 -0.660095 0.206571
2.031260 -0.065097 -5.033088 180 170 108 0 0.718949 0.396492 0.570882
2.207043 -0.367797 -5.354791 162 163 60 0 -0.516894 0.547201 -0.658325
2.135779 0.108650 -5.077203 188 199 156 0 0.530824 -0.317219 0.785874
2.093021 -0.001978 -5.088741 166 164 115 0 0.736807 -0.237224 0.633120
2.133065 -0.224591 -5.218373 204 207 184 0 0.732357 -0.500913 0.461236
2.066552 0.074037 -5.019514 175 183 71 0 -0.656090 0.718724 -0.230179
2.247765 0.044853 -5.204799 153 156 90 0 0.529746 -0.048664 0.846759
2.261339 -0.345400 -5.374474 174 174 75 0 -0.509056 0.492365 -0.706002
2.281700 -0.273458 -5.337824 170 178 71 0 -0.387745 0.458537 -0.799624
2.308169 -0.240201 -5.324250 72 63 16 0 -0.158732 0.007880 -0.987290
2.273555 -0.044736 -5.249593 167 161 117 0 0.228306 -0.244910 0.942282
2.126277 -0.246988 -5.202084 171 176 57 0 -0.540755 0.834926 -0.102383
2.143924 -0.043378 -5.148467 197 178 152 0 0.689578 -0.405148 0.600281
2.039404 -0.238844 -5.077203 71 69 39 0 -0.706239 0.405219 -0.580538
2.071982 -0.013516 -5.071774 185 159 121 0 0.492818 -0.318509 0.809742
2.189397 -0.050165 -5.191225 177 182 141 0 0.499223 -0.414110 0.761111
2.211794 -0.241559 -5.281492 163 175 60 0 -0.464966 0.458394 -0.757418
2.154783 -0.278208 -5.269954 198 199 159 0 0.769084 -0.165345 0.617391
2.125599 -0.119393 -5.160683 185 145 139 0 0.579369 -0.238931 0.779259
2.286451 -0.109891 -5.262488 181 180 70 0 -0.268586 0.133631 -0.953942
2.036011 -0.044057 -5.031052 195 174 75 0 -0.448621 0.371989 -0.812627
2.147317 -0.289068 -5.245521 170 173 60 0 0.022896 0.475421 -0.879461
2.187361 -0.306035 -5.299138 170 167 62 0 -0.664647 0.341305 -0.664647
2.208400 -0.331147 -5.331716 164 172 60 0 -0.499979 0.395749 -0.770327
2.248443 -0.399017 -5.402300 166 158 61 0 0.761503 -0.420873 -0.492930
2.264732 -0.359652 -5.426054 193 200 188 0 0.554068 -0.513649 0.655113
2.192111 -0.240201 -5.284885 224 223 219 0 0.364650 0.349264 0.863160
2.245729 -0.468923 -5.509535 232 224 209 0 -0.461236 -0.732357 0.500913
2.160213 0.046210 -5.132856 166 166 123 0 0.713960 -0.070962 0.696582
2.031938 -0.144505 -5.054806 188 172 139 0 0.715033 -0.532542 0.452909
2.234869 -0.284995 -5.321535 171 176 68 0 -0.612521 0.278419 -0.739798
2.021079 -0.206266 -5.040554 146 143 72 0 -0.626469 0.070568 -0.776245
2.061801 -0.204230 -5.106387 182 170 136 0 0.792734 -0.190928 0.578895
2.252516 -0.100389 -5.242806 171 178 64 0 -0.386237 0.252024 -0.887302
2.193469 -0.314858 -5.329000 203 204 198 0 0.745368 -0.182133 0.641292
2.057729 -0.187263 -5.096207 178 168 135 0 0.703437 -0.101755 0.703437
2.288487 -0.031841 -5.242127 191 192 78 0 -0.507107 0.110615 -0.854755
2.055693 -0.099710 -5.074488 168 166 119 0 0.797171 -0.070128 0.599667
2.243692 -0.125501 -5.245521 181 169 65 0 -0.244841 0.556740 -0.793784
2.213151 -0.284317 -5.310676 169 169 64 0 -0.514619 0.381500 -0.767870
2.075375 0.088968 -5.014763 72 61 14 0 -0.812881 0.568870 -0.124946
2.089628 0.090325 -5.035124 179 188 105 0 -0.466514 0.670510 -0.576872
2.306812 -0.258526 -5.361578 154 157 121 0 0.458464 -0.545155 0.701867
2.266768 -0.365761 -5.413159 76 76 60 0 0.325541 -0.460790 0.825648
2.063159 -0.132967 -5.093492 168 161 116 0 0.679943 -0.143225 0.719141
2.228761 0.080145 -5.177650 162 165 100 0 0.643412 -0.492219 0.586295
2.272198 0.024492 -5.214979 183 188 75 0 -0.484526 0.144048 -0.862835
2.264054 -0.127537 -5.278777 163 167 135 0 0.349264 -0.364650 0.863160
2.268126 -0.341327 -5.396192 136 141 123 0 0.190910 -0.871673 0.451376
2.173108 -0.295176 -5.282170 164 163 56 0 -0.633269 0.340240 -0.695131
2.109310 -0.084100 -5.128106 170 133 123 0 0.228388 -0.784598 0.576407
2.098451 -0.230021 -5.167470 201 197 166 0 0.847295 -0.531080 0.006757
2.257267 -0.384085 -5.392798 125 108 38 0 0.610975 -0.094781 -0.785956
2.089628 -0.158079 -5.130820 179 177 127 0 0.788893 -0.214591 0.575846
2.212472 -0.107176 -5.229232 185 185 167 0 0.460083 -0.650808 0.603964
2.202971 -0.295855 -5.307961 167 176 59 0 -0.477412 0.422013 -0.770703
2.250479 -0.486569 -5.511571 224 221 204 0 0.206322 0.687223 0.696531
2.112704 -0.126180 -5.150503 180 177 136 0 0.767752 -0.191555 0.611443
2.196183 -0.151292 -5.243485 206 208 196 0 0.556163 -0.269416 0.786191
2.089628 -0.115999 -5.120640 173 173 120 0 0.746221 -0.341546 0.571402
2.122884 -0.251739 -5.211586 168 165 129 0 0.766185 0.181988 0.616312
2.253873 -0.305356 -5.342575 176 181 74 0 -0.317538 0.237076 -0.918131
2.076732 0.085574 -5.024943 169 178 66 0 -0.656364 0.626454 -0.420406
2.143245 -0.055595 -5.153896 190 195 166 0 0.695131 -0.340240 0.633269
2.171750 -0.146541 -5.205477 170 181 61 0 -0.406187 0.206759 -0.890092
2.242335 -0.517111 -5.481708 189 161 85 0 -0.110449 0.631766 -0.767250
2.207721 -0.396302 -5.365650 167 172 61 0 -0.523384 0.712799 0.466891
2.209079 -0.174367 -5.244842 170 178 61 0 -0.522133 0.246348 -0.816511
2.216545 -0.132967 -5.233304 168 179 61 0 -0.436614 0.120104 -0.891596
2.262017 -0.325039 -5.407051 179 181 153 0 0.339395 -0.586228 0.735627
2.242335 -0.483854 -5.457275 180 166 74 0 0.055072 0.820436 -0.569080
2.225368 -0.504894 -5.453203 186 159 90 0 -0.799631 0.167154 -0.576758
2.159534 -0.047451 -5.166113 174 179 131 0 0.490445 -0.530618 0.691310
2.049584 -0.270743 -5.096885 106 105 59 0 -0.758047 0.608000 -0.236010
2.279664 -0.100389 -5.280813 209 211 209 0 0.871866 0.206455 0.444102
2.201613 -0.404446 -5.377188 159 157 56 0 -0.593290 0.404891 -0.695752
2.183288 -0.272100 -5.278777 169 166 64 0 -0.332212 0.484807 -0.809072
2.240978 -0.012837 -5.217015 165 165 119 0 0.624527 0.001373 0.781002
2.196183 -0.104461 -5.212943 185 181 163 0 0.476856 -0.674291 0.563861
2.059765 0.049603 -5.035124 210 175 142 0 0.524474 -0.602049 0.602049
2.220617 0.114759 -5.143037 125 128 43 0 -0.191732 0.618142 -0.762325
2.158855 0.135798 -5.075167 113 117 36 0 -0.286664 0.680626 -0.674220
2.314956 -0.099710 -5.274026 166 160 67 0 0.340528 0.269769 -0.900703
2.299346 -0.273458 -5.375831 188 193 186 0 0.006877 -0.601086 0.799155
2.096415 -0.152649 -5.137608 183 181 138 0 0.799300 -0.230359 0.555026
2.211794 -0.020981 -5.198690 163 158 111 0 0.441631 -0.180467 0.878860
2.302061 -0.068490 -5.259095 188 191 76 0 -0.412545 0.331593 -0.848441
2.273555 -0.106497 -5.254344 179 179 68 0 -0.366163 0.554940 -0.746972
2.262696 -0.352865 -5.406373 195 200 192 0 -0.587024 -0.055166 0.807688
2.019722 -0.168938 -5.044626 94 87 76 0 0.348727 -0.569317 0.744492
2.190075 0.099827 -5.132178 185 189 158 0 0.650830 -0.516292 0.556653
2.178537 -0.107855 -5.195297 166 175 58 0 -0.118463 0.469569 -0.874912
2.111346 0.088968 -5.064987 191 197 161 0 0.658057 -0.365952 0.658057
2.285093 0.012275 -5.225838 163 166 66 0 -0.246401 0.260481 -0.933508
2.046191 -0.014194 -5.040554 177 139 102 0 0.688668 -0.133533 0.712674
2.112704 0.032636 -5.097564 174 179 140 0 0.663437 -0.251758 0.704605
2.205007 -0.311465 -5.339181 228 227 222 0 0.713922 -0.325393 0.620028
2.257945 0.055033 -5.199369 183 188 76 0 -0.460894 0.231203 -0.856809
2.156819 0.108650 -5.098243 180 187 143 0 0.659294 -0.373216 0.652718
2.262017 -0.217804 -5.288279 167 170 63 0 0.499367 0.806913 -0.315473
2.014971 -0.143826 -5.029016 104 98 88 0 0.696391 -0.286561 0.657969
2.130350 0.116116 -5.062272 179 189 73 0 -0.647425 0.427733 -0.630782
2.247086 -0.082743 -5.242127 187 190 173 0 0.516830 -0.014922 0.855958
2.194147 -0.363046 -5.340539 174 168 63 0 -0.785639 0.474623 -0.396869
2.221974 -0.534757 -5.466776 175 149 104 0 0.555297 0.735482 -0.388216
2.151389 0.078109 -5.111817 177 185 148 0 0.524731 -0.285214 0.802066
2.040761 -0.156721 -5.069737 180 169 130 0 0.805804 -0.206420 0.555041
2.133743 -0.270743 -5.233983 187 185 131 0 0.802086 -0.197084 0.563752
2.320385 -0.115999 -5.304567 163 173 125 0 0.261791 0.072087 0.962429
2.253194 0.078787 -5.184438 126 127 41 0 -0.182603 0.547809 -0.816432
2.182610 -0.032519 -5.174936 167 150 115 0 0.617644 -0.229857 0.752118
2.281021 -0.315537 -5.360899 86 74 23 0 0.149479 0.316786 -0.936644
2.167678 -0.086815 -5.193261 177 148 126 0 -0.833415 -0.498821 0.237899
2.150711 -0.146541 -5.197333 233 210 209 0 0.676648 0.080034 0.731944
2.158176 -0.178440 -5.221766 205 166 166 0 -0.268436 -0.942969 0.196853
2.227404 -0.414627 -5.395513 169 173 64 0 0.007969 0.174169 -0.984683
2.033974 -0.092245 -5.040554 186 159 130 0 0.506798 0.039830 0.861144
2.317671 -0.225949 -5.347325 70 65 48 0 0.364659 -0.533213 0.763353
2.215866 -0.007407 -5.199369 164 164 116 0 0.554940 -0.366163 0.746972
2.230797 -0.090887 -5.236698 185 188 165 0 0.530824 -0.317219 0.785874
2.140530 -0.189299 -5.210907 203 204 184 0 0.675072 -0.588396 0.445048
2.312241 -0.234772 -5.350719 113 117 113 0 -0.738752 -0.149563 0.657172
2.122205 -0.094281 -5.148467 207 153 136 0 0.843007 -0.174570 0.508788
2.181252 -0.012158 -5.173578 157 158 107 0 0.642124 -0.070706 0.763333
2.107953 0.070643 -5.071774 178 191 137 0 0.616874 -0.379994 0.689254
2.272198 -0.074599 -5.259773 185 188 156 0 0.810309 -0.094222 0.578378
2.198898 -0.183869 -5.244842 177 166 65 0 -0.453129 0.522841 -0.722019
2.281700 0.044853 -5.225838 148 152 91 0 0.514705 -0.048557 0.855991
2.150032 0.002094 -5.143037 165 166 111 0 0.639026 -0.205788 0.741146
2.154783 -0.316216 -5.276741 202 189 155 0 0.760271 -0.198935 0.618395
2.170393 -0.020303 -5.164755 159 162 119 0 0.577899 0.063896 0.813603
2.248443 -0.469602 -5.459990 185 177 74 0 0.221913 0.852931 -0.472508
2.262017 -0.128216 -5.255023 173 180 65 0 -0.608134 0.467409 -0.641640
2.196183 -0.221198 -5.259773 165 175 62 0 -0.403140 0.190655 -0.895058
2.227404 -0.173689 -5.286242 190 188 180 0 -0.682135 -0.642876 -0.348429
2.215866 0.029242 -5.188510 180 177 150 0 0.467183 -0.396055 0.790494
2.294595 -0.138396 -5.276741 177 181 70 0 -0.517459 0.228787 -0.824556
2.114740 -0.211696 -5.190546 207 203 178 0 0.808064 -0.436835 0.395231
2.059086 -0.071884 -5.073810 178 175 128 0 0.658512 -0.110985 0.744341
2.232155 -0.167580 -5.278777 170 180 149 0 -0.040276 -0.079464 0.996024
2.269483 -0.098353 -5.259773 210 212 207 0 0.529978 0.023281 0.847692
2.288487 -0.122786 -5.266560 179 182 70 0 -0.680192 0.405467 -0.610684
2.166321 -0.191335 -5.222445 163 166 56 0 -0.650017 0.333969 -0.682600
2.238942 -0.156721 -5.255023 174 179 63 0 -0.705858 0.126845 -0.696904
2.292559 -0.287710 -5.386012 174 183 146 0 0.715372 -0.350353 0.604563
2.128992 -0.067812 -5.141680 199 204 183 0 0.776880 -0.181628 0.602883
2.052978 -0.306035 -5.097564 198 189 173 0 0.766383 -0.149061 0.624851
2.183967 -0.235450 -5.258416 161 173 58 0 -0.627730 0.460336 -0.627730
2.080805 -0.253775 -5.147109 169 167 69 0 -0.907703 0.416980 0.046927
2.176501 -0.208302 -5.255023 229 217 212 0 0.594899 -0.658578 0.460837
2.243014 -0.250382 -5.304567 166 176 65 0 -0.556548 0.610681 -0.563315
2.183288 -0.254454 -5.269275 164 168 59 0 -0.563202 0.509403 -0.650624
2.090307 -0.238844 -5.153217 197 182 142 0 0.333016 -0.635166 0.696896
2.287808 -0.206945 -5.301853 177 179 68 0 -0.458579 0.372296 -0.806908
2.053657 -0.148577 -5.084669 168 159 120 0 0.767241 -0.032379 0.640541
2.164963 0.086253 -5.120640 179 186 150 0 0.704605 -0.251758 0.663437
2.243014 -0.482497 -5.517679 103 102 101 0 0.667208 0.117393 0.735563
2.286451 -0.006729 -5.244842 173 173 133 0 0.230430 -0.198089 0.952713
2.245729 -0.058988 -5.235340 187 191 169 0 0.530033 -0.191778 0.826006
2.224689 -0.103104 -5.241448 212 207 206 0 0.411713 0.715951 0.563832
2.114740 -0.199479 -5.184438 205 200 180 0 0.807343 -0.119116 0.577934
2.139852 -0.213732 -5.221087 209 211 185 0 0.736902 -0.254050 0.626446
2.086913 0.074715 -5.048019 173 178 93 0 -0.657803 0.499661 -0.563591
2.249801 -0.118035 -5.257737 169 162 146 0 0.563483 -0.374022 0.736611
2.285093 -0.161472 -5.281492 173 174 68 0 -0.374094 0.316071 -0.871868
2.134422 -0.196764 -5.206835 209 210 190 0 0.799835 0.001367 0.600218
2.288487 -0.301284 -5.395513 174 179 164 0 0.554953 -0.015073 0.831745
2.143924 -0.153328 -5.195297 173 137 70 0 -0.253871 0.404090 -0.878784
2.041440 -0.138396 -5.064308 168 158 103 0 0.302290 0.244984 0.921197
2.260660 -0.011480 -5.229910 174 174 143 0 0.410939 -0.237598 0.880157
2.162927 0.000737 -5.154575 165 171 128 0 0.611770 -0.412821 0.674771
2.157498 0.097791 -5.105709 169 176 139 0 0.594407 -0.412277 0.690440
2.240299 -0.214411 -5.286242 167 164 65 0 -0.433833 0.417706 -0.798318
2.198220 -0.232057 -5.288279 192 202 171 0 0.614128 -0.405556 0.677031
2.148674 -0.204909 -5.227196 188 191 143 0 0.783774 -0.283426 0.552601
2.101844 -0.108534 -5.132856 181 181 139 0 0.776717 -0.228812 0.586818
2.186003 -0.171653 -5.227874 169 179 57 0 0.056098 0.127080 -0.990305
2.200256 -0.122108 -5.229232 180 186 149 0 0.640012 -0.340362 0.688868
2.103880 0.099827 -5.044626 182 192 121 0 0.815008 0.006849 0.579409
2.083519 0.022455 -5.070416 171 175 62 0 -0.568972 0.144100 -0.809633
2.253873 -0.479103 -5.464740 85 56 25 0 0.379428 0.449871 -0.808487
2.268804 -0.281602 -5.371758 175 179 157 0 0.398368 -0.619867 0.676068
2.274913 -0.145862 -5.268596 174 179 67 0 -0.268977 -0.064403 -0.960991
2.230119 -0.358974 -5.364293 175 176 68 0 -0.366084 0.468396 -0.804107
2.159534 -0.061703 -5.172221 180 186 146 0 0.593275 -0.339711 0.729809
2.306812 -0.096996 -5.268596 190 190 77 0 -0.507260 0.014880 -0.861665
2.193469 0.082181 -5.147788 192 195 169 0 0.657208 -0.380489 0.650620
2.234191 -0.131609 -5.263167 190 195 179 0 0.450958 -0.307400 0.837939
2.255909 -0.426165 -5.455917 135 117 112 0 -0.636150 -0.286828 0.716270
2.063837 -0.001299 -5.059557 180 164 113 0 0.746769 -0.136184 0.650991
2.067909 -0.344721 -5.120640 201 198 183 0 -0.102285 -0.959404 0.262833
2.212472 0.067928 -5.170185 167 171 130 0 0.601942 -0.285803 0.745642
2.217223 -0.458742 -5.421982 170 170 68 0 0.055838 0.657173 -0.751669
2.107953 -0.037949 -5.114532 183 158 106 0 0.863929 -0.262671 0.429687
2.207721 0.106614 -5.145752 188 195 168 0 0.553416 -0.134296 0.822007
2.315635 -0.180476 -5.302531 126 118 37 0 0.031912 0.197380 -0.979808
2.171750 0.130369 -5.096885 172 180 91 0 -0.430279 0.760760 -0.485905
2.229440 -0.449241 -5.414517 174 174 67 0 -0.841784 0.476858 -0.252995
2.114740 -0.026411 -5.115889 169 175 128 0 0.619300 -0.119722 0.775973
2.227404 -0.181154 -5.259773 171 177 63 0 -0.309842 0.380053 -0.871526
2.255230 -0.098353 -5.253665 172 179 146 0 0.570051 -0.806450 0.157101
2.086234 -0.192014 -5.135571 187 182 132 0 0.832034 -0.159262 0.531371
2.025151 -0.230699 -5.050734 85 87 45 0 -0.844840 0.245966 -0.475127
2.110667 0.060463 -5.078560 176 178 86 0 -0.664827 0.269438 -0.696713
2.280342 0.011596 -5.235340 171 175 126 0 0.600325 -0.420726 0.680147
2.065195 -0.017588 -5.066344 170 164 106 0 0.728106 -0.070929 0.681785
2.099129 0.072679 -5.062272 185 195 140 0 0.679544 -0.689048 0.251859
2.069946 -0.090209 -5.090098 172 168 115 0 0.743704 -0.120240 0.657607
2.069267 -0.168259 -5.105709 185 164 121 0 0.745071 -0.032394 0.666198
2.145281 0.026528 -5.129463 174 168 120 0 0.865531 -0.213767 0.452946
2.323779 -0.186584 -5.333073 154 155 127 0 0.443039 -0.229780 0.866555
2.264054 0.039423 -5.204799 183 188 75 0 -0.324616 0.221654 -0.919507
2.308848 -0.173010 -5.298459 175 177 69 0 -0.243016 0.433203 -0.867916
2.228761 -0.238844 -5.314748 202 205 202 0 0.316879 -0.897080 0.307953
2.304097 -0.225270 -5.316784 170 167 70 0 -0.356243 0.340953 -0.869967
2.206364 -0.424129 -5.402979 168 170 63 0 0.260313 0.205220 -0.943463
2.297310 -0.053559 -5.267239 167 165 121 0 0.554918 -0.548171 0.625759
2.216545 -0.026411 -5.204799 166 152 109 0 0.539026 -0.243882 0.806209
2.182610 -0.390872 -5.360221 127 124 76 0 0.499747 0.483144 -0.718905
2.261339 -0.161472 -5.271990 170 177 60 0 -0.451627 0.136205 -0.881749
2.122205 0.002094 -5.116568 177 178 146 0 0.697754 -0.237835 0.675703
2.225368 0.106614 -5.161362 188 199 164 0 0.671878 -0.554593 0.490924
2.248443 -0.186584 -5.271311 170 175 65 0 -0.412197 0.275305 -0.868505
2.243692 -0.287031 -5.326964 174 179 72 0 -0.610687 0.559938 -0.559938
2.071303 -0.065097 -5.085348 171 167 121 0 0.759287 -0.181801 0.624846
2.073339 0.052997 -5.048698 183 172 87 0 -0.644217 0.446769 -0.620791
2.198898 -0.363046 -5.366329 223 224 206 0 0.372823 0.294334 0.879983
2.245729 -0.317573 -5.348004 167 172 69 0 -0.357392 0.482400 -0.799726
2.284415 -0.080028 -5.254344 184 184 72 0 -0.506970 -0.048349 -0.860606
2.141209 -0.087494 -5.156611 171 178 59 0 -0.594789 0.365394 -0.716040
2.104559 -0.149934 -5.148467 190 188 154 0 0.802066 -0.285214 0.524731
2.281700 -0.288389 -5.372437 183 195 177 0 -0.006898 -0.785005 0.619451
2.251158 0.058427 -5.191903 184 190 75 0 -0.452490 0.254430 -0.854703
2.224010 -0.160115 -5.269275 190 196 177 0 0.149466 -0.134643 0.979557
2.202971 0.077430 -5.158647 169 174 129 0 0.508695 -0.262904 0.819824
2.274234 -0.291782 -5.388726 152 164 120 0 0.738446 -0.444389 0.507165
2.283057 -0.297891 -5.352755 136 128 48 0 -0.309465 0.443204 -0.841310
2.331245 -0.125501 -5.314069 43 44 34 0 -0.062558 -0.024387 0.997743
2.281700 -0.341327 -5.405694 146 137 121 0 0.770703 -0.422013 0.477412
2.201613 0.031279 -5.176972 176 169 144 0 0.610724 -0.340377 0.714954
2.114061 -0.141790 -5.157969 181 177 138 0 0.762304 -0.253054 0.595698
2.242335 -0.110570 -5.258416 171 169 157 0 -0.269133 -0.561875 0.782218
2.098451 0.025849 -5.086026 168 173 122 0 0.687433 -0.183008 0.702812
2.039404 0.006167 -5.027658 154 136 94 0 -0.600804 0.110172 0.791768
2.143245 -0.287031 -5.237376 170 173 59 0 -0.827174 0.271586 -0.491959
2.119491 -0.176403 -5.179008 189 186 159 0 0.794749 -0.237958 0.558346
2.113382 0.104578 -5.052770 162 173 64 0 -0.604022 0.499706 -0.620847
2.158855 -0.260562 -5.263845 199 201 164 0 0.482837 -0.630885 0.607332
2.087592 -0.205588 -5.145073 199 194 164 0 0.877972 -0.199204 0.435297
2.148674 -0.282281 -5.263845 211 212 186 0 0.759524 -0.046849 0.648790
2.223331 -0.290425 -5.320856 172 172 69 0 -0.402880 0.497483 -0.768244
2.183967 -0.278887 -5.286242 176 162 67 0 -0.570882 0.396492 -0.718949
2.316313 -0.227985 -5.356149 74 69 71 0 0.682884 -0.015361 -0.730365
2.171750 -0.099032 -5.196654 176 160 120 0 -0.627537 -0.778585 0.001373
2.274913 0.027206 -5.227874 162 167 119 0 0.713412 -0.262167 0.649856
2.232833 -0.020303 -5.212943 173 174 141 0 0.514589 -0.262736 0.816191
2.150711 0.126296 -5.076524 159 170 77 0 -0.705838 0.261715 -0.658254
2.153425 -0.122108 -5.188510 185 192 159 0 0.721454 -0.149736 0.676080
2.328530 -0.176403 -5.332394 61 65 50 0 0.530096 -0.434316 0.728263
2.287808 -0.221198 -5.307961 173 175 69 0 -0.364650 0.349264 -0.863160
2.263375 -0.111927 -5.265882 188 191 171 0 0.142896 -0.723503 0.675370
2.040083 -0.222555 -5.071095 171 169 79 0 -0.827037 0.182280 -0.531774
2.029223 -0.216447 -5.052091 171 169 75 0 -0.674455 0.261847 -0.690324
2.174465 0.117473 -5.109781 181 190 150 0 0.572100 -0.419540 0.704761
2.192111 -0.336577 -5.337145 201 199 166 0 0.747723 -0.239836 -0.619184
2.287129 -0.295176 -5.375152 175 179 165 0 -0.103966 -0.616476 0.780479
2.116776 0.017705 -5.105709 168 173 120 0 0.704874 -0.165942 0.689650
2.218581 -0.124144 -5.232625 166 174 57 0 -0.515646 0.342158 -0.785517
2.176501 0.086253 -5.129463 181 182 156 0 0.562444 -0.140982 0.814728
2.156140 -0.270064 -5.250950 169 161 56 0 -0.253050 -0.030562 -0.966970
2.052299 0.020419 -5.041232 175 105 94 0 0.690306 -0.244846 0.680829
2.097772 -0.182512 -5.152539 198 193 162 0 0.818468 -0.238912 0.522524
2.151389 -0.214411 -5.235340 212 219 196 0 0.775802 -0.252332 0.578325
2.319028 -0.192014 -5.343932 150 157 112 0 -0.736989 -0.047042 0.674266
2.161570 -0.185905 -5.217015 179 170 64 0 -0.561864 0.238131 -0.792213
2.074018 0.032636 -5.058878 173 171 68 0 -0.633874 0.165689 -0.755481
2.124241 -0.242916 -5.212943 207 201 178 0 0.776641 -0.151723 0.611399
2.219938 -0.238844 -5.285564 162 172 62 0 -0.683284 0.420610 -0.596834
2.038047 -0.003335 -5.029016 131 114 80 0 -0.616892 0.135925 0.775222
2.209758 -0.420057 -5.390084 168 167 62 0 -0.190766 0.334900 -0.922741
2.191433 0.044853 -5.166791 164 156 99 0 0.524851 -0.422842 0.738740
2.327851 -0.097674 -5.300495 123 120 84 0 -0.221031 -0.237506 0.945905
2.236906 -0.115321 -5.250271 184 186 170 0 0.603751 -0.167961 0.779278
2.231476 -0.321645 -5.343253 166 174 65 0 -0.364824 0.483753 -0.795541
2.297988 -0.085458 -5.276062 197 199 185 0 0.388499 0.040825 0.920544
2.237584 -0.257169 -5.337824 176 190 165 0 0.694134 -0.560967 0.451104
2.120848 -0.013516 -5.119283 180 187 152 0 0.665420 -0.213495 0.715287
2.253194 -0.122786 -5.264524 163 163 147 0 -0.500539 -0.173777 0.848093
2.243692 -0.244952 -5.330358 174 186 162 0 0.582909 -0.397963 0.708408
2.065873 -0.068490 -5.078560 180 173 136 0 0.703908 -0.032445 0.709550
2.221974 0.076751 -5.172900 168 171 115 0 0.585773 -0.452263 0.672554
2.236227 0.052318 -5.192582 181 183 148 0 0.437493 -0.355364 0.826024
2.240978 -0.403768 -5.403657 170 168 66 0 -0.683214 0.452692 -0.572964
2.087592 0.040102 -5.069737 170 170 66 0 -0.647647 0.079688 -0.757762
2.187361 -0.335219 -5.320856 163 156 55 0 -0.594763 0.631830 -0.497040
2.239620 -0.065097 -5.232625 191 191 169 0 0.540755 -0.102383 0.834926
2.059765 -0.019624 -5.059557 168 167 110 0 0.778326 -0.023755 0.627411
2.323100 -0.173689 -5.324250 148 152 131 0 0.412864 -0.785251 0.461436
2.078768 -0.075277 -5.096885 175 170 130 0 0.774410 -0.165187 0.610739
2.077411 -0.175725 -5.117247 176 171 122 0 0.880149 -0.221150 0.420037
2.247765 -0.506930 -5.504105 63 61 61 0 -0.919507 -0.324616 -0.221654
2.165642 -0.206266 -5.246878 182 160 158 0 0.428924 -0.435399 0.791487
2.241656 -0.149256 -5.271990 189 196 177 0 0.453787 -0.654727 0.604492
2.175144 -0.102425 -5.204120 185 193 163 0 -0.396055 -0.790494 0.467183
2.253873 -0.153328 -5.282849 188 193 175 0 0.404775 -0.529321 0.745638
2.063837 -0.115321 -5.088741 174 168 117 0 0.681844 -0.166266 0.712351
2.171072 -0.288389 -5.276062 163 168 56 0 -0.689557 0.475845 -0.545969
2.247765 -0.173689 -5.287600 192 198 184 0 0.517441 -0.517441 0.681549
2.079447 -0.204909 -5.130142 193 187 151 0 0.782218 -0.269133 0.561875
2.181931 0.007524 -5.169506 172 180 146 0 0.731808 -0.175695 0.658474
2.275591 0.018383 -5.221087 182 188 75 0 -0.401538 0.330222 -0.854237
2.112025 -0.065097 -5.125391 238 190 198 0 0.737085 -0.292596 0.609174
2.107274 -0.061025 -5.117925 245 186 192 0 0.705838 -0.261715 0.658254
2.238263 -0.140432 -5.271311 181 187 165 0 0.015401 -0.975029 -0.221544
2.215866 -0.107855 -5.237376 179 185 158 0 -0.276112 -0.284786 0.917965
2.126277 -0.154685 -5.174257 176 170 136 0 0.711806 -0.308288 0.631103
2.274913 -0.116678 -5.279456 190 194 174 0 0.603693 -0.293039 0.741406
2.186003 0.077430 -5.145073 170 173 127 0 0.492152 -0.230077 0.839554
2.241656 -0.048808 -5.229910 181 182 158 0 0.500992 -0.223848 0.836002
2.163606 0.009560 -5.153896 170 177 132 0 0.596423 -0.119285 0.793758
2.276949 -0.102425 -5.272668 182 184 161 0 0.595846 -0.538456 0.595846
2.047548 0.054354 -5.011369 52 23 8 0 -0.797171 0.599667 0.070128
2.251837 -0.021660 -5.225838 193 194 176 0 0.372850 -0.181425 0.909982
2.090307 -0.048808 -5.105030 147 127 34 0 -0.832144 0.221396 -0.508448
2.186003 -0.217125 -5.251629 168 177 61 0 -0.539084 0.357771 -0.762488
2.308169 -0.195407 -5.305246 167 168 67 0 -0.667229 0.373977 -0.644164
2.160891 -0.191335 -5.239412 188 184 142 0 0.806862 -0.183171 0.561624
2.194826 -0.172331 -5.234662 168 175 60 0 -0.633537 0.001374 -0.773712
2.233512 -0.462136 -5.419268 117 90 33 0 -0.618395 0.760271 0.198935
2.151389 -0.065775 -5.166791 184 187 148 0 0.610551 -0.307692 0.729762
2.150032 -0.036591 -5.151860 174 153 140 0 0.662813 -0.237731 0.710044
2.106595 0.048925 -5.081275 177 144 67 0 -0.437109 0.556774 -0.706355
2.146638 -0.244952 -5.245521 202 203 176 0 0.730075 -0.268808 0.628278
2.086234 0.052318 -5.060236 181 160 65 0 -0.579588 0.459328 -0.673124
2.253194 -0.361010 -5.417910 184 192 169 0 0.541270 -0.428712 0.723348
2.308848 -0.055595 -5.257059 163 160 61 0 -0.300938 0.315763 -0.899850
2.114740 0.075394 -5.077882 178 189 140 0 0.737583 -0.395896 0.547027
2.251837 -0.292461 -5.333073 177 177 73 0 -0.420958 0.300684 -0.855794
2.203649 0.111365 -5.139644 190 196 155 0 0.586575 -0.610241 0.532481
2.136458 0.052997 -5.109102 163 150 113 0 0.619788 -0.358136 0.698284
2.046191 -0.103783 -5.063629 175 168 123 0 0.706003 0.055850 0.706003
2.103202 -0.065097 -5.124712 151 133 40 0 -0.674325 0.300952 -0.674325
2.287808 -0.094281 -5.258416 184 186 73 0 -0.412512 0.244507 -0.877525
2.143924 -0.002656 -5.138965 166 171 125 0 0.678758 -0.189313 0.709541
2.231476 -0.462136 -5.431484 128 103 42 0 -0.339802 0.421229 -0.840893
2.200256 -0.020303 -5.188510 170 168 133 0 0.670274 -0.038261 0.741127
2.198898 -0.031841 -5.189188 174 159 140 0 0.467257 -0.380550 0.798030
2.052978 0.042816 -5.031730 216 161 162 0 0.636036 -0.373075 0.675480
2.127635 -0.139754 -5.165434 189 164 128 0 -0.189657 -0.318905 0.928617
2.097093 0.050282 -5.071774 180 148 68 0 -0.560967 0.451104 -0.694134
2.181252 -0.212375 -5.245521 167 176 61 0 -0.616490 0.275588 -0.737558
2.245729 -0.500143 -5.528538 201 193 194 0 -0.458549 0.824127 0.332487
2.072660 0.001416 -5.064987 218 139 149 0 0.571146 -0.302371 0.763128
2.214509 -0.132967 -5.248235 177 182 138 0 0.350034 -0.214630 0.911817
2.227404 -0.041342 -5.214979 173 172 142 0 0.614132 -0.271361 0.741084
2.312241 -0.140432 -5.288279 183 190 75 0 -0.450923 0.278557 -0.847982
2.152747 -0.078671 -5.174257 185 190 159 0 0.604048 -0.174976 0.777502
2.295952 -0.170295 -5.290315 175 177 67 0 -0.413758 0.254273 -0.874157
2.088949 -0.143826 -5.125391 177 179 130 0 0.802605 -0.213312 0.557066
2.175144 -0.270743 -5.265882 172 165 64 0 -0.586046 0.141665 -0.797798
2.260660 -0.098353 -5.260452 172 176 152 0 -0.150112 -0.371774 0.916106
2.125599 0.048246 -5.097564 183 154 72 0 -0.461412 0.438586 -0.771194
2.209079 0.059105 -5.171542 174 179 139 0 0.552966 -0.261602 0.791071
2.234191 -0.331147 -5.350040 167 173 65 0 -0.364162 0.420914 -0.830793
2.191433 -0.200837 -5.248235 161 170 57 0 -0.569505 0.316035 -0.758805
2.088949 0.003452 -5.083312 190 187 159 0 0.729158 -0.220153 0.647967
2.177180 0.015668 -5.163398 174 179 140 0 0.632800 -0.085828 0.769543
2.210436 -0.292461 -5.312033 164 169 62 0 -0.570627 0.190209 -0.798878
2.288487 0.002773 -5.232625 169 171 68 0 -0.173252 0.552900 -0.815037
2.108631 -0.100389 -5.137608 184 181 150 0 0.739981 -0.300166 0.601937
2.287808 -0.263277 -5.333752 168 174 71 0 -0.166266 0.681844 -0.712351
2.241656 -0.492677 -5.466776 191 183 81 0 -0.616968 0.443080 -0.650408
2.135779 -0.238844 -5.226517 216 218 197 0 0.833029 -0.087461 0.546272
2.316992 -0.192692 -5.301174 96 92 35 0 0.214970 -0.522942 -0.824815
2.103880 -0.015552 -5.102993 176 178 141 0 0.615952 -0.142373 0.774811
2.119491 -0.052880 -5.128784 182 182 98 0 -0.420406 0.626454 -0.656364
2.101844 -0.222555 -5.164755 203 198 171 0 0.651845 0.326735 0.684356
2.166321 -0.074599 -5.182402 172 174 118 0 0.474623 -0.396869 0.785639
2.220617 -0.358974 -5.360221 170 177 66 0 -0.318739 0.277611 -0.906277
2.271519 -0.379335 -5.428091 49 42 39 0 0.291459 -0.769261 0.568585
2.288487 -0.058310 -5.266560 162 162 112 0 0.388961 -0.920672 -0.032741
2.135779 -0.249703 -5.229910 177 180 141 0 0.832144 -0.221396 0.508448
2.209758 -0.373905 -5.360899 162 168 59 0 -0.667906 0.341302 -0.661374
2.086234 -0.006050 -5.083312 205 146 123 0 0.798859 -0.268379 0.538328
2.159534 0.014990 -5.148467 162 168 119 0 0.697754 -0.237835 0.675703
2.173108 -0.187941 -5.226517 162 167 56 0 -0.467328 0.340595 -0.815843
2.323100 -0.128216 -5.310676 198 205 197 0 0.172703 -0.473827 0.863517
2.229440 -0.451277 -5.483744 186 174 160 0 0.720927 -0.300253 0.624590
2.199577 -0.355580 -5.337145 166 171 61 0 -0.467989 0.753709 -0.461421
2.315635 -0.241559 -5.355470 100 94 79 0 0.569655 -0.411143 0.711656
2.172429 -0.058310 -5.179687 175 182 144 0 0.537392 -0.212813 0.816040
2.179895 0.034672 -5.157969 190 179 173 0 0.601926 -0.215084 0.769041
2.139173 0.061141 -5.108423 176 179 143 0 0.687223 -0.206322 0.696531
2.302739 -0.211017 -5.309997 179 182 73 0 -0.183898 0.324279 -0.927914
2.046191 -0.120750 -5.070416 184 175 141 0 0.802143 -0.253882 0.540473
2.063837 -0.048129 -5.072452 174 172 117 0 0.760873 -0.215400 0.612107
2.115418 -0.158079 -5.163398 191 173 148 0 0.699607 -0.206314 0.684094
2.087592 -0.230699 -5.153217 196 189 149 0 0.802272 -0.023637 0.596490
2.050942 0.027206 -5.046662 79 41 26 0 -0.419669 0.245183 -0.873935
2.196183 -0.157400 -5.229232 170 179 60 0 -0.540252 0.405599 -0.737304
2.207721 0.015668 -5.187831 170 177 141 0 0.641685 -0.189274 0.743247
2.309526 -0.109212 -5.275383 188 188 77 0 -0.380472 0.117601 -0.917284
2.164963 -0.285674 -5.286921 211 213 198 0 0.769965 -0.364720 0.523576
2.310884 -0.251060 -5.360899 139 134 107 0 -0.793821 -0.498744 0.347998
2.252516 0.008203 -5.213622 192 187 65 0 -0.682292 0.149771 -0.715574
2.294595 -0.300605 -5.383975 179 172 144 0 0.429280 -0.445479 0.785663
2.112025 0.044174 -5.090098 171 146 82 0 -0.285644 0.822591 -0.491682
2.230119 -0.380692 -5.380582 170 172 68 0 -0.484388 0.412627 -0.771432
2.120169 -0.219162 -5.179687 175 179 58 0 -0.777766 0.308232 -0.547790
2.271519 -0.195407 -5.288279 174 175 68 0 -0.365096 0.325378 -0.872258
2.281021 -0.051523 -5.261809 172 170 134 0 0.578118 -0.259917 0.773449
2.297988 -0.162151 -5.288957 173 177 68 0 -0.394801 0.294195 -0.870391
2.317671 -0.194728 -5.333752 155 163 122 0 -0.569505 -0.316035 0.758805
2.192111 -0.241559 -5.266560 164 177 59 0 -0.253931 0.481699 -0.838741
2.151389 -0.193371 -5.225160 201 203 173 0 0.757426 -0.461685 0.461685
2.158855 -0.039306 -5.160005 192 180 156 0 0.540552 -0.658429 0.523712
2.237584 -0.192692 -5.270632 168 175 63 0 -0.325590 0.071917 -0.942772
2.044834 -0.092923 -5.056842 177 170 131 0 0.845141 -0.174394 0.505296
2.069946 -0.080707 -5.088062 173 170 124 0 0.753279 -0.198718 0.626962
2.128992 -0.206945 -5.201405 205 201 178 0 0.737844 -0.142760 0.659702
2.186003 0.048925 -5.157969 171 170 132 0 0.692007 -0.340305 0.636647
2.272877 -0.276172 -5.335109 171 178 73 0 -0.350704 0.531712 -0.770902
2.198898 -0.087494 -5.212943 195 195 180 0 0.372545 -0.220605 0.901412
2.130350 0.123582 -5.053449 62 65 14 0 -0.682131 0.659448 -0.315952
2.323779 -0.140432 -5.316784 166 166 119 0 0.244278 -0.546126 0.801296
2.020401 -0.234093 -5.044626 41 42 28 0 -0.683271 0.230898 -0.692695
2.177859 -0.006050 -5.168828 183 187 164 0 0.564297 0.031889 0.824956
2.176501 -0.261920 -5.265882 176 165 66 0 -0.791869 0.364613 -0.489899
2.095736 -0.212375 -5.158647 191 181 150 0 0.837677 -0.133500 0.529599
2.172429 -0.223912 -5.260452 168 149 138 0 0.554227 -0.112009 0.824795
2.153425 -0.213053 -5.218373 173 153 60 0 -0.706734 0.032445 -0.706734
2.145960 0.064535 -5.113174 166 169 123 0 0.521016 -0.229001 0.822253
2.097093 -0.048808 -5.110459 163 113 47 0 -0.070327 0.604240 -0.793693
2.202292 0.056390 -5.166791 191 197 174 0 0.508544 -0.388313 0.768502
2.155462 -0.001978 -5.149145 175 182 141 0 0.682323 -0.262432 0.682323
2.266090 0.026528 -5.220409 160 163 111 0 0.419906 -0.397553 0.815862
2.133743 -0.173010 -5.198011 190 179 160 0 0.562648 -0.301248 0.769855
