-3.79523611 -0.72592598 -8.94895744 64 46 53 0.000000 0.046355 -0.388054 0.920470
-3.82581401 -0.40531901 -8.66541481 57 48 42 0.000000 0.570981 -0.792601 0.213925
-3.69330907 -0.43219101 -8.93135166 71 70 61 0.000000 0.700175 -0.405539 0.587617
-3.79431009 -0.59249401 -8.76456165 55 41 45 0.000000 0.746972 0.366163 0.554940
-3.70720792 -0.28115299 -8.80533314 52 44 42 0.000000 -0.492152 -0.230077 0.839554
-3.73222709 -0.57859498 -8.92764568 106 113 90 0.000000 0.799726 -0.482400 0.357392
-3.75353909 -0.43311700 -8.79514027 101 109 85 0.000000 0.859118 -0.160075 0.486099
-3.77763104 -0.30061200 -8.70155239 109 111 82 0.000000 0.966893 -0.015692 0.254700
-3.82303500 -0.49983299 -8.71545124 92 106 71 0.000000 0.679136 0.038281 0.733013
-3.77021790 -0.64901698 -8.85814953 69 57 58 0.000000 0.897606 -0.404859 -0.174334
-3.75446510 -0.53597099 -8.83961773 93 104 67 0.000000 0.920470 -0.046355 0.388054
-3.71276808 -0.37010801 -8.85629654 82 96 64 0.000000 0.850086 -0.135606 0.508885
-3.75353909 -0.35528201 -8.76270866 96 107 73 0.000000 0.695809 -0.230889 0.680103
-3.72481394 -0.45906201 -8.86370945 87 100 61 0.000000 0.903438 -0.038814 0.426958
-3.70535493 -0.50817299 -8.94061756 91 84 80 0.000000 0.607994 0.079429 0.789959
-3.76002502 -0.64809102 -8.93691158 76 66 65 0.000000 0.516964 -0.444292 0.731678
-3.78689694 -0.42292500 -8.72842407 89 108 65 0.000000 0.837352 -0.378615 0.394325
-3.77763104 -0.51280600 -8.77753353 84 97 58 0.000000 0.887544 -0.222994 0.403161
-3.74705195 -0.25706100 -8.74695683 82 76 60 0.000000 0.877810 0.269516 0.395993
-3.79801607 -0.34230900 -8.65707493 51 46 31 0.000000 0.713510 -0.696072 0.079925
-3.75168610 -0.59527397 -8.87390232 96 106 73 0.000000 0.839054 -0.403060 0.365420
-3.77670407 -0.36084199 -8.70803833 97 110 67 0.000000 0.893111 0.001311 0.449834
-3.72759390 -0.52763200 -8.89150810 93 105 68 0.000000 0.862311 -0.324327 0.388885
-3.84434700 -0.45535600 -8.68857956 49 39 39 0.000000 0.703583 -0.230349 0.672243
-3.69608903 -0.37844700 -8.90911293 65 68 55 0.000000 0.523336 -0.489896 0.697224
-3.77114391 -0.59342098 -8.81552601 88 102 65 0.000000 0.973910 -0.047301 0.221950
-3.69886899 -0.31636399 -8.85258961 52 49 45 0.000000 0.656634 -0.603167 0.452793
-3.81469488 -0.54801702 -8.74046993 86 97 65 0.000000 0.696363 -0.365386 0.617715
-3.72296000 -0.34138301 -8.81181908 97 110 77 0.000000 0.792146 -0.254674 0.554658
-3.74890590 -0.48408100 -8.82664490 86 99 64 0.000000 0.865531 -0.213767 0.452946
-3.79338288 -0.47018200 -8.73954391 98 114 75 0.000000 0.687086 -0.300902 0.661340
-3.73593307 -0.38956699 -8.80533314 90 104 63 0.000000 0.820840 -0.262234 0.507400
-3.73686004 -0.31080499 -8.77753353 91 107 66 0.000000 0.824795 -0.112009 0.554227
-3.78967595 -0.69349498 -8.91467285 79 70 66 0.000000 0.948930 -0.315485 0.001237
-3.70906091 -0.41180500 -8.87946129 78 92 55 0.000000 0.997331 -0.054751 0.048310
-3.79152989 -0.28022599 -8.66263485 58 44 38 0.000000 0.828358 0.015061 0.559997
-3.71369505 -0.48037401 -8.90262699 91 103 66 0.000000 0.951408 -0.173595 0.254337
-3.76373100 -0.39790601 -8.76641560 106 113 85 0.000000 0.979829 0.024642 0.198313
-3.72759390 -0.42663100 -8.83591080 88 102 61 0.000000 0.937914 -0.183715 0.294221
-3.78133702 -0.55450302 -8.78124142 95 106 72 0.000000 0.847394 -0.040089 0.529449
-3.76651096 -0.47296101 -8.77846146 84 100 57 0.000000 0.892405 -0.150405 0.425432
-3.76187801 -0.63511801 -8.89799404 109 114 96 0.000000 0.765513 -0.623583 0.158538
-3.80913496 -0.44979599 -8.70803833 89 103 65 0.000000 0.467578 -0.490709 0.735238
-3.79523611 -0.39234599 -8.69136047 97 112 75 0.000000 0.781571 -0.332208 0.528001
-3.76280499 -0.31173101 -8.73583698 102 111 80 0.000000 0.802066 -0.285214 0.524731
-3.73593307 -0.50261301 -8.86370945 87 98 61 0.000000 0.865531 -0.213767 0.452946
-3.69608903 -0.34601599 -8.88872814 73 75 60 0.000000 0.912716 -0.166077 0.373319
-3.71462107 -0.54431099 -8.93505859 90 88 77 0.000000 0.538758 -0.230014 0.810453
-3.76465797 -0.26540101 -8.71545124 91 84 65 0.000000 0.719247 0.206609 0.663323
-3.74797893 -0.61195302 -8.92764568 90 88 77 0.000000 0.674443 -0.244821 0.696556
-3.77021790 -0.44238299 -8.75900269 92 108 64 0.000000 0.817737 -0.150440 0.555584
-3.79986906 -0.51187903 -8.74046993 92 105 70 0.000000 0.774400 -0.214854 0.595098
-3.77299809 -0.62770498 -8.82942486 75 63 62 0.000000 0.985853 0.111133 0.125472
-3.73408008 -0.26910701 -8.77753353 48 52 36 0.000000 0.430304 -0.859078 0.277171
-3.70535493 -0.44145700 -8.90077400 91 104 71 0.000000 0.953703 -0.133969 0.269265
-3.77392411 -0.67866898 -8.94247055 69 57 62 0.000000 0.348852 -0.443563 0.825563
-3.74519897 -0.54894400 -8.87204838 95 106 70 0.000000 0.862708 -0.260182 0.433636
-3.76465797 -0.51002598 -8.80811310 90 96 61 0.000000 0.901722 -0.244858 0.356290
-3.78689694 -0.31451100 -8.67097473 86 78 60 0.000000 0.885003 0.001319 0.465583
-3.77299809 -0.38308001 -8.73213100 92 106 62 0.000000 0.919133 -0.254596 0.300624
-3.69608903 -0.46369499 -8.93969154 64 55 54 0.000000 0.679463 0.101698 0.726627
-3.78133702 -0.67125601 -8.89243412 81 74 66 0.000000 0.863656 -0.302203 0.403449
-3.76558495 -0.55450302 -8.81552601 84 96 56 0.000000 0.917646 -0.088366 0.387450
-3.80542898 -0.38029999 -8.66356182 97 108 75 0.000000 0.713033 -0.396861 0.578001
-3.74705195 -0.29041901 -8.75622272 96 109 68 0.000000 0.885473 -0.182346 0.427419
-3.82025504 -0.42477801 -8.68857956 86 98 62 0.000000 0.530618 -0.490445 0.691310
-3.74797893 -0.45628199 -8.81459904 94 105 69 0.000000 0.802066 -0.285214 0.524731
-3.71647406 -0.40253901 -8.84981060 85 101 60 0.000000 0.862835 -0.144048 0.484526
-3.73964000 -0.57118201 -8.89984703 99 111 75 0.000000 0.846881 -0.410184 0.338440
-3.72203398 -0.38029999 -8.83035088 78 94 55 0.000000 0.910076 -0.095000 0.403407
-3.76929092 -0.34045601 -8.72749805 100 107 76 0.000000 0.988525 0.111400 0.102019
-3.73778605 -0.36269501 -8.79421329 84 99 57 0.000000 0.848380 0.151444 0.507264
-3.70906091 -0.30987799 -8.82664490 94 107 74 0.000000 0.676660 -0.508754 0.532261
-3.82396102 -0.53133798 -8.71915817 86 88 67 0.000000 0.877091 -0.109459 0.467687
-3.76095200 -0.57396197 -8.83591080 92 107 68 0.000000 0.890545 -0.391367 0.231867
-3.69238210 -0.40439200 -8.92671871 70 66 63 0.000000 0.595275 -0.239048 0.767140
-3.70813489 -0.34230900 -8.85722446 84 97 67 0.000000 0.953933 0.001225 0.300017
-3.79060292 -0.53782398 -8.76085567 88 103 67 0.000000 0.847982 -0.278557 0.450923
-3.76280499 -0.60917300 -8.85258961 87 99 65 0.000000 0.964568 -0.095565 0.245920
-3.78226399 -0.33860299 -8.68394661 100 109 73 0.000000 0.917618 -0.204074 0.341074
-3.84249306 -0.49334699 -8.69691944 55 41 41 0.000000 0.991734 0.048626 0.118737
-3.74797893 -0.59712702 -8.90355396 95 108 74 0.000000 0.955176 -0.277561 0.102945
-3.71554804 -0.51373202 -8.91189289 88 98 67 0.000000 0.872258 -0.365096 0.325378
-3.79060292 -0.36732799 -8.68209362 98 112 72 0.000000 0.749843 -0.133206 0.648068
-3.77299809 -0.66384298 -8.91930580 110 111 105 0.000000 0.920544 -0.388499 0.040825
-3.78226399 -0.58322799 -8.79328728 84 98 63 0.000000 0.837737 -0.031743 0.545150
-3.73593307 -0.46091601 -8.83961773 84 99 56 0.000000 0.849805 -0.268926 0.453332
-3.79060292 -0.70090801 -8.94154453 98 90 96 0.000000 0.601625 -0.497141 0.625218
-3.75261211 -0.51095301 -8.83220482 93 105 72 0.000000 0.959218 -0.126936 0.252564
-3.75168610 -0.57118201 -8.86000347 98 109 75 0.000000 0.944057 -0.055685 0.325046
-3.80635500 -0.71851301 -8.92671871 70 60 60 0.000000 0.468457 -0.796860 0.381527
-3.70442796 -0.38308001 -8.88502121 91 100 68 0.000000 0.998152 -0.024191 0.055745
-3.72388697 -0.30246499 -8.79792023 91 105 65 0.000000 0.894930 -0.055848 0.442698
-3.72296000 -0.48037401 -8.87760830 87 101 61 0.000000 0.827421 -0.397099 0.397099
-3.72759390 -0.55543000 -8.91559982 89 100 72 0.000000 0.827421 -0.397099 0.397099
-3.76095200 -0.48686099 -8.80070019 89 100 62 0.000000 0.921753 -0.197417 0.333763
-3.73964000 -0.33489600 -8.78124142 85 103 62 0.000000 0.933289 -0.086787 0.348481
-3.81006193 -0.47759500 -8.72379112 97 112 71 0.000000 0.636378 -0.435944 0.636378
-3.78504300 -0.48686099 -8.75436974 89 103 67 0.000000 0.687438 -0.520178 0.506797
-3.71462107 -0.35528201 -8.83776379 98 109 74 0.000000 0.943876 -0.284661 0.167528
-3.70813489 -0.49149400 -8.92393875 83 79 67 0.000000 0.954159 0.008618 0.299175
-3.77392411 -0.41087899 -8.74417686 91 106 63 0.000000 0.782275 -0.164928 0.600703
-3.79708910 -0.41365799 -8.70155239 94 108 71 0.000000 0.784134 -0.331934 0.524360
-3.80728197 -0.57674199 -8.75251579 83 75 70 0.000000 0.713331 0.554445 0.428660
-3.75353909 -0.27652001 -8.73305702 107 114 76 0.000000 0.895384 -0.230830 0.380795
-3.76187801 -0.62029302 -8.87297535 92 99 69 0.000000 0.945157 -0.245549 0.215370
-3.73778605 -0.41180500 -8.81181908 88 102 66 0.000000 0.842954 -0.230174 0.486261
-3.77670407 -0.32377699 -8.70247936 99 106 72 0.000000 0.962995 -0.015827 0.269054
-3.77577710 -0.60546702 -8.79421329 53 44 38 0.000000 0.916964 0.363112 0.165308
-3.70813489 -0.46184200 -8.92023277 96 107 75 0.000000 0.959953 -0.159334 0.230441
-3.71832800 -0.42663100 -8.86463547 91 103 63 0.000000 0.807816 -0.388711 0.443099
-3.75539207 -0.32655701 -8.75158978 90 104 65 0.000000 0.784345 -0.198005 0.587875
-3.71554804 -0.45442900 -8.88409519 85 97 61 0.000000 0.888003 -0.078964 0.453006
-3.74890590 -0.39234599 -8.78680038 78 93 55 0.000000 0.792601 -0.213925 0.570981
-3.76095200 -0.42014500 -8.77012157 93 104 67 0.000000 0.988554 -0.016908 0.149918
-3.84156704 -0.43404400 -8.68209362 69 66 59 0.000000 0.704761 -0.572100 0.419540
-3.79338288 -0.56747597 -8.76826859 82 94 59 0.000000 0.674455 -0.261847 0.690324
-3.70442796 -0.40068600 -8.89799404 89 102 69 0.000000 0.952065 -0.159347 0.261115
-3.79523611 -0.30153900 -8.65614891 53 33 35 0.000000 0.785555 0.103863 0.610012
-3.69886899 -0.33118999 -8.87297535 31 31 24 0.000000 0.751437 -0.379794 0.539535
-3.83415389 -0.46554899 -8.70433235 96 105 75 0.000000 0.561999 -0.206730 0.800887
-3.75909805 -0.45998901 -8.79699326 102 110 75 0.000000 0.926923 -0.048647 0.372084
-3.77485108 -0.65550399 -8.87760830 78 70 62 0.000000 0.918050 -0.395688 -0.024812
-3.73130012 -0.47666800 -8.85444355 85 96 59 0.000000 0.837246 -0.204391 0.507192
-3.77114391 -0.52670503 -8.79792023 88 97 62 0.000000 0.932783 0.095292 0.347613
-3.77485108 -0.49334699 -8.77104855 87 101 62 0.000000 0.901730 -0.236063 0.362158
-3.73500705 -0.52299798 -8.87297535 94 104 69 0.000000 0.916649 -0.103071 0.386174
-3.75353909 -0.61658603 -8.90633297 104 113 84 0.000000 0.948930 -0.315485 0.001237
-3.72110701 -0.53319103 -8.91467285 92 101 71 0.000000 0.920487 -0.158318 0.357267
-3.69701600 -0.48964000 -8.94247055 83 68 71 0.000000 0.268912 -0.151179 0.951226
-3.78596997 -0.44145700 -8.73676395 93 109 67 0.000000 0.813669 -0.069824 0.577120
-3.71925402 -0.32192400 -8.80903912 93 106 65 0.000000 0.900074 0.047230 0.433169
-3.82303500 -0.39142001 -8.65151596 77 58 62 0.000000 -0.006944 -0.690228 0.723559
-3.76651096 -0.36732799 -8.74232292 98 107 72 0.000000 0.990305 -0.056098 0.127080
-3.72296000 -0.49612701 -8.88965416 83 97 59 0.000000 0.904015 -0.191761 0.382080
-3.70257497 -0.52763200 -8.93876457 67 53 52 0.000000 0.374073 0.467190 0.801126
-3.75631905 -0.55543000 -8.84147072 91 103 63 0.000000 0.945256 -0.110346 0.307108
-3.71369505 -0.33582300 -8.83591080 83 98 62 0.000000 0.972891 -0.103925 0.206598
-3.77485108 -0.28022599 -8.70803833 138 131 117 0.000000 0.891920 -0.324199 0.315235
-3.72388697 -0.35991499 -8.81737900 90 106 68 0.000000 0.808858 -0.213342 0.547936
-3.77299809 -0.56284302 -8.79977322 88 101 64 0.000000 0.906640 -0.127518 0.402173
-3.77299809 -0.65643001 -8.90077400 97 101 85 0.000000 0.850665 -0.459695 0.255047
-3.78689694 -0.40068600 -8.71081829 86 101 61 0.000000 0.802106 -0.316077 0.506677
-3.72481394 -0.39883301 -8.83220482 86 102 61 0.000000 0.890694 -0.190967 0.412547
-3.77763104 -0.45906201 -8.75436974 95 111 71 0.000000 0.752509 -0.365690 0.547723
-3.74705195 -0.52577800 -8.85351658 85 94 62 0.000000 0.773429 -0.032285 0.633061
-3.78226399 -0.37752101 -8.70155239 94 109 68 0.000000 0.873935 -0.245183 0.419669
-3.77299809 -0.61658603 -8.81459904 81 74 66 0.000000 0.945844 0.308226 -0.101860
-3.69794202 -0.30246499 -8.84054375 39 36 31 0.000000 0.554149 -0.444317 0.703919
-3.73037291 -0.32933700 -8.79606628 95 112 74 0.000000 0.791963 -0.103936 0.601658
-3.82488799 -0.45072299 -8.69877243 97 111 77 0.000000 0.206730 -0.561999 0.800887
-3.76095200 -0.43775001 -8.77475452 92 106 63 0.000000 0.979671 -0.101768 0.172883
-3.76929092 -0.57488900 -8.81274605 90 105 66 0.000000 0.838714 -0.236795 0.490395
-3.73037291 -0.59342098 -8.93783855 82 60 63 0.000000 0.904133 -0.244717 0.350223
-3.78967595 -0.59990698 -8.78031445 54 40 40 0.000000 0.315554 -0.707165 0.632727
-3.78689694 -0.52021903 -8.76178265 90 103 64 0.000000 0.917969 -0.032832 0.395291
-3.70906091 -0.42663100 -8.88965416 84 97 62 0.000000 0.985398 -0.079448 0.150596
-3.81376791 -0.51373202 -8.72193813 79 94 60 0.000000 0.701681 -0.055962 0.710290
-3.70998812 -0.45906201 -8.90262699 89 105 67 0.000000 0.950171 -0.182465 0.252748
-3.80264902 -0.53689802 -8.74788284 92 107 71 0.000000 0.677083 -0.220482 0.702102
-3.80820894 -0.39975899 -8.68209362 102 112 81 0.000000 0.576182 -0.569423 0.586320
-3.74241900 -0.48778701 -8.84239769 86 101 63 0.000000 0.861010 -0.285984 0.420565
-3.74427295 -0.56562299 -8.88409519 88 102 65 0.000000 0.913393 -0.254124 0.318017
-3.76836395 -0.30061200 -8.72379112 116 116 96 0.000000 0.804594 -0.253673 0.536915
-3.70164800 -0.44238299 -8.92023277 98 109 79 0.000000 0.961533 -0.229561 0.150854
-3.73686004 -0.43682399 -8.82571793 89 102 62 0.000000 0.844149 -0.371175 0.386836
-3.83786011 -0.42014500 -8.67282772 71 50 51 0.000000 0.713265 -0.625926 0.315389
-3.72018099 -0.57396197 -8.93876457 66 57 53 0.000000 0.406108 -0.731652 0.547506
-3.76373100 -0.35157499 -8.74973583 115 119 100 0.000000 0.832825 -0.204793 0.514258
-3.78133702 -0.31080499 -8.68857956 107 111 79 0.000000 0.992612 0.048338 0.111289
-3.78133702 -0.52948499 -8.77475452 91 104 67 0.000000 0.875906 -0.039504 0.480863
-3.80357599 -0.46276900 -8.71915817 83 99 58 0.000000 0.585262 -0.324071 0.743267
-3.80820894 -0.36547500 -8.65614891 69 51 52 0.000000 0.046630 0.197282 0.979237
-3.69979501 -0.44609001 -8.93783855 92 90 78 0.000000 0.746356 -0.309778 0.589059
-3.70628190 -0.36362100 -8.87019539 88 102 68 0.000000 0.964648 -0.030721 0.261745
-3.74519897 -0.35898799 -8.77660847 82 98 57 0.000000 0.858275 -0.244570 0.451164
-3.72759390 -0.28115299 -8.78680038 79 89 57 0.000000 0.806860 0.150634 0.571215
-3.80635500 -0.73519200 -8.94154453 45 41 40 0.000000 0.814866 0.371553 0.444907
-3.73778605 -0.28485999 -8.77475452 86 101 62 0.000000 0.827492 -0.078605 0.555949
-3.74612594 -0.43682399 -8.80903912 93 106 71 0.000000 0.841068 -0.206870 0.499809
-3.76558495 -0.59990698 -8.83961773 91 106 67 0.000000 0.932576 -0.285540 0.220836
-3.71462107 -0.38678700 -8.85258961 93 109 69 0.000000 0.917923 0.038302 0.394905
-3.75539207 -0.47666800 -8.81181908 106 114 83 0.000000 0.936656 -0.008848 0.350140
-3.68960309 -0.39049301 -8.91745281 65 55 52 0.000000 0.023890 -0.715286 0.698423
-3.73315310 -0.55357701 -8.90077400 92 103 69 0.000000 0.881342 -0.364328 0.300835
-3.74705195 -0.34045601 -8.76826859 80 98 55 0.000000 0.897720 -0.101918 0.428616
-3.83230090 -0.51187903 -8.71081829 83 78 65 0.000000 0.884600 0.022820 0.465791
-3.72481394 -0.51187903 -8.89058113 90 102 66 0.000000 0.849628 -0.357000 0.388179
-3.77021790 -0.51095301 -8.79143333 98 111 74 0.000000 0.927156 -0.260629 0.269174
-3.72481394 -0.43682399 -8.85444355 96 108 71 0.000000 0.946521 -0.260874 0.189851
-3.77299809 -0.35713500 -8.72286415 94 106 63 0.000000 0.987769 -0.040247 0.150638
-3.71184111 -0.29597899 -8.82015896 59 65 43 0.000000 0.925608 0.127907 0.356215
-3.76743793 -0.64160502 -8.88502121 95 104 74 0.000000 0.887417 -0.459289 0.039290
-3.70350194 -0.36732799 -8.88502121 95 108 78 0.000000 0.972571 -0.188935 0.135678
-3.84249306 -0.47852099 -8.70340538 88 89 69 0.000000 0.995076 -0.047385 0.087055
-3.79894304 -0.43960401 -8.71359825 85 101 60 0.000000 0.828604 -0.221266 0.514253
-3.74612594 -0.41180500 -8.79884624 94 105 72 0.000000 0.785478 -0.221545 0.577877
-3.78319001 -0.40809900 -8.72657108 87 104 62 0.000000 0.953852 -0.183794 0.237457
-3.79338288 -0.42292500 -8.71452522 100 113 73 0.000000 0.823101 -0.238469 0.515400
-3.79986906 -0.49705300 -8.73676395 83 98 63 0.000000 0.713960 -0.070962 0.696582
-3.75353909 -0.25242800 -8.73398399 57 38 38 0.000000 0.895310 0.047407 0.442914
-3.77021790 -0.62214601 -8.84332371 93 101 73 0.000000 0.943427 -0.246531 0.221740
-3.72203398 -0.41921800 -8.84795666 95 110 69 0.000000 0.858748 -0.166447 0.484611
-3.77485108 -0.54801702 -8.79328728 93 103 69 0.000000 0.791265 -0.119353 0.599711
-3.76002502 -0.63511801 -8.91281986 108 111 98 0.000000 0.886398 -0.442483 0.136039
-3.71462107 -0.55913597 -8.93691158 82 74 72 0.000000 0.516466 0.006742 0.856281
-3.71832800 -0.29227200 -8.80718613 73 84 55 0.000000 0.752747 -0.015305 0.658132
-3.73408008 -0.34879601 -8.79792023 88 103 63 0.000000 0.808858 -0.213342 0.547936
-3.79708910 -0.70739400 -8.92949867 106 101 97 0.000000 0.839567 -0.514477 0.174475
-3.73964000 -0.59990698 -8.92857170 92 90 77 0.000000 0.505965 -0.373412 0.777537
-3.78319001 -0.36362100 -8.69413853 93 108 69 0.000000 0.948930 0.001237 0.315485
-3.81654811 -0.46184200 -8.71081829 88 103 64 0.000000 0.572100 -0.419540 0.704761
-3.70813489 -0.47574100 -8.92393875 99 104 79 0.000000 0.971866 0.078196 0.222176
-3.76002502 -0.62585199 -8.88594818 103 112 86 0.000000 0.885953 -0.323395 0.332420
-3.72018099 -0.46647501 -8.87668228 87 100 62 0.000000 0.891869 -0.166232 0.420638
-3.72759390 -0.39049301 -8.82108498 89 102 61 0.000000 0.884451 -0.142375 0.444383
-3.74149299 -0.58971399 -8.91374588 101 110 80 0.000000 0.913393 -0.318017 0.254124
-3.82025504 -0.54894400 -8.72749805 77 70 62 0.000000 0.971910 -0.182153 0.149035
-3.73222709 -0.42107099 -8.82386494 85 101 62 0.000000 0.858004 -0.110664 0.501580
-3.76836395 -0.48778701 -8.78216743 93 106 64 0.000000 0.776619 -0.325059 0.539630
-3.76743793 -0.54431099 -8.80625916 91 104 64 0.000000 0.924618 -0.032603 0.379498
-3.76558495 -0.58322799 -8.82664490 91 105 66 0.000000 0.934332 -0.126482 0.333204
-3.70164800 -0.47666800 -8.94061756 69 57 56 0.000000 0.810453 -0.230014 0.538758
-3.77855706 -0.39512599 -8.72564411 93 111 65 0.000000 0.886133 -0.418819 0.198388
-3.71462107 -0.52577800 -8.93227863 97 99 82 0.000000 0.792127 -0.167478 0.586929
-3.76743793 -0.33397001 -8.73954391 118 121 101 0.000000 0.833029 -0.087461 0.546272
-3.77392411 -0.34045601 -8.71452522 93 104 65 0.000000 0.917294 -0.094327 0.386877
-3.79060292 -0.31729099 -8.65800190 70 51 53 0.000000 0.987326 -0.071444 0.141716
-3.76836395 -0.39883301 -8.74788284 93 110 66 0.000000 0.842599 -0.078150 0.532841
-3.75631905 -0.61009997 -8.88038826 96 107 78 0.000000 0.877282 -0.323849 0.354258
-3.75261211 -0.49705300 -8.82386494 96 105 72 0.000000 0.912354 -0.239330 0.332161
-3.75446510 -0.62214601 -8.92115879 98 97 85 0.000000 0.904534 -0.301511 0.301511
-3.74241900 -0.47110799 -8.83313084 81 95 55 0.000000 0.834066 -0.078416 0.546064
-3.80450201 -0.40995201 -8.69043255 95 110 72 0.000000 0.564540 -0.451299 0.691103
-3.80635500 -0.52670503 -8.73954391 86 100 63 0.000000 0.776466 -0.363212 0.514954
-3.71925402 -0.36732799 -8.83313084 82 98 61 0.000000 0.926352 -0.254711 0.277479
-3.77948403 -0.34416300 -8.69599247 105 115 77 0.000000 0.927503 -0.078965 0.365380
-3.69330907 -0.41921800 -8.92764568 62 57 53 0.000000 0.801930 0.064097 0.593969
-3.72481394 -0.56191599 -8.92857170 100 105 83 0.000000 0.929543 -0.221454 0.294802
-3.79986906 -0.35713500 -8.66263485 85 93 65 0.000000 0.784598 -0.228388 0.576407
-3.81191492 -0.39512599 -8.67004776 96 107 76 0.000000 0.755073 -0.515940 0.404562
-3.76095200 -0.40717199 -8.77568054 121 126 103 0.000000 0.955088 0.054685 0.291232
-3.80728197 -0.43496999 -8.70433235 83 98 60 0.000000 0.588272 -0.246290 0.770245
-3.72759390 -0.54338402 -8.90725994 88 98 69 0.000000 0.845496 -0.299414 0.442140
-3.77763104 -0.47203499 -8.75714874 82 98 58 0.000000 0.805568 -0.094346 0.584944
-3.71647406 -0.49334699 -8.90262699 89 100 65 0.000000 0.948937 -0.095812 0.300562
-3.73778605 -0.49334699 -8.85351658 90 102 64 0.000000 0.784632 -0.356065 0.507514
-3.77021790 -0.65179700 -8.91467285 108 108 101 0.000000 0.909648 -0.395438 0.127155
-3.73686004 -0.57581502 -8.91189289 94 103 74 0.000000 0.877282 -0.323849 0.354258
-3.77577710 -0.37010801 -8.71730518 88 102 58 0.000000 0.951967 -0.246407 0.181776
-3.70257497 -0.38400701 -8.89799404 95 106 77 0.000000 0.959919 -0.118525 0.253981
-3.77021790 -0.32192400 -8.73213100 119 122 102 0.000000 0.888481 -0.166681 0.427573
-3.74241900 -0.27837300 -8.75807571 94 106 69 0.000000 0.786002 -0.468360 0.403535
-3.75075889 -0.51558602 -8.84425068 103 112 79 0.000000 0.894190 -0.309011 0.323939
-3.76187801 -0.59620100 -8.85351658 93 107 70 0.000000 0.900904 -0.158479 0.404050
-3.79060292 -0.51187903 -8.75251579 85 100 64 0.000000 0.846863 -0.102084 0.521921
-3.80728197 -0.56376898 -8.75344276 93 103 72 0.000000 0.540473 -0.253882 0.802143
-3.78874993 -0.33860299 -8.66541481 87 87 64 0.000000 0.752118 -0.617644 0.229857
-3.77485108 -0.31729099 -8.71359825 99 106 76 0.000000 0.976321 0.032265 0.213906
-3.75909805 -0.51373202 -8.81923199 92 102 65 0.000000 0.857831 -0.151037 0.491237
-3.77299809 -0.61473298 -8.82942486 90 95 69 0.000000 0.968481 -0.071230 0.238684
-3.76651096 -0.63233799 -8.87390232 88 99 67 0.000000 0.893999 -0.332824 0.299990
-3.76095200 -0.28485999 -8.72657108 96 107 70 0.000000 0.755243 -0.270748 0.596911
-3.72110701 -0.54801702 -8.92393875 94 101 75 0.000000 0.912354 -0.332161 0.239330
-3.75168610 -0.55728298 -8.86463547 97 107 73 0.000000 0.973244 -0.022745 0.228646
-3.76187801 -0.47759500 -8.78958035 95 108 66 0.000000 0.944987 -0.158628 0.286072
-3.74797893 -0.32007101 -8.75992870 85 101 59 0.000000 0.872413 -0.143232 0.467312
-3.78689694 -0.57581502 -8.78402042 90 102 64 0.000000 0.780960 -0.311426 0.541402
-3.69886899 -0.42941099 -8.92023277 99 104 75 0.000000 0.891366 -0.269344 0.364582
-3.73408008 -0.32192400 -8.78309441 93 109 69 0.000000 0.744401 -0.149484 0.650785
-3.74427295 -0.57952201 -8.89150810 96 106 72 0.000000 0.949923 -0.157201 0.270063
-3.71276808 -0.32563001 -8.82849789 89 105 69 0.000000 0.887294 -0.380269 0.260969
-3.76743793 -0.37937400 -8.74602985 94 104 65 0.000000 0.946379 0.008728 0.322941
-3.70906091 -0.50724602 -8.92857170 102 106 85 0.000000 0.924432 -0.371122 0.087720
-3.73593307 -0.44701600 -8.83313084 93 106 63 0.000000 0.829927 -0.198034 0.521539
-3.77114391 -0.64531100 -8.87019539 83 89 64 0.000000 0.918439 -0.355205 0.174065
-3.75909805 -0.53967702 -8.82849789 86 100 59 0.000000 0.940615 -0.142517 0.308109
-3.78689694 -0.39049301 -8.70340538 96 111 71 0.000000 0.808064 -0.395231 0.436835
-3.76465797 -0.49983299 -8.80070019 92 101 64 0.000000 0.933330 -0.268878 0.237908
-3.77392411 -0.29412600 -8.71452522 129 126 109 0.000000 0.878541 -0.056370 0.474330
-3.73037291 -0.46276900 -8.85073662 89 104 62 0.000000 0.876578 -0.221749 0.427127
-3.77207088 -0.43126401 -8.75344276 95 107 66 0.000000 0.776547 -0.301370 0.553309
-3.72296000 -0.43960401 -8.86648941 87 99 65 0.000000 0.911917 -0.366765 0.184096
-3.78782296 -0.34601599 -8.67560768 97 107 68 0.000000 0.841231 -0.390068 0.374403
-3.74797893 -0.58878797 -8.88409519 91 103 68 0.000000 0.968889 -0.228643 0.094741
-3.71554804 -0.43311700 -8.87482834 94 106 69 0.000000 0.910581 -0.245436 0.332572
-3.77670407 -0.42292500 -8.74510288 95 109 67 0.000000 0.678090 -0.117219 0.725571
-3.77577710 -0.57488900 -8.80070019 81 93 57 0.000000 0.839554 -0.230077 0.492152
-3.71647406 -0.47944799 -8.89058113 90 103 66 0.000000 0.929058 -0.095738 0.357330
-3.72759390 -0.31729099 -8.79514027 91 107 65 0.000000 0.870492 -0.213517 0.443458
-3.75817204 -0.42107099 -8.78216743 107 113 86 0.000000 0.931917 -0.126894 0.339747
-3.74056602 -0.42385101 -8.81181908 94 107 70 0.000000 0.849263 -0.229407 0.475526
-3.72388697 -0.29041901 -8.79514027 87 97 66 0.000000 0.887294 -0.260969 0.380269
-3.75075889 -0.26447400 -8.73398399 102 99 73 0.000000 0.943254 -0.008769 0.331955
-3.72481394 -0.41087899 -8.83498478 83 98 56 0.000000 0.923319 -0.175669 0.341501
-3.81562209 -0.52763200 -8.72749805 82 96 61 0.000000 0.607254 -0.340258 0.717960
-3.74427295 -0.32841000 -8.76826859 88 104 62 0.000000 0.870319 -0.229189 0.435909
-3.78689694 -0.35528201 -8.68580055 96 110 71 0.000000 0.833928 -0.277976 0.476752
-3.73871303 -0.54153103 -8.87946129 94 104 68 0.000000 0.829845 -0.348000 0.436180
-3.74334598 -0.39605299 -8.79792023 92 106 67 0.000000 0.820723 -0.172547 0.544648
-3.73222709 -0.37844700 -8.80903912 89 106 64 0.000000 0.862019 -0.023078 0.506351
-3.77577710 -0.58786100 -8.80255318 88 99 64 0.000000 0.884794 0.014680 0.465751
-3.74797893 -0.30246499 -8.75436974 91 105 64 0.000000 0.916649 -0.103071 0.386174
-3.74241900 -0.37196100 -8.78772736 89 105 63 0.000000 0.848683 -0.120411 0.515013
-3.74241900 -0.55357701 -8.88409519 92 103 66 0.000000 0.854193 -0.228289 0.467160
-3.81469488 -0.38308001 -8.65614891 76 69 58 0.000000 0.722095 -0.237552 0.649729
-3.75817204 -0.36640099 -8.76456165 102 111 85 0.000000 0.664094 -0.395807 0.634284
-3.70628190 -0.42941099 -8.90170002 86 99 66 0.000000 0.948398 -0.008701 0.316961
-3.77670407 -0.44145700 -8.74880981 96 110 70 0.000000 0.826957 -0.149951 0.541902
-3.76743793 -0.46276900 -8.77197456 89 102 59 0.000000 0.873935 -0.245183 0.419669
-3.79894304 -0.38122699 -8.67375374 87 104 65 0.000000 0.815945 -0.413561 0.403981
-3.78689694 -0.30431801 -8.66448784 116 106 86 0.000000 0.920747 -0.016835 0.389796
-3.78504300 -0.46554899 -8.74695683 92 107 69 0.000000 0.777618 -0.221955 0.588258
-3.74890590 -0.58415502 -8.87019539 100 109 76 0.000000 0.932698 -0.118115 0.340768
-3.73593307 -0.47203499 -8.84425068 91 104 63 0.000000 0.892886 -0.293654 0.341354
-3.79338288 -0.43311700 -8.72193813 94 109 70 0.000000 0.902537 -0.253884 0.347807
-3.73037291 -0.30524501 -8.78587437 91 106 65 0.000000 0.823703 -0.118508 0.554500
-3.74519897 -0.46184200 -8.82479191 96 106 67 0.000000 0.807816 -0.388711 0.443099
-3.83693409 -0.50168598 -8.70340538 62 58 51 0.000000 0.970564 -0.040186 0.237466
-3.79431009 -0.52855802 -8.75436974 85 99 63 0.000000 0.747122 -0.292769 0.596737
-3.77577710 -0.48408100 -8.76363564 86 101 63 0.000000 0.834271 -0.231147 0.500563
-3.72018099 -0.52392501 -8.90725994 83 94 61 0.000000 0.915519 -0.237891 0.324396
-3.70628190 -0.41180500 -8.89428711 92 105 68 0.000000 0.968387 -0.032889 0.247274
-3.79801607 -0.70183402 -8.91559982 67 51 54 0.000000 0.513672 -0.822183 0.245267
-3.71832800 -0.44423699 -8.87760830 86 96 63 0.000000 0.813690 -0.087850 0.574623
-3.79338288 -0.54894400 -8.76363564 89 104 68 0.000000 0.745462 -0.206126 0.633875
-3.76465797 -0.57118201 -8.82293892 90 103 64 0.000000 0.894822 -0.125812 0.428327
-3.73408008 -0.29505199 -8.77938747 89 106 64 0.000000 0.839965 0.054689 0.539877
-3.76465797 -0.36269501 -8.75344276 117 122 102 0.000000 0.867916 -0.243016 0.433203
-3.73778605 -0.58878797 -8.92486572 98 102 81 0.000000 0.903544 -0.355853 0.238700
-3.76836395 -0.35713500 -8.73676395 97 109 72 0.000000 0.983039 0.001139 0.183394
-3.70813489 -0.40068600 -8.87575531 88 101 63 0.000000 0.989399 -0.023691 0.143277
-3.81006193 -0.48871401 -8.72749805 88 104 65 0.000000 0.745368 -0.182133 0.641292
-3.74983191 -0.28393301 -8.74695683 107 119 79 0.000000 0.880853 -0.214662 0.421921
-3.73037291 -0.36269501 -8.80811310 89 103 65 0.000000 0.886133 -0.198388 0.418819
-3.75261211 -0.61102599 -8.89614105 97 107 76 0.000000 0.939409 -0.322121 0.117258
-3.78133702 -0.59527397 -8.79421329 89 89 67 0.000000 0.888110 0.341118 0.308058
-3.78133702 -0.56469601 -8.78680038 89 102 66 0.000000 0.808255 -0.325525 0.490670
-3.71091509 -0.48222801 -8.91374588 93 101 70 0.000000 0.949567 -0.174245 0.260692
-3.75446510 -0.52207202 -8.83498478 99 110 75 0.000000 0.943556 -0.230035 0.238299
-3.74241900 -0.31080499 -8.76734161 81 98 58 0.000000 0.811440 -0.023580 0.583960
-3.79801607 -0.46740201 -8.72935104 84 101 61 0.000000 0.698448 -0.276502 0.660089
-3.74797893 -0.50446600 -8.84054375 96 106 71 0.000000 0.868069 -0.300544 0.395132
-3.74056602 -0.35250199 -8.78494740 82 99 56 0.000000 0.949081 -0.063272 0.308613
-3.76929092 -0.61102599 -8.84054375 90 100 67 0.000000 0.893466 -0.196766 0.403736
-3.77948403 -0.32470399 -8.69136047 106 115 81 0.000000 0.974620 0.070055 0.212622
-3.75446510 -0.46554899 -8.80903912 102 111 83 0.000000 0.896382 -0.283929 0.340417
-3.79894304 -0.58415502 -8.75529575 60 46 47 0.000000 0.664495 0.434670 0.607872
-3.82952094 -0.41736501 -8.68024063 78 89 57 0.000000 0.429082 -0.474764 0.768432
-3.71276808 -0.42107099 -8.87297535 92 104 65 0.000000 0.918881 -0.349713 0.182644
-3.70998812 -0.35898799 -8.85629654 93 107 74 0.000000 0.950930 -0.095485 0.294304
-3.75817204 -0.47574100 -8.80070019 91 101 66 0.000000 0.965202 -0.015783 0.261029
-3.79338288 -0.35713500 -8.67653370 96 110 71 0.000000 0.882608 -0.214369 0.418389
-3.80079603 -0.54616398 -8.75436974 88 102 65 0.000000 0.680829 -0.244846 0.690306
-3.73037291 -0.51743901 -8.88224125 100 110 74 0.000000 0.846726 -0.222663 0.483194
-3.70350194 -0.43589699 -8.91096687 86 100 67 0.000000 0.958392 0.001215 0.285453
-3.81098890 -0.42292500 -8.69506645 97 111 74 0.000000 0.592765 -0.452505 0.666235
-3.79152989 -0.33304301 -8.65522194 62 48 48 0.000000 0.863837 -0.500554 0.056850
-3.75539207 -0.48778701 -8.81459904 96 106 73 0.000000 0.894822 -0.125812 0.428327
-3.72666693 -0.37103400 -8.81737900 86 102 62 0.000000 0.846863 -0.102084 0.521921
-3.72944689 -0.48315400 -8.86370945 85 99 60 0.000000 0.932886 -0.254679 0.254679
-3.73037291 -0.45164901 -8.84332371 82 97 55 0.000000 0.926499 -0.096031 0.363837
-3.77485108 -0.59898001 -8.80625916 93 98 70 0.000000 0.938202 -0.157508 0.308169
-3.81376791 -0.41551200 -8.68672657 82 97 60 0.000000 0.484299 -0.500942 0.717295
-3.74797893 -0.42385101 -8.79884624 104 112 84 0.000000 0.825010 -0.143673 0.546550
-3.76929092 -0.65828401 -8.92857170 113 112 107 0.000000 0.855542 -0.513885 0.063010
-3.75817204 -0.34230900 -8.75344276 95 106 75 0.000000 0.695329 -0.276533 0.663360
-3.82766700 -0.52114499 -8.71545124 79 87 57 0.000000 0.734307 0.006941 0.678782
-3.77485108 -0.39327300 -8.73676395 94 108 63 0.000000 0.792146 -0.254674 0.554658
-3.73130012 -0.49334699 -8.86834240 87 98 60 0.000000 0.865711 -0.294678 0.404609
-3.71832800 -0.33211699 -8.81645203 93 106 71 0.000000 0.914593 -0.213931 0.343152
-3.77670407 -0.53133798 -8.78494740 90 103 65 0.000000 0.919118 -0.198073 0.340572
-3.73315310 -0.53041101 -8.88131523 89 102 65 0.000000 0.838714 -0.236795 0.490395
-3.77207088 -0.50261301 -8.78402042 91 102 62 0.000000 0.872476 -0.199973 0.445866
-3.77670407 -0.31173101 -8.69969940 105 108 77 0.000000 0.958071 0.023488 0.285567
-3.76187801 -0.40902501 -8.76456165 99 109 73 0.000000 0.986514 0.093784 0.134147
-3.73315310 -0.39697900 -8.81367207 90 106 64 0.000000 0.768336 -0.315996 0.556602
-3.78874993 -0.38308001 -8.69413853 97 111 73 0.000000 0.807816 -0.388711 0.443099
-3.72666693 -0.47018200 -8.86370945 84 98 56 0.000000 0.893394 -0.317684 0.317684
-3.71091509 -0.43775001 -8.88965416 86 101 64 0.000000 0.854568 -0.150979 0.496910
-3.73686004 -0.37937400 -8.79884624 80 96 56 0.000000 0.876970 -0.085592 0.472862
-3.70257497 -0.35713500 -8.88038826 99 109 80 0.000000 0.972086 -0.125145 0.198462
-3.78596997 -0.56376898 -8.77660847 92 104 68 0.000000 0.843962 -0.246602 0.476356
-3.78504300 -0.47666800 -8.74973583 88 102 66 0.000000 0.681738 -0.126800 0.720524
-3.79338288 -0.58508098 -8.77290154 80 81 60 0.000000 0.959718 0.221066 0.173411
-3.71276808 -0.46925500 -8.89892006 84 98 60 0.000000 0.957295 -0.196266 0.212287
-3.77577710 -0.66013700 -8.89058113 90 98 71 0.000000 0.965202 -0.261029 -0.015783
-3.72851992 -0.43960401 -8.84425068 83 98 58 0.000000 0.915510 -0.291628 0.277119
-3.81747508 -0.53875101 -8.73120403 85 97 65 0.000000 0.877161 -0.164924 0.450986
-3.74890590 -0.49427399 -8.83405781 98 107 71 0.000000 0.862884 -0.269366 0.427637
-3.70720792 -0.39975899 -8.88687420 92 106 70 0.000000 0.964634 -0.165776 0.204936
-3.77485108 -0.30524501 -8.71359825 113 115 92 0.000000 0.968952 -0.015648 0.246752
-3.70442796 -0.46276900 -8.93227863 97 101 79 0.000000 0.905810 -0.166897 0.389427
-3.77114391 -0.36732799 -8.73213100 89 102 58 0.000000 0.918606 -0.071283 0.388693
-3.79338288 -0.37844700 -8.68302059 95 109 69 0.000000 0.777537 -0.373412 0.505965
-3.75075889 -0.61102599 -8.91559982 91 99 73 0.000000 0.909021 -0.394799 0.133473
-3.76187801 -0.32470399 -8.74232292 99 108 78 0.000000 0.717503 -0.086217 0.691199
-3.78133702 -0.54338402 -8.78216743 91 104 70 0.000000 0.917646 -0.088366 0.387450
-3.75631905 -0.62585199 -8.90077400 106 112 91 0.000000 0.948930 -0.315485 0.001237
-3.71832800 -0.50817299 -8.90262699 93 104 69 0.000000 0.878784 -0.253871 0.404090
-3.71832800 -0.35713500 -8.82664490 91 107 71 0.000000 0.859796 -0.292729 0.418403
-3.78133702 -0.41458499 -8.73676395 88 104 62 0.000000 0.790637 -0.307028 0.529743
-3.75909805 -0.39234599 -8.77475452 114 119 97 0.000000 0.823939 -0.175594 0.538787
-3.72573996 -0.27096000 -8.79050732 45 40 30 0.000000 0.703063 -0.516025 0.489305
-3.70164800 -0.49890700 -8.94617653 83 71 73 0.000000 0.531208 0.387373 0.753498
-3.75817204 -0.44238299 -8.79143333 102 112 82 0.000000 0.886992 -0.172753 0.428253
-3.75168610 -0.60083401 -8.88409519 97 107 74 0.000000 0.903637 -0.371059 0.213904
-3.73408008 -0.33860299 -8.79143333 90 104 66 0.000000 0.840645 -0.190987 0.506793
-3.78133702 -0.43219101 -8.74139690 92 107 65 0.000000 0.730340 -0.032491 0.682310
-3.72388697 -0.33118999 -8.80533314 90 104 66 0.000000 0.828057 -0.165611 0.535626
-3.73222709 -0.51187903 -8.87297535 101 108 72 0.000000 0.870522 -0.254971 0.420928
-3.76651096 -0.40809900 -8.75344276 91 105 64 0.000000 0.863920 -0.166308 0.475377
-3.78411698 -0.33304301 -8.67468071 103 108 74 0.000000 0.902739 -0.167386 0.396289
-3.70720792 -0.31543800 -8.83591080 88 102 72 0.000000 0.838741 -0.481699 0.253931
-3.79616308 -0.36918101 -8.67282772 97 111 74 0.000000 0.931838 0.001264 0.362873
-3.76280499 -0.43219101 -8.76548862 91 107 63 0.000000 0.926838 -0.054209 0.371528
-3.74149299 -0.50446600 -8.85444355 89 100 62 0.000000 0.829342 -0.308848 0.465623
-3.71740103 -0.53782398 -8.92671871 96 106 80 0.000000 0.932783 0.095292 0.347613
-3.71184111 -0.34879601 -8.84610367 88 100 66 0.000000 0.970981 -0.094209 0.219821
-3.70535493 -0.33397001 -8.86463547 75 79 62 0.000000 0.908562 -0.071979 0.411501
-3.78411698 -0.30617201 -8.67746067 115 110 82 0.000000 0.956075 -0.023622 0.292169
-3.74890590 -0.56840199 -8.87019539 94 105 72 0.000000 0.964929 0.001199 0.262509
-3.70164800 -0.37381399 -8.89428711 95 107 78 0.000000 0.926507 -0.213592 0.309779
-3.75631905 -0.27003399 -8.72471809 107 106 75 0.000000 0.851663 0.023240 0.523574
-3.75539207 -0.59434700 -8.86370945 87 101 65 0.000000 0.870893 -0.388928 0.300466
-3.77299809 -0.66847599 -8.93876457 90 83 83 0.000000 0.604022 -0.620847 0.499706
-3.79801607 -0.56006300 -8.76178265 89 104 68 0.000000 0.568585 -0.291459 0.769261
-3.80264902 -0.42292500 -8.70247936 101 115 78 0.000000 0.640670 -0.456665 0.617251
-3.71462107 -0.51929200 -8.92115879 88 100 73 0.000000 0.952861 -0.276211 0.125550
-3.80728197 -0.72407299 -8.93598461 95 87 84 0.000000 0.774507 -0.568606 0.277175
-3.76373100 -0.64809102 -8.92671871 102 100 93 0.000000 0.890594 -0.416967 0.181606
-3.76373100 -0.42292500 -8.75992870 88 104 64 0.000000 0.862261 -0.198067 0.466127
-3.75724506 -0.60453999 -8.87112236 90 100 67 0.000000 0.901707 -0.293682 0.317295
-3.79708910 -0.52114499 -8.74695683 90 104 68 0.000000 0.624960 -0.261059 0.735713
-3.70442796 -0.44701600 -8.91003990 93 107 73 0.000000 0.965692 -0.157266 0.206655
-3.71462107 -0.46369499 -8.88965416 80 95 57 0.000000 0.951967 -0.181776 0.246407
-3.71925402 -0.39327300 -8.83961773 92 107 67 0.000000 0.870015 -0.048105 0.490672
-3.80635500 -0.50261301 -8.73027706 80 96 60 0.000000 0.675050 -0.032414 0.737059
-3.74427295 -0.38215399 -8.79050732 90 105 62 0.000000 0.851181 -0.278596 0.444831
-3.75446510 -0.56191599 -8.84981060 97 109 71 0.000000 0.969271 -0.166050 0.181497
-3.77855706 -0.66940302 -8.90262699 99 100 81 0.000000 0.899148 -0.419226 0.125627
-3.76280499 -0.58415502 -8.83869076 89 99 63 0.000000 0.977984 -0.086905 0.189722
-3.77114391 -0.31080499 -8.72564411 118 121 101 0.000000 0.884009 -0.127103 0.449859
-3.75817204 -0.63789803 -8.93413162 67 61 60 0.000000 0.642325 -0.612138 0.461200
-3.80357599 -0.47944799 -8.73213100 87 102 64 0.000000 0.742779 -0.086098 0.663978
-3.81654811 -0.39327300 -8.65985489 86 93 69 0.000000 0.817082 -0.531946 0.222283
-3.80264902 -0.71109998 -8.91837978 73 58 59 0.000000 0.149497 -0.699161 0.699161
-3.71462107 -0.31914401 -8.81830502 86 101 63 0.000000 0.931838 0.001264 0.362873
-3.81006193 -0.55450302 -8.74880981 82 95 62 0.000000 0.631732 -0.387616 0.671318
-3.74056602 -0.29412600 -8.77012157 98 113 72 0.000000 0.867230 -0.031313 0.496922
-3.79523611 -0.40346599 -8.69877243 93 107 71 0.000000 0.848851 -0.285005 0.445223
-3.79060292 -0.49056700 -8.74602985 83 98 63 0.000000 0.804594 -0.253673 0.536915
-3.69979501 -0.33767599 -8.88316822 55 51 46 0.000000 0.930727 0.316754 0.182796
-3.75075889 -0.36732799 -8.77290154 91 105 68 0.000000 0.812061 -0.301172 0.499851
-3.79431009 -0.34786901 -8.66541481 91 94 67 0.000000 0.759718 -0.299089 0.577386
-3.74241900 -0.44238299 -8.81737900 91 104 64 0.000000 0.895620 -0.199512 0.397568
-3.75353909 -0.45164901 -8.80070019 98 109 81 0.000000 0.850770 -0.206293 0.483358
-3.81747508 -0.49149400 -8.71915817 90 104 66 0.000000 0.746307 -0.199324 0.635056
-3.76280499 -0.54523700 -8.82015896 86 98 58 0.000000 0.930392 -0.156683 0.331392
-3.74890590 -0.54338402 -8.86370945 86 97 63 0.000000 0.838714 -0.236795 0.490395
-3.78133702 -0.29505199 -8.69321346 107 106 76 0.000000 0.946270 0.016337 0.322963
-3.72666693 -0.45350301 -8.85444355 86 98 60 0.000000 0.983993 -0.031367 0.175423
-3.80728197 -0.51836503 -8.73305702 93 107 72 0.000000 0.911549 -0.230423 0.340563
-3.71462107 -0.36362100 -8.84795666 89 102 67 0.000000 0.892782 -0.228729 0.388102
-3.71925402 -0.45628199 -8.87390232 94 107 72 0.000000 0.925055 0.134126 0.355365
-3.74983191 -0.47018200 -8.82015896 92 104 68 0.000000 0.857691 -0.214798 0.467149
-3.74705195 -0.59434700 -8.89336109 90 102 69 0.000000 0.934930 -0.324419 0.143730
-3.75909805 -0.43126401 -8.78494740 97 105 76 0.000000 0.950267 -0.143008 0.276660
