0.92341000 -0.02771500 -4.50080776 127 125 106 0.000000 0.459279 -0.888291 0.001316
0.90504497 -0.04734700 -4.42164803 173 141 123 0.000000 0.397398 -0.913605 0.086035
0.87464797 -0.05304600 -4.47231007 142 130 87 0.000000 0.064248 0.996387 -0.055536
0.95000798 -0.01441600 -4.41531610 159 120 113 0.000000 0.354570 -0.759330 -0.545617
0.94367498 -0.01441600 -4.45901203 173 137 112 0.000000 -0.679943 0.719141 0.143225
0.90251201 -0.04228100 -4.45647907 168 140 99 0.000000 -0.516253 0.855857 0.031496
0.96204001 0.00584800 -4.44381285 132 115 123 0.000000 0.419669 -0.873935 -0.245183
0.92594397 -0.03151500 -4.44254589 168 133 95 0.000000 -0.522563 0.841663 0.136130
0.89997900 -0.04101400 -4.49510813 166 121 103 0.000000 -0.468491 0.864565 -0.181780
0.91644400 -0.03088200 -4.47294378 156 114 87 0.000000 -0.547226 0.719164 -0.428192
0.88668001 -0.05114600 -4.44254589 164 120 98 0.000000 -0.704874 0.689650 -0.165942
0.94557500 -0.01884900 -4.47927618 143 136 116 0.000000 0.501117 -0.865072 0.023087
0.94874197 -0.03024800 -4.42861414 153 129 111 0.000000 -0.452142 -0.873356 -0.181151
0.89491302 -0.04228100 -4.47484398 158 123 92 0.000000 -0.413320 0.864769 0.285206
0.90631199 -0.03468100 -4.51030684 73 71 65 0.000000 0.403565 -0.908368 -0.109559
0.93164301 -0.02328200 -4.46724415 151 111 87 0.000000 -0.516036 0.834985 -0.191069
0.93924201 -0.02708200 -4.41531610 167 143 139 0.000000 0.571011 -0.817161 0.078711
0.91327798 -0.03468100 -4.49004221 156 115 93 0.000000 -0.427566 0.880283 0.205646
0.93480903 -0.02201600 -4.45077896 169 130 95 0.000000 -0.553416 0.822007 0.134296
0.90567899 -0.04228100 -4.43494701 180 135 109 0.000000 -0.055875 0.995895 0.071214
0.92404401 -0.02834800 -4.45711184 168 128 95 0.000000 -0.524911 0.832979 0.174970
0.87718099 -0.05621300 -4.46027803 163 138 102 0.000000 -0.428441 0.842860 0.325615
0.89428002 -0.04988000 -4.42734814 168 119 96 0.000000 -0.460525 0.883256 0.088186
0.88668001 -0.04988000 -4.47990894 170 131 100 0.000000 -0.577415 0.814592 -0.055059
0.94050902 -0.01758300 -4.40771580 173 135 110 0.000000 -0.103518 -0.396130 0.912341
0.91391098 -0.04038100 -4.42481518 172 132 115 0.000000 -0.766853 0.625788 0.142566
0.93227601 -0.02644900 -4.43494701 169 130 97 0.000000 -0.520855 0.799488 0.299214
0.90567899 -0.04164700 -4.44634581 170 134 106 0.000000 -0.291998 0.947994 0.126666
0.88224798 -0.05431300 -4.45077896 157 121 97 0.000000 -0.561875 0.782218 0.269133
0.89491302 -0.04671300 -4.45521212 162 132 95 0.000000 -0.482854 0.866254 0.128281
0.91897798 -0.03468100 -4.44697905 170 136 98 0.000000 -0.435297 0.877972 0.199204
0.90124601 -0.03848100 -4.47040987 158 126 89 0.000000 -0.444102 0.871866 0.206455
0.91707802 -0.03088200 -4.50460720 120 115 94 0.000000 0.521768 -0.847694 -0.095777
0.92467701 -0.02644900 -4.46471119 162 121 97 0.000000 -0.524911 0.832979 0.174970
0.93860900 -0.02011600 -4.46027803 162 124 94 0.000000 -0.554227 0.824795 -0.112009
0.89997900 -0.03721400 -4.50840712 151 136 123 0.000000 0.588363 -0.793010 -0.158000
0.95507401 -0.01441600 -4.41088200 56 42 39 0.000000 0.508570 -0.760402 -0.403912
0.90124601 -0.04164700 -4.44254589 178 136 107 0.000000 -0.596490 0.802272 -0.023637
0.94620800 -0.01948300 -4.47357702 157 138 112 0.000000 0.612056 -0.612056 -0.500773
0.90251201 -0.04291400 -4.45077896 177 142 105 0.000000 -0.499612 0.861936 0.086335
0.93544298 -0.01821600 -4.40898323 143 110 91 0.000000 -0.457677 -0.070518 0.886318
0.88478100 -0.05431300 -4.44697905 163 124 101 0.000000 -0.466469 0.870059 0.159389
0.91264498 -0.03341500 -4.47294378 159 118 91 0.000000 -0.397201 0.904024 -0.158026
0.89807898 -0.04038100 -4.47547722 158 123 94 0.000000 -0.375080 0.881213 0.287712
0.91834402 -0.03531500 -4.44381285 173 138 102 0.000000 -0.435526 0.881316 0.183302
0.91454500 -0.03404800 -4.49194193 184 143 121 0.000000 -0.348805 0.875821 0.333574
